  163370.913  4.71272421E+11
  0.00042954901  0.00935972663  0.000611308321  0.0220233237  0.0024806593
  3.06763696E-07  0.124903296
  0.00122646172  0.0182666383  0.00144359616  0.0402132034  0.00515926473
  5.42891298E-07  0.188042291
  0.00253222834  0.0269746069  0.0027988191  0.060909364  0.00822075372
  6.70848073E-07  0.210584443
  0.00433128999  0.0357045842  0.00483372661  0.0801895083  0.0114058846
  8.19109581E-07  0.235007725
  0.00670022149  0.0444709014  0.00753630323  0.100588683  0.0149069321
  9.57385403E-07  0.255459424
  0.0099881654  0.0516819088  0.0110848204  0.12049278  0.0187400835
  1.09282433E-06  0.2727318
  0.0142233175  0.0589928861  0.0156062878  0.140441466  0.0228497594
  1.22760219E-06  0.289557409
  0.0194832135  0.0665344459  0.0209167643  0.16150338  0.0271986394
  1.36556399E-06  0.304620788
  0.0259116227  0.0752656735  0.027090712  0.181133035  0.0317521148
  1.50936678E-06  0.31994731
  0.0335287313  0.0845772364  0.0342933441  0.201773268  0.0364373154
  1.66078497E-06  0.334174323
  0.0422196027  0.0937679622  0.0428360613  0.221736095  0.0409167412
  1.8199078E-06  0.347444268
  0.0523868227  0.102700912  0.0529087406  0.24122949  0.0448723811
  1.98240696E-06  0.360384613
  0.0641598247  0.111856194  0.0647275418  0.261586639  0.0490974569
  2.14899714E-06  0.372678783
  0.0776977177  0.121232011  0.0786871822  0.281551954  0.0535961527
  2.32277441E-06  0.384575057
  0.0932370575  0.130984042  0.0952433623  0.302497599  0.0590780269
  2.50994419E-06  0.395985549
  0.111579421  0.140979516  0.114360432  0.322930634  0.0650199545
  2.71568502E-06  0.40680005
  0.133597348  0.151164522  0.136671176  0.343768002  0.0712123107
  2.93495478E-06  0.417100838
  0.159568331  0.161604272  0.162851072  0.364238943  0.0775184308
  3.16945228E-06  0.427313027
  0.189998241  0.172840054  0.193881158  0.384450902  0.0840397397
  3.42153157E-06  0.437472433
  0.225102285  0.183568718  0.230296338  0.404209929  0.0908056755
  3.6926214E-06  0.446280504
  0.267111009  0.194684325  0.273005759  0.42368729  0.0976410132
  3.98569563E-06  0.455220808
  0.314654432  0.206265434  0.322579265  0.443392728  0.104802019
  4.30765695E-06  0.464164771
  0.369799499  0.217374034  0.380807748  0.463132403  0.112448408
  4.65988078E-06  0.473950191
  0.429954406  0.229621043  0.444263204  0.483165441  0.120493299
  5.04057733E-06  0.484331322
  0.497207039  0.241955036  0.510059465  0.503204276  0.128862743
  5.44913479E-06  0.494806708
  0.563062418  0.25483732  0.574933775  0.52392693  0.137612619  5.89033923E-06
  0.50552485
  0.627131611  0.268330917  0.63515047  0.544366951  0.145788555
  6.37546932E-06  0.516415195
  0.683624329  0.282002319  0.689618299  0.563195616  0.155201322
  6.90438405E-06  0.527031662
  0.733012605  0.295696934  0.73608327  0.582500101  0.164603459
  7.48982631E-06  0.537698388
  0.774645396  0.308891334  0.776890654  0.602894593  0.175166704
  8.14223544E-06  0.548597652
  0.810055984  0.322467911  0.811098493  0.623883147  0.186339551
  8.88329166E-06  0.559522941
  0.840041798  0.336706998  0.841052504  0.645338227  0.197728137
  9.71465646E-06  0.570830373
  0.865930562  0.35258604  0.866505946  0.666615874  0.209936543
  1.06661913E-05  0.582057549
  0.888158857  0.369190059  0.888185627  0.687651236  0.222889634
  1.17908179E-05  0.593430391
  0.90707939  0.387104161  0.906236136  0.706687895  0.236025859
  1.31079498E-05  0.604625217
  0.923165358  0.405627304  0.922002823  0.723607659  0.249782612
  1.46651103E-05  0.615820477
  0.936956915  0.424716162  0.935658247  0.740736553  0.26446154
  1.64931525E-05  0.627204863
  0.94898796  0.443767701  0.947444305  0.757460439  0.280831135
  1.86912899E-05  0.639015281
  0.959133915  0.463582555  0.957408108  0.77719101  0.298829009
  2.14160678E-05  0.651507134
  0.967634986  0.485029901  0.965889273  0.797623002  0.317705804
  2.47878603E-05  0.664536926
  0.974755924  0.507517441  0.9732176  0.818463517  0.338651417  2.91185246E-05
  0.677767764
  0.980893495  0.531340334  0.97943373  0.83930102  0.36262711  3.45998279E-05
  0.692337245
  0.986165198  0.558015024  0.98464115  0.859987608  0.387840003
  4.20964402E-05  0.707120724
  0.990610054  0.58727275  0.988919888  0.88063666  0.41755233  5.27548568E-05
  0.723346545
  0.994009199  0.618909737  0.992229563  0.901023623  0.451150559
  6.79644661E-05  0.740545684
  0.996379036  0.656173352  0.994777113  0.921068759  0.490160929
  8.88163188E-05  0.760345043
  0.998076651  0.697654359  0.996746865  0.940739232  0.535934369
  0.000139216706  0.783496475
  0.999095441  0.746046237  0.998146178  0.960811226  0.59359491
  0.000306471047  0.808799193
  0.999610229  0.840221328  0.999231375  0.979161888  0.719051242  0.0213017775
  0.861269841
  1.  1.  1.  1.  1.  1.  1.
