  22061.9418  5.5963249E+09
  0.000222096807  0.00796467299  0.00049014949  0.0220502608  0.00320368926
  3.67681024E-07  0.124512837
  0.000593114755  0.0157351116  0.0011251557  0.0430021988  0.00668833152
  6.42600588E-07  0.188863018
  0.00130439045  0.0228773465  0.00207913255  0.0633120508  0.0104686592
  8.01712133E-07  0.214434658
  0.00228581717  0.0304747878  0.00350809376  0.0805598976  0.0146396845
  9.6407016E-07  0.238266101
  0.00356340344  0.0377932159  0.00548986414  0.0976598368  0.0189761117
  1.12183729E-06  0.259113801
  0.00532754756  0.0448847118  0.00803728225  0.114037307  0.0235992376
  1.27507245E-06  0.275677151
  0.00762841261  0.051839952  0.0111336945  0.132201715  0.0283223701
  1.43285976E-06  0.292337994
  0.0106139351  0.0585450879  0.015102523  0.150468746  0.0331233136
  1.59431652E-06  0.3070964
  0.014183009  0.0655435179  0.0200212365  0.169259633  0.038110694
  1.76766789E-06  0.321222329
  0.0184285543  0.0728713258  0.0260345533  0.188903303  0.0433216352
  1.9470583E-06  0.334455357
  0.0234955615  0.0805158039  0.0332958715  0.208964454  0.048790839
  2.13016685E-06  0.3467278
  0.0297279534  0.0883392493  0.0419562392  0.229342702  0.0542115704
  2.32492022E-06  0.358725536
  0.0371118068  0.0961432105  0.0521473957  0.249415261  0.0594890606
  2.52728894E-06  0.370738037
  0.0459550015  0.103779439  0.0643170796  0.269597855  0.0643124725
  2.74406755E-06  0.38238465
  0.0566300536  0.111373522  0.0790095799  0.289574499  0.0694107943
  2.97256462E-06  0.39362843
  0.0695435304  0.119653929  0.0966915674  0.309017368  0.0747647378
  3.21608161E-06  0.404851441
  0.0853688472  0.128602302  0.117771265  0.32862048  0.0809400738
  3.4740492E-06  0.416161927
  0.104897012  0.13782911  0.143261071  0.348610679  0.0873478846
  3.75113926E-06  0.427096546
  0.129249514  0.147237401  0.173754088  0.368851689  0.0938270989
  4.04358018E-06  0.437325357
  0.159755655  0.156889707  0.211345049  0.389259139  0.100551144
  4.36125791E-06  0.448058132
  0.197941845  0.166930998  0.258006221  0.409783775  0.107792537
  4.70817691E-06  0.457002613
  0.248195927  0.177367474  0.314844478  0.430648473  0.115679624
  5.07321987E-06  0.465956572
  0.310998617  0.188145505  0.379305577  0.452185991  0.123893067
  5.46672215E-06  0.476154757
  0.385424261  0.199142395  0.449397509  0.472443705  0.132440769
  5.89597449E-06  0.486596955
  0.47125525  0.21022841  0.522961165  0.492191896  0.141230303  6.37706349E-06
  0.497621566
  0.560417888  0.221854753  0.59537731  0.513263503  0.150322599
  6.91678467E-06  0.508427164
  0.64476481  0.233925116  0.660725579  0.53337892  0.159671931  7.50343779E-06
  0.518600901
  0.717624737  0.245619402  0.718026515  0.552421121  0.169238043
  8.15167179E-06  0.528409779
  0.776007082  0.258042189  0.766707561  0.573489941  0.179301177  8.859161E-06
  0.538379963
  0.821018371  0.271168537  0.807859914  0.593538662  0.190023786
  9.63923991E-06  0.548959729
  0.855610406  0.284025694  0.841971058  0.614178392  0.201775618
  1.05108375E-05  0.5605195
  0.883006323  0.298512966  0.869996643  0.635470656  0.214391793
  1.15385233E-05  0.571883979
  0.905043625  0.313482274  0.892932101  0.656959039  0.228017772
  1.27515824E-05  0.582944052
  0.922965001  0.328795418  0.912097838  0.67750673  0.241777704
  1.41571165E-05  0.594033462
  0.937408064  0.345193992  0.92811325  0.69720891  0.255404138  1.577164E-05
  0.605535552
  0.949010776  0.362151666  0.941411508  0.716506741  0.270391239
  1.76805995E-05  0.617084608
  0.958675952  0.379848759  0.952471763  0.735975073  0.285501175
  1.98696147E-05  0.629398135
  0.966845626  0.398776476  0.961867438  0.755510003  0.300779462  2.258601E-05
  0.64135581
  0.973737277  0.418903586  0.970033292  0.774833309  0.318434755
  2.59754445E-05  0.653922376
  0.979549581  0.440075283  0.97627806  0.794692512  0.33726019  3.03013691E-05
  0.667404748
  0.984296128  0.463816555  0.982038599  0.814991751  0.359725307
  3.57657448E-05  0.681248404
  0.988142249  0.486566411  0.9863637  0.835809657  0.383710777  4.26750866E-05
  0.696189663
  0.991242754  0.512534504  0.99010338  0.856402425  0.41002592  5.15968842E-05
  0.71147115
  0.993793655  0.540403921  0.992828207  0.876853211  0.438860265
  6.38929065E-05  0.727056554
  0.995815987  0.574497322  0.995029023  0.897069247  0.472362458
  8.19461146E-05  0.743916357
  0.997429721  0.611628498  0.996757129  0.917715493  0.510844299
  0.000109635173  0.762882425
  0.998591506  0.655869233  0.998145233  0.93880335  0.553152936
  0.000152661124  0.782951875
  0.999329404  0.707456962  0.999098583  0.959354433  0.614156486  0.0003321567
  0.809843892
  0.999722419  0.806267247  0.999622298  0.979699769  0.73512842  0.0861414675
  0.868596717
  1.  1.  1.  1.  1.  1.  1.
