  5268.16991  1.48861053E+09
  0.00101108597  0.00850838107  0.00181388607  0.0218611701  0.00187910878
  2.17233107E-07  0.124244346
  0.00283649234  0.0174583884  0.00427232818  0.0418618752  0.00403305563
  3.63252089E-07  0.182809275
  0.0061377783  0.0266800651  0.0076042452  0.0620656161  0.00652017008
  4.61228498E-07  0.212131186
  0.0106342386  0.0362297253  0.0132895759  0.0826829618  0.0093428002
  5.45644833E-07  0.234850356
  0.0167433244  0.046745186  0.0199096068  0.103429961  0.0124400458
  6.32249694E-07  0.255458886
  0.024969013  0.0569958774  0.0277241735  0.124250344  0.0156908239
  7.1459755E-07  0.273356593
  0.0354175303  0.066530227  0.0369952404  0.144701768  0.0192050473
  7.96605348E-07  0.289275271
  0.0477167575  0.0767519018  0.047706944  0.163669013  0.022866061
  8.78910306E-07  0.304306042
  0.0619069641  0.0874763076  0.0602048186  0.182309204  0.0267412519
  9.62266569E-07  0.318684788
  0.078091676  0.0985727484  0.0742977287  0.201669211  0.0308429769
  1.04736878E-06  0.332485165
  0.0963745398  0.110049943  0.0899649344  0.221817909  0.0352139487
  1.13467483E-06  0.345787202
  0.116065814  0.12142335  0.107803451  0.242770266  0.0398983579  1.225E-06
  0.358271577
  0.137789025  0.13297212  0.127498111  0.263558048  0.0447827568
  1.31842092E-06  0.370268437
  0.160976075  0.144612805  0.149313665  0.283531988  0.0498700097
  1.41577302E-06  0.382265141
  0.1857744  0.156646452  0.173081162  0.302967495  0.0552152842
  1.51790401E-06  0.394039684
  0.21286834  0.168416224  0.198564413  0.323096928  0.0607142957
  1.6260349E-06  0.405383076
  0.240949462  0.179586066  0.225686541  0.344520611  0.0668765771
  1.7406654E-06  0.416382178
  0.270559814  0.191187742  0.254545207  0.366302724  0.0724265347
  1.8619718E-06  0.426938876
  0.30130143  0.20283536  0.285186332  0.38698043  0.0787771864  1.99016793E-06
  0.437638931
  0.33327555  0.21534919  0.317523763  0.406466748  0.0851165374
  2.12671825E-06  0.448939476
  0.366250072  0.228263039  0.351477666  0.426715577  0.0921808309
  2.27191072E-06  0.459855217
  0.399884486  0.241376839  0.386673972  0.446145365  0.0994635854
  2.42631257E-06  0.470360736
  0.433953639  0.255045212  0.422555176  0.46727037  0.106841419  2.5909024E-06
  0.481014822
  0.46844154  0.269277089  0.458979612  0.487844688  0.114163684
  2.76662657E-06  0.491667292
  0.502997209  0.28375664  0.495540636  0.508072032  0.122104331
  2.95711297E-06  0.50249353
  0.537480632  0.29855482  0.531568877  0.52833739  0.131057925  3.16660176E-06
  0.513165546
  0.5713657  0.313562357  0.566942382  0.548572668  0.140519545  3.39683306E-06
  0.524430419
  0.604362118  0.32858099  0.601929755  0.568942771  0.150516975
  3.64890632E-06  0.535579908
  0.636770153  0.343948802  0.636742474  0.589342619  0.160871916
  3.92449907E-06  0.543826401
  0.668734799  0.359687577  0.67091443  0.609369091  0.171799579
  4.22825063E-06  0.553041244
  0.70026919  0.375811272  0.703742305  0.629598676  0.18333584  4.56971451E-06
  0.561446953
  0.730828084  0.393001181  0.735096158  0.648986526  0.195721096
  4.95114141E-06  0.569400092
  0.759937371  0.410503872  0.765227046  0.669275644  0.208971796
  5.37455925E-06  0.578267303
  0.787646721  0.428616967  0.793625915  0.69020923  0.222969339
  5.87206492E-06  0.590146305
  0.813926332  0.447145462  0.820446479  0.710855428  0.237854588
  6.43811657E-06  0.602392103
  0.838800301  0.465893161  0.844846386  0.731425295  0.253720662
  7.10682063E-06  0.614262147
  0.862095969  0.48559268  0.867020575  0.752338978  0.270650174
  7.88807895E-06  0.626332471
  0.883485016  0.506990005  0.887402288  0.773414295  0.289185231
  8.80706693E-06  0.638761357
  0.903242955  0.531025456  0.906386236  0.793942969  0.309731849
  9.90643557E-06  0.651402493
  0.921052468  0.545123265  0.922039593  0.813928711  0.332186294
  1.12885293E-05  0.664922785
  0.937020239  0.564764212  0.936424433  0.835517933  0.356504013
  1.31130773E-05  0.679240451
  0.950922064  0.585666414  0.949027379  0.855330379  0.382748986
  1.55584743E-05  0.694588302
  0.963111031  0.603002351  0.959267074  0.870937533  0.41048997
  1.88692237E-05  0.709877669
  0.973630138  0.626173334  0.969569062  0.887950722  0.444023296
  2.40881608E-05  0.725742067
  0.982383447  0.656952463  0.977837178  0.904663169  0.486650554
  3.34595612E-05  0.742838737
  0.989301512  0.691216478  0.984786653  0.919230939  0.527188866
  4.72495594E-05  0.76321401
  0.994700113  0.730995482  0.990339506  0.937251806  0.577107337
  5.46896078E-05  0.78694937
  0.997874894  0.773554538  0.994905384  0.959429692  0.636939244
  0.00016828263  0.816215525
  0.999157926  0.851607168  0.997559961  0.980102863  0.710384794
  0.000541853766  0.872306528
  1.  1.  1.  1.  1.  1.  1.
