  3390.28668  4.74968096E+09
  0.000228267362  0.0139857082  0.000303118819  0.0221312979  0.00162065702
  1.96573869E-07  0.143596144
  0.000543172713  0.0268907534  0.000636234926  0.045214231  0.00347299332
  3.50312728E-07  0.192375507
  0.00104567803  0.0381558596  0.00110148089  0.066075132  0.00598974747
  4.33461373E-07  0.217081246
  0.00177039459  0.0496993782  0.00167861417  0.0884384895  0.00856041699
  5.37110864E-07  0.239429976
  0.00285980077  0.0605810867  0.00236661633  0.11016622  0.0114099796
  6.3173407E-07  0.259327783
  0.00449490204  0.0709482209  0.00369893833  0.130774856  0.0144214187
  7.28847266E-07  0.276855174
  0.00690080686  0.0812808583  0.0058195147  0.15059052  0.0177727965
  8.28839828E-07  0.291354432
  0.0103584602  0.0921036335  0.00890402991  0.170139002  0.0213604009
  9.32937353E-07  0.304776173
  0.0152612926  0.10479588  0.0133497408  0.190604929  0.0251776681
  1.04456629E-06  0.317759401
  0.0220963764  0.116636076  0.0196272147  0.210594106  0.0292223573
  1.16229372E-06  0.331403646
  0.031096397  0.126871799  0.0282524283  0.227171247  0.0335131172
  1.28610564E-06  0.345274923
  0.0427330216  0.137486236  0.0396258969  0.239669776  0.0379107917
  1.41839059E-06  0.357423039
  0.0574581349  0.148184749  0.0537934251  0.25109849  0.042560284
  1.56186257E-06  0.368651671
  0.0755717533  0.160170124  0.070726422  0.262650119  0.0474618067
  1.71799524E-06  0.377874656
  0.0974811152  0.172954024  0.0904017123  0.274414273  0.0526661386
  1.88623367E-06  0.385456191
  0.123701653  0.185514228  0.11320122  0.290378867  0.05801279  2.06823193E-06
  0.393329962
  0.154902146  0.195200609  0.139395268  0.308735795  0.0633732158
  2.26547018E-06  0.40079108
  0.191256356  0.203935725  0.16813852  0.328844996  0.0690784429
  2.47792822E-06  0.408848301
  0.233139567  0.212756721  0.199672192  0.349020925  0.0750709458
  2.7099053E-06  0.420363103
  0.279086796  0.221956794  0.234358388  0.369979661  0.0815904916
  2.96497458E-06  0.431821203
  0.328094431  0.233007913  0.27245506  0.390703873  0.0880485489
  3.2467442E-06  0.443201139
  0.380665027  0.247332852  0.313295542  0.412281416  0.094515169
  3.5555161E-06  0.454132702
  0.437568241  0.26155833  0.356661771  0.434260402  0.100690072
  3.89459005E-06  0.465011386
  0.496468429  0.275909475  0.401790377  0.457348183  0.107316807
  4.26894824E-06  0.475996613
  0.553391148  0.290801809  0.447815757  0.480923943  0.114495105
  4.68141606E-06  0.487007066
  0.609133134  0.306150302  0.4941618  0.504490005  0.122522695  5.14324974E-06
  0.497906468
  0.662535849  0.321891586  0.541466707  0.527201901  0.130903515
  5.66087842E-06  0.508818101
  0.712881728  0.337567191  0.590326874  0.549503204  0.13935827
  6.25132467E-06  0.519926009
  0.758729291  0.35324867  0.637201631  0.57212265  0.147726143  6.91566686E-06
  0.531068177
  0.799940273  0.369185027  0.68078019  0.594996319  0.156459014
  7.67787507E-06  0.542269425
  0.836541013  0.38570813  0.721607703  0.617249367  0.163972297
  8.54495595E-06  0.553213417
  0.868287062  0.402767709  0.760210438  0.638159944  0.17102258
  9.55233231E-06  0.564202963
  0.89572781  0.420492206  0.796288704  0.658499584  0.178277339
  1.07101352E-05  0.574809393
  0.918805115  0.438691576  0.828710411  0.678806629  0.186111294
  1.20400938E-05  0.58557945
  0.937754011  0.457323856  0.858183506  0.698556005  0.195773846
  1.3575554E-05  0.597134851
  0.953107704  0.476060605  0.884632649  0.718125863  0.209294437
  1.5393715E-05  0.609011455
  0.96538789  0.495850528  0.907931524  0.737503093  0.223780295  1.7557411E-05
  0.621364808
  0.975019133  0.516741341  0.928184482  0.756848559  0.239352226
  2.02410025E-05  0.633776109
  0.982371825  0.538515301  0.945594138  0.775764797  0.256158812
  2.36654228E-05  0.646671539
  0.987776562  0.560851885  0.960080497  0.794625169  0.273707355
  2.81729032E-05  0.660401095
  0.991693546  0.58455788  0.971458208  0.814075805  0.292479722  3.3816915E-05
  0.674390004
  0.994460503  0.608682878  0.980128499  0.834064446  0.313880512
  4.12314752E-05  0.689312767
  0.996397343  0.633536983  0.986513263  0.854611733  0.338672947
  5.11854588E-05  0.70418425
  0.99772622  0.659561961  0.991074285  0.875334274  0.36751189  6.64021712E-05
  0.721118067
  0.998621842  0.690117733  0.994234629  0.893360335  0.399647488
  8.36812277E-05  0.738295745
  0.999176536  0.722200924  0.996334609  0.91188625  0.439008154
  0.000100963302  0.758363735
  0.999489668  0.764707831  0.997809988  0.93117164  0.486462076
  0.000406101516  0.781533648
  0.999718046  0.799024639  0.998805445  0.954328699  0.546664915
  0.00260969416  0.807949249
  0.999860245  0.886721872  0.99949203  0.977144695  0.677458909  0.0280639039
  0.863203019
  1.  1.  1.  1.  1.  1.  1.
