  62515.3575  1.01043654E+11
  0.000108291278  0.00738912333  0.000613063846  0.0205063785  0.00294189813
  3.0254539E-07  0.127292223
  0.000241620255  0.0124874213  0.00152038668  0.0404894389  0.00621926762
  5.18858377E-07  0.190768589
  0.000419325677  0.017261122  0.00286894921  0.0613224884  0.00998961778
  6.53060325E-07  0.215763591
  0.000723806812  0.0216998207  0.00486756704  0.0815806739  0.0139234182
  7.99364165E-07  0.239193972
  0.00130948896  0.0264415921  0.00754685931  0.102353972  0.0180236329
  9.3954699E-07  0.258868863
  0.00241522287  0.0322285108  0.011074668  0.122410533  0.0223074529
  1.08261858E-06  0.276855779
  0.00404890828  0.0397598687  0.015607683  0.142985977  0.0269047376
  1.22744956E-06  0.293643157
  0.00632182545  0.0476035448  0.02142137  0.164270094  0.0318246649
  1.37703892E-06  0.308728304
  0.00931295682  0.0555694635  0.029146141  0.186537388  0.0367919926
  1.53336614E-06  0.322928793
  0.0132992759  0.0638302649  0.0387798863  0.206627289  0.0422144292
  1.6975242E-06  0.336683202
  0.0185672575  0.0722318924  0.0506634681  0.227446383  0.047648915
  1.86641281E-06  0.350422781
  0.0256184962  0.0806831666  0.0651502229  0.248384563  0.0530579909
  2.03937076E-06  0.363804189
  0.0350781924  0.0892957924  0.082623492  0.269938529  0.0567733083
  2.22042608E-06  0.376366215
  0.0471537659  0.0977130424  0.103385394  0.291140298  0.0606258579
  2.41289077E-06  0.388448847
  0.0623427495  0.106275233  0.1274333  0.311980534  0.0645790252
  2.61788239E-06  0.399846895
  0.0809297094  0.115262759  0.155081595  0.33264459  0.0686837429
  2.83893074E-06  0.410940996
  0.10343058  0.124517026  0.186063059  0.3532117  0.0741220412  3.0802451E-06
  0.422326418
  0.130174084  0.134314544  0.220545937  0.373745349  0.0806959509
  3.34551159E-06  0.43371548
  0.161612838  0.144759627  0.258784275  0.394439051  0.0876974233
  3.6273625E-06  0.445360379
  0.198113776  0.154706943  0.300984153  0.415458549  0.0951670049
  3.92651127E-06  0.456654533
  0.239652464  0.164971648  0.346484449  0.43637395  0.102830775
  4.24408877E-06  0.467769355
  0.285521622  0.174369435  0.394162097  0.457086326  0.110666176
  4.59004522E-06  0.478882895
  0.334082104  0.184518516  0.442847592  0.477471169  0.118958063
  4.96488752E-06  0.489555624
  0.385216199  0.195019441  0.492851347  0.49816075  0.127262645
  5.38442412E-06  0.500241434
  0.437826624  0.206514637  0.543268922  0.519475202  0.136133527
  5.84212473E-06  0.511159063
  0.492142222  0.218018684  0.593078444  0.540679854  0.145179635
  6.34893245E-06  0.521417642
  0.546860594  0.230065589  0.640301149  0.560537696  0.154808153
  6.90573313E-06  0.532269571
  0.601995498  0.242211952  0.685427449  0.580156518  0.164893549
  7.52963143E-06  0.542939832
  0.655653648  0.255389422  0.728615527  0.59870542  0.175386521
  8.23579136E-06  0.554322911
  0.705928335  0.26909093  0.768535007  0.617566414  0.186536591
  9.03026325E-06  0.565435352
  0.75122309  0.282617748  0.804463662  0.637381736  0.197656211
  9.92627568E-06  0.576644702
  0.792320007  0.298008056  0.836227101  0.65742637  0.209177493
  1.09399506E-05  0.588214113
  0.829040009  0.311954454  0.864751723  0.679172244  0.220993296
  1.21017607E-05  0.599819323
  0.861535271  0.327043698  0.889661081  0.701021315  0.234702961
  1.34488751E-05  0.610992353
  0.889653879  0.342917953  0.910957158  0.72285588  0.249005105
  1.50088246E-05  0.622525007
  0.913536608  0.360445429  0.929123762  0.744373517  0.264648872
  1.68511501E-05  0.634193058
  0.933326086  0.379225534  0.94425741  0.765902745  0.280913011
  1.90017268E-05  0.646190882
  0.949266341  0.398554  0.957011845  0.787070703  0.296661381  2.1579768E-05
  0.658416531
  0.962108394  0.418840529  0.967348573  0.807224837  0.314047978
  2.47734413E-05  0.671049538
  0.972214119  0.440491631  0.975544001  0.827077617  0.333676118
  2.89248282E-05  0.685286289
  0.980097548  0.4639922  0.982070029  0.84733819  0.356095738  3.44821402E-05
  0.700404418
  0.986107827  0.488895176  0.987298359  0.863923433  0.380125662
  4.1856031E-05  0.716473029
  0.990513411  0.515512217  0.991250507  0.877660237  0.405748453
  5.20058408E-05  0.730119468
  0.993693796  0.544678172  0.994332204  0.891428019  0.435492558
  6.81309788E-05  0.741891422
  0.995940045  0.576861221  0.996336519  0.904950567  0.470124343
  9.35198463E-05  0.754494187
  0.997499967  0.615692466  0.998097463  0.918303093  0.509829358
  0.000143734055  0.768676248
  0.998592448  0.658730733  0.999050412  0.938493212  0.557485884
  0.000224289168  0.784571146
  0.99931444  0.718465183  0.999447231  0.959761369  0.613828031  0.0157421488
  0.809369765
  0.999731618  0.782245571  0.999752316  0.979024344  0.729488667  0.368609618
  0.867853005
  1.  1.  1.  1.  1.  1.  1.
