  1273.85743  302404099.
  0.00161965271  0.0119197841  0.00136578409  0.0215577007  0.00136794879
  2.34738692E-07  0.12793969
  0.00424174312  0.0218273471  0.00330962549  0.0416243803  0.00337217561
  3.93654541E-07  0.186608418
  0.00941946404  0.0328045605  0.00605779573  0.0617326197  0.00547358059
  4.96902037E-07  0.212684931
  0.0176386166  0.0435446747  0.00971985715  0.0809374535  0.00790861058
  5.9521855E-07  0.234788809
  0.0274568545  0.054618372  0.0145198707  0.100271332  0.0106456982
  6.91978096E-07  0.254621432
  0.0390332017  0.0659908582  0.0203432658  0.120101077  0.0135164451
  7.86443031E-07  0.27240622
  0.0533890598  0.0773327735  0.0272830817  0.141501505  0.0164752754
  8.8081716E-07  0.288798003
  0.068912401  0.0887450118  0.0354909575  0.161300938  0.0199526347
  9.76648109E-07  0.303796771
  0.0859995417  0.100526292  0.0451664759  0.181345653  0.0234837339
  1.07480674E-06  0.3179071
  0.104535496  0.112465246  0.0563953703  0.201362064  0.0272373063
  1.17612523E-06  0.331380916
  0.124776966  0.124362402  0.0695418769  0.221456008  0.0310577794
  1.28048761E-06  0.344548193
  0.146088913  0.136179728  0.0845020723  0.242504621  0.0350340994
  1.3884788E-06  0.357113676
  0.168553378  0.148287575  0.101839199  0.263518962  0.0389896539
  1.5010921E-06  0.369267361
  0.191674406  0.160235118  0.121413388  0.282688513  0.0433618356
  1.61853298E-06  0.381010694
  0.215891329  0.171815872  0.143575542  0.302213885  0.0480870084
  1.74135873E-06  0.392323372
  0.241389023  0.183443207  0.168641778  0.32132483  0.0529627346
  1.86976383E-06  0.403334238
  0.268116563  0.19523018  0.196731034  0.340592392  0.0581095423
  2.00459704E-06  0.414403679
  0.29539218  0.2080127  0.227632816  0.360871998  0.0637487213  2.14739641E-06
  0.425430055
  0.323641317  0.220760803  0.261282047  0.380347505  0.0695319199
  2.2985846E-06  0.436914549
  0.351590235  0.233643998  0.297204917  0.400004571  0.0755633724
  2.45927191E-06  0.447933154
  0.379566139  0.247214204  0.335263501  0.420356662  0.0817167378
  2.63079332E-06  0.459027972
  0.407908315  0.260303083  0.375663813  0.440677337  0.0882770768
  2.81323716E-06  0.470018437
  0.436417447  0.273476027  0.417833956  0.460844954  0.0952119177
  3.01083005E-06  0.481037586
  0.46584177  0.286789006  0.460489029  0.480779738  0.102593115
  3.22192473E-06  0.491932806
  0.495623056  0.301075071  0.502928023  0.500381918  0.110232088
  3.44971359E-06  0.502331388
  0.525612843  0.315380773  0.545584714  0.519868245  0.118371889
  3.69415194E-06  0.512501969
  0.555354338  0.329578273  0.588363731  0.539107466  0.127022637
  3.95854807E-06  0.523193307
  0.584849869  0.343893981  0.630788088  0.558688118  0.136005402
  4.24920476E-06  0.533467601
  0.614073234  0.358948465  0.671379656  0.578707924  0.145435612
  4.56743489E-06  0.543418604
  0.642883588  0.374031989  0.709924751  0.599327592  0.155257183
  4.91894659E-06  0.553478519
  0.671237123  0.38991228  0.74620031  0.61956847  0.16547475  5.30815382E-06
  0.563993429
  0.699018328  0.405303593  0.779620551  0.640602057  0.176386884
  5.74311103E-06  0.575343178
  0.7264037  0.421200298  0.810250945  0.660748593  0.188016033  6.22815078E-06
  0.586884384
  0.752920742  0.437798081  0.837609834  0.681205678  0.200824208
  6.77023961E-06  0.598203831
  0.778505129  0.454891642  0.862176155  0.701500366  0.214229517
  7.3901867E-06  0.609783283
  0.803037459  0.472788716  0.884031316  0.72084602  0.228379739
  8.11848335E-06  0.621495199
  0.826562797  0.491558692  0.903482407  0.741829195  0.243688203
  8.97904636E-06  0.633344395
  0.848896834  0.511308328  0.920490173  0.761661745  0.26013626
  9.99386186E-06  0.645479908
  0.870183689  0.532134615  0.935175261  0.781374258  0.276307541
  1.1214253E-05  0.657803842
  0.890225938  0.553849592  0.947812682  0.801165769  0.294851522
  1.27011304E-05  0.670165106
  0.90892331  0.576309736  0.958661203  0.821414835  0.313308742
  1.45864213E-05  0.682792893
  0.926164252  0.599644234  0.968054432  0.841951015  0.337683127
  1.70342559E-05  0.697467315
  0.942020182  0.624401365  0.97565096  0.862113622  0.362734833
  2.02909206E-05  0.712322767
  0.956099017  0.651035316  0.982297705  0.882496861  0.391888013
  2.47819304E-05  0.729473499
  0.968758074  0.680145873  0.987405485  0.9022399  0.425536073  3.16728455E-05
  0.747979442
  0.979328951  0.712390376  0.99132784  0.921260579  0.464203201
  4.36425618E-05  0.767955994
  0.9879498  0.748254328  0.994791088  0.940401078  0.516454317  6.35595151E-05
  0.790627174
  0.994623991  0.79182771  0.997164422  0.959637309  0.577264276
  0.000103268296  0.821047941
  0.99783509  0.865691736  0.998777167  0.980213218  0.726537563
  0.000437468366  0.880876609
  1.  1.  1.  1.  1.  1.  1.
