  8802.84731  1.54135546E+09
  0.000142190361  0.00965765302  0.000221031476  0.0220425987  0.00264843129
  3.35397045E-07  0.117404441
  0.000377779336  0.0181404737  0.000481249091  0.0437604884  0.00576349106
  5.61587449E-07  0.179448265
  0.000773194712  0.0266632552  0.000845022919  0.0662647147  0.00913895395
  7.0533289E-07  0.209990659
  0.00134473721  0.035094268  0.00162404773  0.0886456375  0.0118972244
  8.44892098E-07  0.232950885
  0.00245635489  0.043706346  0.00288423121  0.110426152  0.0150550544
  9.82300209E-07  0.255179798
  0.00402342182  0.0528063877  0.00469781699  0.131886323  0.0181187114
  1.11838749E-06  0.274228583
  0.00627336138  0.0618808478  0.00727185895  0.153551404  0.0221608897
  1.25766559E-06  0.291691872
  0.00948026512  0.0710853709  0.0108435061  0.175487213  0.0268054449
  1.40119361E-06  0.307371663
  0.0137117872  0.0800317992  0.0156582708  0.196949506  0.0316523499
  1.54793005E-06  0.319068352
  0.0191183927  0.0896832858  0.0219887466  0.217752597  0.0366974848
  1.69885386E-06  0.330725067
  0.0254778146  0.0985293769  0.030162047  0.238422305  0.0419585457
  1.85599589E-06  0.342235853
  0.0332327358  0.108232085  0.0406827077  0.259413629  0.047484
  2.02181385E-06  0.353465921
  0.0424245378  0.118286092  0.053864203  0.280171365  0.0532212792
  2.19872324E-06  0.36470954
  0.0553059214  0.127719086  0.0697672308  0.301420925  0.0590781467
  2.38708469E-06  0.375669058
  0.0717944655  0.137632117  0.0886403287  0.322823562  0.065141435
  2.58685016E-06  0.386575311
  0.091679627  0.14791354  0.110688939  0.343197614  0.0715530809
  2.79879384E-06  0.398670886
  0.11612941  0.159090087  0.136401924  0.362466103  0.0783573429
  3.02732718E-06  0.410090261
  0.14576676  0.16855177  0.166117716  0.381451566  0.0856316041
  3.27070261E-06  0.421203376
  0.181771778  0.178374055  0.199795317  0.398581807  0.0931132823
  3.53246294E-06  0.432424407
  0.224925957  0.188117813  0.237552856  0.419354944  0.100550253  3.811712E-06
  0.443633867
  0.275649885  0.199487349  0.278594553  0.438292973  0.108378849
  4.11655961E-06  0.45512023
  0.333337507  0.212372264  0.323978989  0.455064207  0.11638002
  4.45073324E-06  0.466535113
  0.397426332  0.22516471  0.373160833  0.473210824  0.124752882
  4.81720465E-06  0.477879484
  0.466533217  0.237817389  0.425600321  0.485582042  0.133697135
  5.22711586E-06  0.489102832
  0.536576006  0.250785432  0.479506036  0.496923937  0.143102119
  5.68506064E-06  0.500230548
  0.604904128  0.264239014  0.533549211  0.510120715  0.152886229
  6.19089899E-06  0.511157648
  0.668812681  0.278422347  0.587068506  0.525522468  0.163112498
  6.74731009E-06  0.522217136
  0.726930315  0.293479277  0.638140826  0.545165211  0.17401104
  7.35875319E-06  0.532969319
  0.777527031  0.309679478  0.686098207  0.567584405  0.185570529
  8.03795612E-06  0.54408377
  0.820428415  0.326031571  0.730149744  0.588984084  0.197774782
  8.80608921E-06  0.554981961
  0.856312479  0.340579209  0.770565055  0.609395078  0.210807223
  9.69092108E-06  0.563003966
  0.886130886  0.35384106  0.807303641  0.629539417  0.224574753
  1.07302062E-05  0.571193956
  0.91042508  0.367765338  0.840282356  0.649822213  0.238946608
  1.19509309E-05  0.579440417
  0.930010824  0.381649823  0.86936679  0.6707204  0.254569329  1.33674372E-05
  0.58762085
  0.945879452  0.400161319  0.894518946  0.691835148  0.27111704
  1.50459347E-05  0.597891475
  0.95874273  0.421226922  0.91596534  0.711931603  0.28552245  1.7047127E-05
  0.608829672
  0.968889703  0.442883386  0.934108148  0.731651552  0.299897067
  1.9449494E-05  0.620015156
  0.976828507  0.465256934  0.949363025  0.751723042  0.315239055
  2.24101634E-05  0.631925541
  0.983017639  0.489140678  0.961861391  0.772732038  0.334839537
  2.61790835E-05  0.645184034
  0.987838968  0.514112087  0.971780719  0.790754509  0.360934642
  3.12432241E-05  0.659213364
  0.991545597  0.540299274  0.979276732  0.808226308  0.386211318
  3.83272956E-05  0.673747354
  0.99429151  0.560062106  0.985112405  0.825778167  0.411139072
  4.83687776E-05  0.68900074
  0.996254786  0.580402097  0.989484988  0.843965081  0.43884388  6.3489712E-05
  0.704898992
  0.997637016  0.601986963  0.993229086  0.867100131  0.473649229
  8.57009497E-05  0.722091327
  0.998641501  0.625822365  0.995775648  0.888629787  0.520962005
  0.000118980999  0.739807945
  0.999189704  0.654551195  0.99748331  0.910692932  0.561691493
  0.000165633664  0.759202635
  0.999538897  0.698373471  0.998426734  0.932649513  0.612467709
  0.000204306601  0.782075061
  0.999741148  0.748224265  0.999100776  0.95499805  0.691914206  0.0132324532
  0.806470971
  0.999881944  0.836485985  0.999612397  0.977177498  0.834995199  0.0358685239
  0.866791728
  1.  1.  1.  1.  1.  1.  1.
