  10494.0595  2.72921107E+09
  0.000297356459  0.00706880417  0.000557264694  0.0180959696  0.00286437333
  3.58511478E-07  0.123408018
  0.000732944528  0.0138664302  0.00126096042  0.0406851067  0.00606094579
  5.9334121E-07  0.188568103
  0.00149044189  0.0207837432  0.00228856727  0.0602221967  0.00966881279
  7.48886823E-07  0.208175216
  0.00270401964  0.028037204  0.00393653004  0.0800059438  0.0138188767
  8.89264877E-07  0.232633776
  0.0043873133  0.0352802561  0.00606352015  0.102933141  0.0180827167
  1.03547301E-06  0.252926162
  0.00663537614  0.0426171986  0.00892783593  0.118229078  0.0225150957
  1.17673112E-06  0.269573864
  0.00958638685  0.0500953263  0.0125944454  0.139183619  0.0271143311
  1.32337232E-06  0.286803826
  0.0133443302  0.0576723768  0.0171617285  0.158744901  0.031984382
  1.47622684E-06  0.302305226
  0.0180658017  0.0655648881  0.0228325196  0.178079545  0.0369273546
  1.63378176E-06  0.316012822
  0.0239307232  0.0733224043  0.0299579187  0.198342408  0.0421492975
  1.79649931E-06  0.329720947
  0.0310310088  0.081338557  0.0386950057  0.218636836  0.047637424
  1.96500189E-06  0.343269545
  0.0396740592  0.0894522336  0.0491758892  0.238626668  0.0533401914
  2.14413564E-06  0.355975223
  0.0499894386  0.097922954  0.0616651454  0.258375151  0.0590671325
  2.33287479E-06  0.368148505
  0.0622895241  0.106604226  0.0765008376  0.278089801  0.0650725344
  2.53017595E-06  0.379982209
  0.0773757645  0.115049815  0.0944418761  0.298102389  0.0712597361
  2.73899786E-06  0.392322311
  0.0957390756  0.125028478  0.116250954  0.318077342  0.0778581755
  2.95950811E-06  0.404064016
  0.118076723  0.134228543  0.142419361  0.338712366  0.084399559
  3.18401151E-06  0.414823149
  0.144900576  0.143489391  0.173165449  0.359289481  0.0914357068
  3.42540458E-06  0.425633408
  0.176985618  0.153224035  0.208373861  0.379873422  0.0987076261
  3.68224091E-06  0.435843504
  0.213261187  0.163075243  0.248314113  0.39940257  0.106293357
  3.97432192E-06  0.446917725
  0.254754799  0.174296789  0.292598822  0.419338082  0.114141997
  4.28360475E-06  0.457959281
  0.302269105  0.184462471  0.341588597  0.439455437  0.122265906
  4.62290895E-06  0.468603088
  0.357689658  0.194564482  0.395452383  0.460227751  0.13079181  4.9934507E-06
  0.478887104
  0.420356196  0.205743644  0.452745052  0.481419333  0.139613961
  5.40069314E-06  0.489147794
  0.487701278  0.216134187  0.510646335  0.502250264  0.148695929
  5.84190185E-06  0.499504889
  0.556018403  0.227776199  0.56720219  0.522273601  0.158616054
  6.32440768E-06  0.509953505
  0.62118881  0.241016769  0.619854126  0.542262504  0.168520422
  6.85556116E-06  0.520539308
  0.680699623  0.254090149  0.667880652  0.562537228  0.17781476
  7.44511392E-06  0.531008333
  0.733224289  0.267618626  0.713527174  0.583450985  0.188526257
  8.10110314E-06  0.541334103
  0.778938936  0.281037125  0.755611552  0.604122893  0.198884416
  8.84085665E-06  0.551935012
  0.818405183  0.294552352  0.795407627  0.624520717  0.210474147
  9.67978136E-06  0.562820672
  0.851790032  0.308673413  0.829951468  0.644219889  0.222789295
  1.06308018E-05  0.57397581
  0.879523848  0.323469812  0.859274194  0.6635282  0.235336386  1.16966912E-05
  0.585629573
  0.902515368  0.339384505  0.884125826  0.683557509  0.249002999
  1.29183776E-05  0.597336492
  0.921763965  0.355525259  0.905355947  0.704623407  0.263676435
  1.43521744E-05  0.608659168
  0.937714987  0.372896291  0.923090621  0.724739172  0.278727387
  1.60331082E-05  0.619686987
  0.950685157  0.391127193  0.937973747  0.743880244  0.294379459
  1.80226038E-05  0.630938773
  0.961141151  0.410563006  0.950181814  0.763504455  0.310914871
  2.04363797E-05  0.642615248
  0.969693535  0.431089888  0.96039346  0.781316355  0.32899947  2.33731122E-05
  0.655008635
  0.976679531  0.453045831  0.969001708  0.799642788  0.348476175
  2.69432068E-05  0.667852347
  0.982316158  0.477281671  0.976240865  0.819356961  0.368582214
  3.13102183E-05  0.681429347
  0.986868279  0.503529733  0.982256689  0.838806446  0.390452602
  3.68287399E-05  0.695214287
  0.990510726  0.530918212  0.986974761  0.857848064  0.414575283
  4.43219192E-05  0.709863292
  0.993439522  0.561343731  0.990716095  0.881061774  0.443955419
  5.44914239E-05  0.725284729
  0.995813641  0.595617594  0.993565366  0.900368074  0.477332584
  7.0233707E-05  0.742235957
  0.997406758  0.635447164  0.995736715  0.920577592  0.517190098
  9.47801049E-05  0.760564404
  0.998606  0.682159068  0.997421254  0.940104582  0.56413088  0.000116863637
  0.782233042
  0.999301727  0.73560607  0.998612981  0.959939372  0.627184855
  0.000190037913  0.808405377
  0.999725645  0.831006994  0.999372311  0.980340881  0.740047648
  0.000561037128  0.86315688
  1.  1.  1.  1.  1.  1.  1.
