65.0989
149.587
71.4838
58.9968
96.6445
114.879
67.9876
124.348
99.2996
97.5966
101.063
74.3676
52.0225
62.3654
111.815
111.69
61.9554
131.568
123.823
140.545
94.2733
97.0349
117.103
149.963
145.361
89.1791
85.5241
140.665
73.8809
138.63
91.1036
120.648
113.392
64.0422
99.7878
114.348
133.348
143.791
108.868
133.282
56.5818
90.3793
85.9181
121.678
128.957
59.8243
118.869
112.262
74.0868
94.1814
134.058
54.5444
72.8487
98.0817
111.355
62.0968
113.345
138.003
141.574
129.079
140.883
94.872
91.4649
60.7866
114.861
68.8158
148.471
90.1985
71.5319
116.456
77.6925
139.767
100.141
53.0414
118.751
107.837
72.3411
80.6113
147.385
75.8599
113.247
99.997
123.82
136.806
96.8506
130.806
97.2055
68.6796
147.41
136.291
134.166
127.918
50.4276
73.4866
53.5049
71.4182
112.656
109.388
122.554
80.3636
72.0991
68.12
122.962
111.853
115.194
142.515
92.8591
61.1543
66.2131
132.104
106.652
142.231
125.207
90.2822
101.336
82.6111
148.22
81.221
100.169
51.5711
79.0029
105.611
111.294
65.0643
55.473
102.755
101.771
88.7846
100.901
106.48
63.5447
98.3105
115.688
143.413
104.312
78.3543
71.861
124.236
99.7478
66.6394
145.924
85.8764
90.0363
118.638
143.405
88.489
85.1472
87.2336
67.1232
67.8474
114.229
147.522
57.3439
63.0867
131.751
128.023
148.026
71.0465
143.47
62.3731
119.814
141.497
102.178
89.8818
127.257
132.347
145.223
56.8189
69.168
128.475
117.572
77.1498
80.3262
109.396
132.02
96.1162
115.799
101.674
145.638
132.126
89.8885
139.335
76.9461
104.251
75.2484
90.5347
98.7905
109.086
122.246
88.3488
104.044
55.8599
58.6798
100.104
86.6475
124.466
60.4166
145.923
118.418
54.1299
58.3788
113.609
127.478
78.6658
79.9024
77.0647
77.8887
57.7098
104.114
50.5261
124.132
134.367
60.7785
76.639
66.1149
105.941
145.49
69.1289
143.564
69.7403
127.787
100.749
124.996
71.4312
133.843
87.7174
102.249
149.493
85.6408
86.7146
60.1323
115.77
97.0797
101.586
109.273
109.315
115.152
139.304
70.1721
54.0458
83.7737
106.514
123.09
131.878
133.013
61.3094
99.5029
149.052
89.1302
138.705
100.987
97.2394
55.2266
110.963
58.4474
92.0675
112.161
109.539
136.498
118.36
55.6902
123.939
138.142
147.962
110.076
62.1275
143.204
121.072
86.5419
78.73
112.83
84.7401
107.559
58.1797
95.5551
98.216
68.0306
120.852
88.1484
102.145
125.476
129.3
52.2902
63.1414
94.1363
116.069
86.4885
89.9458
78.5167
62.1867
141.973
142.34
97.9676
89.1714
85.6958
82.2339
138.811
139.291
82.4997
79.9206
80.8513
86.3296
99.9267
125.65
146.904
72.0125
97.1304
58.0159
108.147
112.352
105.978
101.726
95.7226
109.378
130.892
117.701
98.6567
61.3169
112.898
131.449
97.4761
73.2948
107.078
81.8046
61.556
138.336
91.2548
126.503
54.6466
97.8285
50.7598
51.6978
107.771
98.3271
148.89
108.211
81.7211
115.477
141.887
92.6975
147.497
55.8128
123.468
110.585
107.006
125.155
59.2486
71.6699
50.916
59.1175
93.7589
57.5454
99.6276
145.902
103.542
142.126
98.9667
97.9098
54.8348
128.48
85.8038
149.801
116.521
115.135
106.389
108.768
56.095
130.234
97.3199
129.142
54.1769
108.782
63.3359
125.648
130.475
69.7966
96.5814
117.064
137.574
69.2673
117.649
83.601
117.999
54.1423
94.045
104.803
122.211
95.1262
50.6212
91.9451
146.424
131.128
129.481
76.8809
126.539
100.989
81.4712
81.9891
138.629
52.4554
