  628.533966  376085163.
  0.00252346448  0.012062718  0.00163701277  0.0193402409  0.00187070124
  7.07042954E-07  0.132105622
  0.00665441682  0.0237091446  0.00393644122  0.0399781021  0.00351306821
  1.3746828E-06  0.195040956
  0.0145626408  0.034992773  0.00727648559  0.059746879  0.00617097153
  1.62133085E-06  0.216649661
  0.0239896126  0.0461478158  0.0106172004  0.0808913865  0.00860709488
  2.02703367E-06  0.242248754
  0.0353437825  0.0574018742  0.013539975  0.102172581  0.0115560851
  2.33343082E-06  0.261822293
  0.0484963888  0.0689594403  0.0171558852  0.120293069  0.0145504752
  2.67345355E-06  0.27975337
  0.0633257051  0.0805690266  0.0210829218  0.133423421  0.0178277969
  3.00048884E-06  0.296234008
  0.079868649  0.0922210061  0.0254363014  0.145863503  0.0212702723
  3.33828389E-06  0.311641261
  0.098228201  0.103880099  0.033027608  0.158221228  0.025000984
  3.6806109E-06  0.32597113
  0.118173051  0.115747338  0.0425628645  0.170883933  0.0289753372
  4.03298824E-06  0.339595094
  0.139897143  0.127794415  0.0538118208  0.189033076  0.033177967
  4.39393495E-06  0.35263731
  0.162508388  0.139625382  0.0668338756  0.20973783  0.0375837175  4.77156E-06
  0.365337703
  0.186061838  0.151396466  0.0820092448  0.2306653  0.0421191556
  5.16290196E-06  0.377703907
  0.21078746  0.163007312  0.099360217  0.251320062  0.046797575
  5.57184227E-06  0.389633907
  0.236489648  0.175140609  0.119068399  0.271849156  0.0516600481
  6.00032206E-06  0.401012066
  0.263182749  0.187821195  0.141543118  0.292245214  0.0568499507
  6.4545807E-06  0.412288396
  0.290863383  0.200794866  0.16676094  0.31297158  0.0622684015
  6.93619531E-06  0.423607463
  0.319549079  0.213826789  0.194885475  0.334024575  0.0680821628
  7.44808266E-06  0.434817133
  0.348851631  0.226861693  0.225715501  0.35528014  0.0742642493
  7.99232064E-06  0.445760205
  0.37841779  0.240237112  0.259601024  0.376224472  0.0808079745
  8.56963542E-06  0.456482113
  0.408044538  0.253861161  0.296110387  0.397393498  0.087723156
  9.18492349E-06  0.467232773
  0.437792306  0.267525211  0.334967847  0.418377578  0.0949662533
  9.84679547E-06  0.478033796
  0.467858858  0.28148975  0.375923034  0.439426014  0.102630257
  1.05621005E-05  0.48894626
  0.498212216  0.294474755  0.418643914  0.460191215  0.110414317
  1.13301038E-05  0.499838593
  0.52837821  0.303943138  0.462510776  0.480809148  0.118577721
  1.21533362E-05  0.510626771
  0.558680327  0.313522433  0.506816199  0.501289904  0.12675885
  1.30424181E-05  0.521390765
  0.588161105  0.323151949  0.551058768  0.521961161  0.135770536
  1.40154427E-05  0.532259912
  0.618075512  0.332819682  0.594621942  0.542848425  0.144877663
  1.50866709E-05  0.543261987
  0.647473493  0.346062268  0.637222186  0.563895774  0.155338714
  1.62752604E-05  0.554327337
  0.676580358  0.361923402  0.67798833  0.58480049  0.165918802  1.75913619E-05
  0.562291308
  0.704867012  0.378275242  0.716305725  0.605937049  0.177495837
  1.90762409E-05  0.56912285
  0.732246391  0.39507418  0.751898807  0.627057002  0.189574951
  2.07619831E-05  0.57584846
  0.759088169  0.412213253  0.784790726  0.647952035  0.202670895
  2.26880307E-05  0.582449296
  0.784864501  0.429541726  0.814968022  0.668618432  0.216632962
  2.48901951E-05  0.589379037
  0.809721182  0.447309828  0.842114668  0.689355877  0.231462937
  2.74232027E-05  0.600466224
  0.833592929  0.465649485  0.866241041  0.710134902  0.246538752
  3.03630076E-05  0.612276869
  0.856484157  0.48470659  0.887576665  0.730703775  0.262966513
  3.38410568E-05  0.624539336
  0.877854738  0.504615249  0.906536487  0.751475057  0.281035488
  3.80692004E-05  0.637057434
  0.897846153  0.525488873  0.92283415  0.772201631  0.301927545
  4.34052972E-05  0.65013427
  0.916260438  0.547363196  0.937040046  0.792889959  0.325002044
  5.02814896E-05  0.663722938
  0.933510151  0.570198592  0.949410642  0.813626288  0.345278077
  5.94166293E-05  0.677915291
  0.9491542  0.594225952  0.960096862  0.834127352  0.362482587  7.21303977E-05
  0.692810945
  0.96303334  0.619775382  0.96923346  0.855181991  0.38120059  9.07020165E-05
  0.70831729
  0.974880705  0.648014721  0.976995419  0.875804079  0.401802118
  0.000120566212  0.724780706
  0.983482946  0.678179803  0.983490312  0.897109561  0.424687658
  0.000169023092  0.742532038
  0.988782107  0.710931513  0.988709098  0.918116249  0.462633797
  0.000288106486  0.762464869
  0.992801382  0.750074925  0.992825262  0.93926497  0.524859762  0.00326333667
  0.787586039
  0.99597213  0.789870361  0.996156958  0.959219254  0.566979629  0.0809024093
  0.811607235
  0.997923338  0.866215323  0.998418249  0.980003493  0.750468695  0.442414175
  0.883183639
  1.  1.  1.  1.  1.  1.  1.
