  4241.53257  922358621.
  0.000144462032  0.0088271143  0.000514680203  0.0230374302  0.00253342764
  1.04829378E-06  0.130881256
  0.000306901048  0.0166219522  0.00135381917  0.045461698  0.00547669003
  1.76140888E-06  0.191247307
  0.000560004267  0.0246348094  0.00269102348  0.0682607415  0.00877745303
  2.2608721E-06  0.222345501
  0.000906044644  0.0325538855  0.0046059537  0.0906131016  0.0123827284
  2.68484064E-06  0.245675236
  0.00174308048  0.0413977066  0.00710956806  0.112281847  0.0162263803
  3.11289796E-06  0.265834446
  0.00303994752  0.0501732462  0.0105197151  0.133598705  0.0203898111
  3.53305149E-06  0.283481074
  0.00492609417  0.0589011785  0.0152178718  0.154608045  0.0248154404
  3.95399205E-06  0.299512373
  0.00757881219  0.0676688439  0.0213738171  0.176506214  0.0294285612
  4.37925657E-06  0.313206641
  0.0110732906  0.0769131992  0.0292098763  0.1976756  0.0343411695
  4.81674608E-06  0.326917229
  0.0155258579  0.0833250516  0.0391559161  0.218773985  0.0394609931
  5.27109898E-06  0.339874846
  0.0211135949  0.0881780264  0.0514943414  0.239424768  0.0446413211
  5.74282386E-06  0.352965732
  0.0282132199  0.0936288624  0.0662545392  0.2595397  0.0500676362
  6.22931439E-06  0.365631083
  0.0373565824  0.0989777485  0.08345936  0.279672533  0.0559284755
  6.72941002E-06  0.377811746
  0.0488070985  0.104436138  0.103128478  0.300052678  0.0621200525
  7.2611178E-06  0.389687653
  0.0626678258  0.10861444  0.126737744  0.320473809  0.0685291289
  7.82079678E-06  0.401394979
  0.0792058512  0.118558164  0.154249687  0.341038966  0.0752500639
  8.42262845E-06  0.413250761
  0.0990194047  0.129500334  0.185348496  0.361514128  0.0821316682
  9.06440883E-06  0.425458574
  0.123015431  0.140209501  0.219905982  0.382528122  0.0892712007
  9.74259474E-06  0.433849901
  0.15215327  0.150977878  0.257784501  0.405540945  0.0966985539
  1.04647864E-05  0.43906268
  0.188079222  0.161613527  0.298883034  0.426632939  0.104589663
  1.12286446E-05  0.444913902
  0.231084155  0.172275118  0.342746568  0.447193022  0.113138875
  1.20526174E-05  0.45078447
  0.279869631  0.183414338  0.388549578  0.467765908  0.12187518
  1.29362343E-05  0.456618014
  0.334174921  0.194926093  0.437670282  0.489965643  0.130819747
  1.38874631E-05  0.46229622
  0.393672932  0.207071102  0.488426504  0.512412211  0.140084851
  1.4914217E-05  0.47144719
  0.457344292  0.219716193  0.539079809  0.534530615  0.149507591
  1.60243562E-05  0.483390956
  0.522999046  0.232602727  0.588623232  0.556261519  0.159239194
  1.72417715E-05  0.494603328
  0.587875023  0.24584758  0.636770498  0.577620121  0.16944134  1.8586791E-05
  0.505855603
  0.648679725  0.259517417  0.683115157  0.599055239  0.18025151
  2.00356531E-05  0.517053949
  0.703760262  0.273926677  0.726655163  0.619819484  0.191780324
  2.16147658E-05  0.527983452
  0.753754059  0.289392159  0.766347392  0.640878998  0.2040103  2.33562785E-05
  0.53869874
  0.797942505  0.305142863  0.800778601  0.661344823  0.219024984
  2.52950609E-05  0.550454715
  0.836016504  0.319933598  0.832098264  0.681628362  0.224134474
  2.74966336E-05  0.561031248
  0.868245871  0.337239169  0.860280667  0.701993731  0.231786488
  3.00245973E-05  0.57217811
  0.895105093  0.352353378  0.88514402  0.722472034  0.239828311
  3.28777151E-05  0.58328735
  0.91690774  0.371992176  0.906730233  0.742796128  0.24810577  3.61209836E-05
  0.594095405
  0.934504608  0.389999647  0.925387326  0.762859723  0.255900181
  3.98153545E-05  0.605121077
  0.948675443  0.408699251  0.941581625  0.784992055  0.266327305
  4.40975422E-05  0.616916738
  0.960210285  0.428671516  0.954847316  0.797006834  0.284594804  4.927993E-05
  0.629273086
  0.969539324  0.449995909  0.965781272  0.807514909  0.303145689
  5.55842115E-05  0.642129206
  0.977086441  0.473140418  0.97459036  0.818547001  0.321549813  6.3716199E-05
  0.656220593
  0.983182144  0.497809054  0.98166189  0.829844  0.343085626  7.38416237E-05
  0.67019854
  0.987986993  0.524606152  0.987303556  0.841066711  0.363883772
  8.68192036E-05  0.684488968
  0.991623112  0.553067304  0.991607342  0.853629277  0.388677481
  0.000104174878  0.70017168
  0.9942176  0.583277655  0.994722268  0.873861701  0.419782498  0.00012908336
  0.716713249
  0.996220538  0.616042623  0.99693052  0.895665966  0.455330677
  0.000167399851  0.734467044
  0.997754637  0.653696969  0.998408013  0.916981593  0.498030056
  0.000236215385  0.755162313
  0.998783283  0.695832716  0.998990445  0.938691689  0.545940417
  0.000362987308  0.778789645
  0.999410755  0.75166383  0.999436284  0.959972658  0.616394393
  0.000741576836  0.810231359
  0.999776633  0.84363404  0.999729951  0.978718367  0.758049053  0.00190928361
  0.872342328
  1.  1.  1.  1.  1.  1.  1.
