  2600.82132  1.12001141E+09
  0.00109821661  0.00733539011  0.00193484811  0.0187191411  0.00186492603
  7.49163488E-07  0.131855833
  0.00233809403  0.0149060073  0.00471900861  0.0380746733  0.00402180337
  1.23662753E-06  0.191665089
  0.00489759988  0.0228888243  0.00833469246  0.0576217208  0.00652180626
  1.55414829E-06  0.218167345
  0.0101573743  0.0315471453  0.0137691794  0.0782333242  0.00932286436
  1.84375847E-06  0.238844693
  0.0166716341  0.0411263591  0.0209282852  0.0983846765  0.0123802313
  2.12615382E-06  0.25765723
  0.0244058242  0.051202715  0.0291231383  0.117903028  0.0155658525
  2.40121648E-06  0.275707947
  0.0348833689  0.0614407824  0.0386952211  0.137497045  0.0188437884
  2.67189228E-06  0.291303405
  0.0466019861  0.0717021964  0.0501562929  0.157640523  0.0222510669
  2.94339666E-06  0.30436026
  0.0606672579  0.0818887381  0.0630843748  0.179036601  0.0259633693
  3.22030803E-06  0.316928223
  0.0767649208  0.0924362954  0.0777725915  0.199506006  0.0301738127
  3.5005709E-06  0.328001634
  0.0945476776  0.103341743  0.0942546291  0.218125095  0.0345205285
  3.79085215E-06  0.340208572
  0.114101531  0.114327862  0.112697255  0.236795876  0.0390133019
  4.09067192E-06  0.35387044
  0.135526784  0.125034666  0.133288733  0.253917918  0.0436816933
  4.40306252E-06  0.366059276
  0.159004126  0.135875693  0.156074909  0.272371951  0.0487050664
  4.73219125E-06  0.377903047
  0.184218847  0.146264487  0.180570892  0.291389778  0.0540084304
  5.06726721E-06  0.389554113
  0.210977689  0.157660457  0.20668944  0.311394852  0.059617635
  5.42117651E-06  0.400949827
  0.239147614  0.169183312  0.234321603  0.331169511  0.0654692054
  5.79354603E-06  0.412398246
  0.268637381  0.181299925  0.263182306  0.35109851  0.071653907
  6.19074084E-06  0.4237848
  0.299317911  0.193964145  0.294445717  0.371295128  0.0780574408
  6.61819679E-06  0.434457978
  0.331046025  0.206800555  0.326850109  0.390403481  0.0846872211
  7.07480066E-06  0.445463423
  0.36349888  0.220202922  0.360489762  0.410470101  0.0913617706
  7.55753902E-06  0.456129574
  0.396922264  0.23378301  0.39514252  0.430543566  0.098443379  8.07413617E-06
  0.467094707
  0.431111621  0.24639523  0.430593944  0.450201899  0.105862001
  8.63359786E-06  0.477667144
  0.465469107  0.257996102  0.467507006  0.471308812  0.113562827
  9.23217457E-06  0.488365428
  0.499478125  0.270730365  0.504686402  0.492775228  0.12191695
  9.88060812E-06  0.498833003
  0.533291932  0.285478927  0.541621459  0.51332252  0.130754258
  1.05774033E-05  0.509055167
  0.567108811  0.299779504  0.577822733  0.534161902  0.140168609
  1.13370847E-05  0.519321425
  0.600992157  0.312621935  0.613531776  0.556229468  0.150076627
  1.21593666E-05  0.529425274
  0.634369199  0.327618753  0.648590306  0.573929726  0.160336799
  1.3076757E-05  0.539517187
  0.66701956  0.34211472  0.682805978  0.596024579  0.171104282  1.40839761E-05
  0.549893731
  0.698345641  0.357433523  0.714840748  0.6170185  0.182653814  1.52098966E-05
  0.560134201
  0.728577527  0.37497928  0.745068433  0.63759923  0.195111337  1.64834585E-05
  0.570655647
  0.757771118  0.392321895  0.773668791  0.658645375  0.207996703
  1.79050904E-05  0.581708544
  0.785598623  0.409914375  0.80110527  0.679321397  0.22122066  1.95196192E-05
  0.593093164
  0.812426689  0.427305876  0.827129499  0.698882745  0.235376138
  2.13863762E-05  0.604840266
  0.837617451  0.445135587  0.850901269  0.718301227  0.25099749
  2.35972759E-05  0.616966658
  0.861423652  0.46361187  0.872608753  0.737220782  0.268132469
  2.62408998E-05  0.628640982
  0.883324864  0.483793509  0.892197397  0.758798088  0.285953796
  2.9425791E-05  0.640644818
  0.90345696  0.505104821  0.909833367  0.77986583  0.305329332  3.33385854E-05
  0.652693947
  0.921593035  0.527254847  0.925609698  0.798522342  0.325531656
  3.82018777E-05  0.665562381
  0.937717646  0.550834368  0.939714951  0.818685632  0.3467893  4.44890957E-05
  0.679259824
  0.95181338  0.575769813  0.952437721  0.838231149  0.370718143
  5.29697628E-05  0.692586702
  0.964072008  0.602321279  0.963708831  0.856598026  0.396545491
  6.50968859E-05  0.705980562
  0.97475342  0.630946588  0.973000194  0.878633431  0.423730148
  8.56121787E-05  0.720719625
  0.983275585  0.662745063  0.980366422  0.899325768  0.452405438
  0.000125573807  0.737232547
  0.98996076  0.698740384  0.985878125  0.919534277  0.503509242
  0.000185148401  0.757124304
  0.994695895  0.737620347  0.991315806  0.940646654  0.556011073
  0.000196249636  0.780901739
  0.997269964  0.788761781  0.994889858  0.961841493  0.621900783
  0.000722177121  0.808519127
  0.999019316  0.870820955  0.997408175  0.978813441  0.754956698
  0.00175146348  0.850846821
  1.  1.  1.  1.  1.  1.  1.
