  10636.0693  2.19074211E+11
  0.000325585873  0.00770901474  0.000512816371  0.0201392906  0.00347899437
  1.20567511E-06  0.119067517
  0.000857409326  0.0142002732  0.00123943444  0.0416781122  0.00613428549
  2.1133683E-06  0.195573281
  0.00170043857  0.022162102  0.00247275682  0.0620931903  0.0101053276
  2.58788464E-06  0.215657879
  0.00293189977  0.0290515011  0.00428568437  0.0815936883  0.0138520958
  3.14549435E-06  0.241756952
  0.00455387194  0.036455234  0.00649324322  0.10154238  0.0180587655
  3.64796072E-06  0.261251606
  0.00662784475  0.0436840346  0.00923538393  0.121489277  0.0223583289
  4.138732E-06  0.278872332
  0.00925474477  0.0513069927  0.0124574821  0.141905938  0.0269470996
  4.63584808E-06  0.29439138
  0.0125424125  0.0592361881  0.0162653573  0.16258922  0.0316132829
  5.14816584E-06  0.31042638
  0.0164283262  0.0666093981  0.0208048552  0.182505788  0.0363178059
  5.68912308E-06  0.324059603
  0.0210908262  0.0738885969  0.0262886509  0.202154079  0.0413631232
  6.2418347E-06  0.337841517
  0.0266461228  0.0814111457  0.0331391988  0.221462729  0.0466540742
  6.80759124E-06  0.350615033
  0.0334332467  0.0891470131  0.0414550584  0.241310382  0.0522381792
  7.39701174E-06  0.362625027
  0.0416985859  0.0972403077  0.0514310903  0.261049547  0.0579451539
  8.02772787E-06  0.374453852
  0.0516130099  0.105076637  0.0632440797  0.280460036  0.0637888887
  8.7082994E-06  0.385900534
  0.0632064905  0.113601488  0.0774189637  0.300020192  0.0698544088
  9.42865733E-06  0.396972969
  0.0771273031  0.122165738  0.094249761  0.320254382  0.0759631712
  1.018707E-05  0.408020521
  0.0941213026  0.131468309  0.114056401  0.340997328  0.082183617
  1.09889838E-05  0.418768825
  0.115720097  0.141254722  0.137529912  0.360716262  0.0886134186
  1.18402718E-05  0.429291201
  0.14222878  0.15126418  0.16523498  0.380187517  0.0958577716  1.27523271E-05
  0.43938874
  0.175377096  0.161530176  0.199251935  0.400122169  0.103415247
  1.37251735E-05  0.449686404
  0.217151609  0.17209439  0.239914439  0.421314595  0.111298179
  1.47567015E-05  0.459712693
  0.271853254  0.182352709  0.289018735  0.442814994  0.118992796
  1.5861322E-05  0.469932555
  0.340238979  0.193035206  0.346448946  0.463802571  0.126844126
  1.70781859E-05  0.479521202
  0.423862594  0.203983975  0.414158216  0.485145079  0.13502503
  1.84060645E-05  0.489433216
  0.516952626  0.215462477  0.488691325  0.506934612  0.143767378
  1.98075348E-05  0.499455491
  0.609081337  0.227158038  0.565154877  0.528108784  0.153016871
  2.13103392E-05  0.509870637
  0.686623195  0.239301012  0.635238925  0.548185427  0.162598039
  2.29544732E-05  0.520404163
  0.749074576  0.251709621  0.695840808  0.567036806  0.172542945
  2.48057742E-05  0.530806768
  0.797230509  0.26464541  0.747074945  0.585669728  0.183028408  2.6847622E-05
  0.541597182
  0.835870471  0.278019245  0.790755977  0.604923476  0.194245287
  2.91368333E-05  0.552087773
  0.865573234  0.291815161  0.827182556  0.625013638  0.206073646
  3.17403279E-05  0.561865848
  0.890192363  0.306003804  0.857460321  0.645418407  0.218231877
  3.47093102E-05  0.571649974
  0.9101707  0.320900852  0.882470026  0.66551458  0.23064983  3.79586398E-05
  0.581613168
  0.927147665  0.336792857  0.903043651  0.685839396  0.243651779
  4.15883104E-05  0.592334452
  0.940771496  0.353628882  0.920157803  0.705912692  0.257591911
  4.5778667E-05  0.603559174
  0.951963123  0.370915222  0.93436711  0.726146146  0.272481258
  5.06934394E-05  0.615197617
  0.960992347  0.388709773  0.946509597  0.745544579  0.28841016
  5.65431416E-05  0.627098835
  0.96851732  0.407690436  0.95685717  0.764514824  0.305555291  6.34537202E-05
  0.638945326
  0.974769095  0.42809514  0.965700103  0.783248954  0.32410647  7.16760705E-05
  0.650954973
  0.980058148  0.449950706  0.972942839  0.802835101  0.343866891
  8.19015216E-05  0.663510084
  0.984402433  0.473084087  0.978822837  0.823188568  0.365728833
  9.45623692E-05  0.677136079
  0.987968052  0.497616727  0.983613465  0.843159996  0.389308763
  0.000109884644  0.6914341
  0.990955644  0.52491055  0.987628205  0.862688421  0.415404529
  0.000129725625  0.706007937
  0.993413406  0.55523824  0.990953067  0.882662396  0.444982859
  0.000157894584  0.72161813
  0.995488895  0.589043643  0.993628128  0.90224189  0.47838511  0.000199584212
  0.737906739
  0.9971498  0.627737813  0.995736786  0.920565299  0.519951673  0.00026357186
  0.756661963
  0.998398163  0.673689361  0.997392405  0.93903679  0.568855425
  0.000368821854  0.779433316
  0.999172775  0.730847243  0.998580843  0.957745264  0.633861645
  0.000757855454  0.803706578
  0.999682285  0.838242171  0.999401849  0.978856394  0.762836955
  0.00336834037  0.866061152
  1.  1.  1.  1.  1.  1.  1.
