  5042.50098  2.76073698E+09
  0.000369658005  0.00697108142  0.00070238162  0.0202346089  0.00309637999
  1.1377347E-06  0.138685938
  0.000893509358  0.0139365888  0.00169308666  0.0398975984  0.006528603
  1.9250411E-06  0.18893092
  0.00199209869  0.0209224433  0.00311419508  0.0608585205  0.0103313826
  2.41170565E-06  0.21723498
  0.00348022539  0.0283076624  0.00512176834  0.0811356817  0.0143985361
  2.88336791E-06  0.238943278
  0.00545921322  0.0357309697  0.00769417507  0.101731377  0.0187153933
  3.35721984E-06  0.258070525
  0.0081075808  0.0422403354  0.0110424493  0.123029045  0.0232245809
  3.82060018E-06  0.275741202
  0.0115025995  0.0494657779  0.0152073349  0.143044687  0.0281404148
  4.29081664E-06  0.291543192
  0.0156614466  0.0568054163  0.0203484296  0.163026228  0.0324829292
  4.76829726E-06  0.306515769
  0.0207217197  0.0642497287  0.0265145615  0.18197619  0.0375371108
  5.25981561E-06  0.320707134
  0.026987467  0.0716716341  0.0339998057  0.201419787  0.0425483331
  5.77203199E-06  0.333995771
  0.0346669213  0.0791811013  0.0429059494  0.22117518  0.0482075635
  6.29905548E-06  0.346899724
  0.0439282442  0.0871170313  0.0536771331  0.241034561  0.0539516934
  6.84351768E-06  0.359759811
  0.0551452537  0.0959512149  0.066705377  0.260941547  0.0598173474
  7.41383563E-06  0.372306173
  0.0684669783  0.104617293  0.0823122541  0.280667465  0.0655856201
  8.01886498E-06  0.384074678
  0.0843001812  0.113824946  0.100733577  0.301482246  0.0716264501
  8.66573335E-06  0.39540744
  0.103038733  0.123122548  0.122484085  0.322066362  0.0779082676
  9.35269846E-06  0.406701381
  0.125583626  0.132759602  0.148180442  0.342959094  0.0844015033
  1.00806518E-05  0.418139995
  0.152438452  0.142414176  0.177750769  0.36335382  0.0910780871
  1.08530476E-05  0.428675208
  0.184003177  0.15218226  0.211740591  0.383739216  0.0977925016
  1.16720184E-05  0.438924343
  0.221459535  0.162367251  0.250340114  0.404033706  0.10537355
  1.25502148E-05  0.449233201
  0.26556958  0.17279865  0.293690518  0.424364443  0.113122289  1.34968475E-05
  0.459183537
  0.316111165  0.183042105  0.34100351  0.444628289  0.121211184
  1.44978291E-05  0.470150397
  0.372545539  0.193982822  0.390964001  0.464788498  0.129781499
  1.55901285E-05  0.480207716
  0.433823099  0.205135812  0.443513779  0.48505756  0.138516944
  1.67664042E-05  0.490576239
  0.497538807  0.216512184  0.49756985  0.505916528  0.147650825
  1.80699605E-05  0.500698017
  0.560523853  0.228700484  0.551984914  0.527123254  0.15715172  1.9487922E-05
  0.51089142
  0.621633006  0.2410997  0.605398719  0.548335641  0.16692305  2.10760951E-05
  0.521225609
  0.678616859  0.253901874  0.656202887  0.568120277  0.176949117
  2.2806033E-05  0.531595936
  0.730123664  0.267039409  0.703075439  0.58731262  0.187329323
  2.47351828E-05  0.542145459
  0.773916438  0.280283341  0.745846362  0.606133935  0.197835435
  2.68270308E-05  0.552516153
  0.811870047  0.294140989  0.784590213  0.625996976  0.209093704
  2.91815556E-05  0.562972208
  0.844403927  0.308667039  0.818972727  0.64676427  0.220984561
  3.17777198E-05  0.573232351
  0.872320924  0.323777252  0.848720403  0.66701243  0.23322468  3.46793196E-05
  0.584097275
  0.895612045  0.33957244  0.87431468  0.687088441  0.246657024  3.79633791E-05
  0.595404211
  0.915037929  0.356021102  0.896192407  0.706313352  0.26106201
  4.16936431E-05  0.604880986
  0.931299668  0.373252535  0.914655534  0.725780766  0.276261623
  4.60276147E-05  0.615330101
  0.944845975  0.391440332  0.930399691  0.746417536  0.292228912
  5.10071778E-05  0.625306455
  0.955974519  0.410829269  0.943815514  0.765936574  0.309218494
  5.68187543E-05  0.636818224
  0.965027874  0.431870674  0.955277516  0.785705119  0.326810396
  6.37684082E-05  0.650038322
  0.972628129  0.453889163  0.964859042  0.806316813  0.345599775
  7.2254902E-05  0.662767808
  0.978879126  0.477146877  0.972721252  0.826426293  0.366291714  8.288641E-05
  0.676063929
  0.983962089  0.502552565  0.979192986  0.846129541  0.38993628  9.6490998E-05
  0.690340688
  0.988098094  0.52903292  0.984442829  0.864352205  0.415970503
  0.000114178265  0.706046836
  0.991433723  0.559706478  0.988737883  0.882422158  0.444740595
  0.000138420093  0.721977461
  0.994120233  0.592389411  0.992150523  0.901657052  0.477767847
  0.00017278774  0.739342844
  0.996191245  0.629874897  0.994767777  0.919503783  0.515767135
  0.000229104848  0.758481262
  0.997728694  0.67537416  0.996888476  0.938795721  0.563559833
  0.000328811723  0.781190391
  0.998850652  0.721175507  0.998516635  0.957560046  0.620381946
  0.000493259429  0.807254396
  0.999504707  0.822405104  0.999382069  0.978700899  0.742377212
  0.00122063529  0.869205281
  1.  1.  1.  1.  1.  1.  1.
