  30384.6069  2.25141848E+09
  0.00034921634  0.00812040167  0.000225931548  0.0206374056  0.00320406816
  9.48555636E-07  0.154442428
  0.000784427079  0.0158135154  0.000464130987  0.0414683047  0.00680858643
  1.67123306E-06  0.195904044
  0.00166477264  0.0234755138  0.000869745612  0.0553183135  0.0106038175
  2.1207878E-06  0.219942775
  0.00271246629  0.0310104709  0.0015989049  0.0690889783  0.0147424579
  2.57835505E-06  0.238486024
  0.00429797727  0.0385026462  0.00303088831  0.0829432012  0.0191270955
  3.05292266E-06  0.256444328
  0.00648010784  0.0462395762  0.00509041914  0.0974154624  0.0238190598
  3.50693347E-06  0.276147043
  0.00974004233  0.0543249496  0.0080047184  0.115437941  0.0287516425
  3.98159787E-06  0.294000989
  0.0142860982  0.0626545637  0.0122071608  0.136789315  0.0337476582
  4.467603E-06  0.309204285
  0.0204876312  0.0708607739  0.0175846792  0.157755112  0.0391000338
  4.96318177E-06  0.323284665
  0.028867706  0.0793802202  0.0242108809  0.178344404  0.0446810255
  5.47307011E-06  0.336685022
  0.039660199  0.0881824999  0.0323434794  0.200770168  0.0505942402
  6.00785937E-06  0.350066751
  0.0528679646  0.0972796402  0.0423825824  0.219752249  0.056751891
  6.57923061E-06  0.362404861
  0.0688488424  0.106436552  0.0549515664  0.238388093  0.063105582
  7.19176538E-06  0.374321185
  0.0882873756  0.116003204  0.0702028237  0.256366738  0.0696744978
  7.84759918E-06  0.386278785
  0.112201357  0.126085515  0.0887398977  0.276037995  0.0764158665
  8.55282942E-06  0.397882178
  0.140853195  0.135463559  0.110903502  0.296164445  0.0834596198
  9.29954566E-06  0.407335096
  0.173820233  0.145507821  0.13693578  0.317090558  0.0911067811
  1.00752739E-05  0.415937985
  0.211322671  0.15572541  0.166340533  0.338266844  0.0987892112
  1.08990959E-05  0.424436024
  0.253948016  0.16660514  0.198306067  0.360118239  0.106299905
  1.17871798E-05  0.433091072
  0.300606706  0.177949368  0.234588877  0.381497886  0.113478819
  1.27623288E-05  0.443945474
  0.35042823  0.189439806  0.273996728  0.402910552  0.121871149
  1.38132308E-05  0.455220385
  0.402702109  0.20092754  0.316813762  0.424694795  0.131212355  1.4946967E-05
  0.466571861
  0.456856518  0.212484207  0.360632111  0.446903928  0.140994734
  1.61614439E-05  0.478060541
  0.511144005  0.224495639  0.406174149  0.469078186  0.150893981
  1.74957822E-05  0.489069626
  0.564068372  0.237242419  0.453941427  0.490927004  0.161188181
  1.89514408E-05  0.499046529
  0.616457126  0.24669012  0.503321535  0.512325091  0.171881649
  2.05825045E-05  0.505763066
  0.667011002  0.255527348  0.552463493  0.533711936  0.182893303
  2.2398925E-05  0.512831195
  0.715260094  0.264546388  0.60045888  0.55536282  0.194182813  2.44220799E-05
  0.520155454
  0.759391835  0.273795549  0.647924605  0.57711695  0.206303968
  2.66771562E-05  0.527808012
  0.80003363  0.285608508  0.69342625  0.598248827  0.218224008  2.91711457E-05
  0.538265641
  0.836181812  0.300756634  0.736127806  0.619260502  0.230567156
  3.20113861E-05  0.549458257
  0.867723568  0.316615592  0.775608238  0.641072054  0.23948323
  3.52589625E-05  0.560911632
  0.895247289  0.333080496  0.811696532  0.663636932  0.248991218
  3.89782604E-05  0.572703056
  0.918390223  0.349809621  0.843681559  0.684507884  0.258961738
  4.33827892E-05  0.584714344
  0.93705585  0.367541857  0.871367434  0.705497544  0.269516184
  4.86111971E-05  0.59691261
  0.952094842  0.383042934  0.894602968  0.725780659  0.285241816
  5.48901217E-05  0.607880089
  0.964155588  0.397990309  0.914614914  0.748122613  0.303587718
  6.25212405E-05  0.619382052
  0.974009775  0.412834016  0.93184372  0.766227702  0.323589989
  7.19833386E-05  0.631178348
  0.981285529  0.427514457  0.946922085  0.782398476  0.343744148
  8.38675106E-05  0.644245025
  0.986910945  0.449074285  0.959560154  0.798841939  0.365512046
  9.94723424E-05  0.657774159
  0.99100198  0.469128487  0.969912375  0.815035921  0.38894583  0.000120242093
  0.67141079
  0.994059304  0.490835783  0.978079857  0.834801963  0.408807934
  0.000149347457  0.685944232
  0.996329352  0.515554937  0.9842787  0.854714489  0.432664451  0.000193561717
  0.700829111
  0.997813385  0.547220291  0.989030468  0.87496121  0.457546525
  0.000265582284  0.717046942
  0.998910207  0.581089675  0.992656731  0.896282627  0.481485268
  0.000325786951  0.734400445
  0.999413413  0.619036607  0.995463167  0.917437022  0.515858178
  0.000713971997  0.755137872
  0.999677116  0.661757287  0.997243376  0.938084351  0.567791328
  0.00136649177  0.778833346
  0.999837912  0.711959723  0.998449651  0.957823497  0.613343454  0.0734412596
  0.805821099
  0.999922879  0.808996373  0.999311283  0.978813168  0.753513215  0.286446352
  0.869839004
  1.  1.  1.  1.  1.  1.  1.
