  79115.1714  2.44904223E+10
  0.000516667224  0.00975160069  0.000405153255  0.0140334074  0.00248911348
  9.97398871E-07  0.127866967
  0.00127604351  0.0191599881  0.000957117146  0.0276757293  0.00535477148
  1.77651932E-06  0.191004811
  0.00288942862  0.0278764275  0.00189032424  0.0413891001  0.00858795266
  2.21812804E-06  0.217323976
  0.00499518293  0.0363538019  0.00383228881  0.0570290701  0.0121177423
  2.70421692E-06  0.241112046
  0.00794048198  0.0448469099  0.00639161618  0.0769105062  0.0158108247
  3.1547702E-06  0.261139296
  0.011717115  0.0533045421  0.00944887461  0.0976529051  0.0197780697
  3.59589719E-06  0.273581973
  0.0164357148  0.0619933405  0.0132884444  0.118106046  0.0239922665
  4.03712506E-06  0.285294695
  0.0223308697  0.0701840601  0.0180089095  0.13782832  0.0282977794
  4.48637739E-06  0.29642723
  0.0292627216  0.0767070372  0.0236233262  0.158181446  0.0326790264
  4.9499209E-06  0.30704313
  0.0374200975  0.083129482  0.0306599969  0.178180384  0.0370399121
  5.435767E-06  0.321373956
  0.0474058992  0.0896336826  0.0390316632  0.198438024  0.0416262915
  5.94556319E-06  0.335258598
  0.0589814865  0.0964773632  0.0490796013  0.218219909  0.0464634044
  6.4808824E-06  0.348506818
  0.0724753604  0.105814398  0.0604504573  0.238487389  0.0514518668
  7.04412694E-06  0.361435416
  0.087714814  0.115871324  0.0733280269  0.257587975  0.0554068249
  7.63509474E-06  0.373438068
  0.105257428  0.126031879  0.0880520307  0.275952387  0.0595665041
  8.2577808E-06  0.38539387
  0.125892765  0.136236207  0.105366133  0.29398981  0.0638222348
  8.91113302E-06  0.397156386
  0.149548343  0.146585988  0.125977583  0.31329193  0.0683224492
  9.60166329E-06  0.408791625
  0.177632105  0.157322288  0.149825218  0.333606596  0.074558857
  1.03405708E-05  0.42006996
  0.210907894  0.16822267  0.177274778  0.355296407  0.0809504425
  1.1134828E-05  0.430324527
  0.250487168  0.179300006  0.209140432  0.376156988  0.0875624172
  1.19928491E-05  0.439354669
  0.296892811  0.190778301  0.246939958  0.395745875  0.0943961807
  1.29246424E-05  0.448507252
  0.349917752  0.202500246  0.291844102  0.415122026  0.101433423
  1.39545992E-05  0.458551475
  0.409816775  0.214316961  0.343544871  0.434333315  0.108917298
  1.50853969E-05  0.468747618
  0.473744429  0.226443446  0.401728304  0.455491755  0.116793231
  1.63060418E-05  0.479622647
  0.539207774  0.239097406  0.465256426  0.477087209  0.125153329
  1.76263703E-05  0.490456564
  0.602048  0.252049386  0.530895129  0.498981819  0.133865487  1.90694828E-05
  0.501200892
  0.660043359  0.265408294  0.594940166  0.52036201  0.143040952  2.0674173E-05
  0.511985116
  0.711719118  0.279615659  0.654599424  0.541506929  0.152927085
  2.24780221E-05  0.522713169
  0.757078765  0.293456941  0.706529523  0.562590715  0.16315538
  2.44687553E-05  0.533571802
  0.7954736  0.306626731  0.750847915  0.583746454  0.173758556  2.66557941E-05
  0.544435739
  0.827418173  0.319661008  0.788355341  0.605232422  0.185077174
  2.90817545E-05  0.555282848
  0.85445249  0.334355598  0.821352569  0.627091678  0.197412366
  3.18819095E-05  0.565964434
  0.878061662  0.349810341  0.849590912  0.648934175  0.21052398
  3.51467537E-05  0.576512122
  0.898751022  0.365690773  0.873408224  0.670170683  0.223902621
  3.8935804E-05  0.587198067
  0.916144267  0.38181878  0.893546517  0.690929879  0.237954449
  4.33515236E-05  0.598159872
  0.930815444  0.399345182  0.911198674  0.711791132  0.25311151
  4.85495572E-05  0.609502116
  0.943325363  0.418329081  0.926713274  0.732771496  0.269329234
  5.47070569E-05  0.62164316
  0.954174585  0.43796009  0.940084074  0.753583609  0.286866177
  6.20283827E-05  0.633703315
  0.963685241  0.457755147  0.951391623  0.774445102  0.303972806
  7.12113728E-05  0.646165649
  0.971826656  0.47831001  0.960927933  0.795318912  0.322098301
  8.26816856E-05  0.658980023
  0.978824377  0.500594421  0.969154483  0.815588558  0.34159663
  9.78624132E-05  0.672506019
  0.984521169  0.525120462  0.976127675  0.835612143  0.363963068
  0.000117203102  0.686560793
  0.98901568  0.551921202  0.981863081  0.855868623  0.38791284  0.000143625185
  0.701316499
  0.992512315  0.581839434  0.986561648  0.876380767  0.417480159
  0.000184046679  0.717158447
  0.995336775  0.615010366  0.990401141  0.897245657  0.452125179
  0.000250995553  0.733993797
  0.997430183  0.651947795  0.99343732  0.917319635  0.491409186  0.00034775092
  0.754293824
  0.998817425  0.694307376  0.995894659  0.938465786  0.545670246
  0.000403559314  0.777365985
  0.999452003  0.746081018  0.997685433  0.958983158  0.60471663  0.00338138457
  0.804000329
  0.999780173  0.822304591  0.99896032  0.97980056  0.73679509  0.3522546
  0.869742612
  1.  1.  1.  1.  1.  1.  1.
