  1651.72728  558177777.
  0.000268076659  0.0124990139  0.000269400857  0.0230830123  0.00170365308
  6.72649187E-07  0.135799447
  0.000659683907  0.0234135034  0.00061518462  0.0406023493  0.00366061956
  1.1398594E-06  0.195507702
  0.00127531457  0.0344954246  0.00107955983  0.0583581149  0.00612014025
  1.43286972E-06  0.220615894
  0.00215038954  0.0463404822  0.00215149348  0.0758987999  0.0086704959
  1.7433346E-06  0.243019607
  0.0034359208  0.0591107779  0.00366860257  0.0930424416  0.0113957258
  2.05093626E-06  0.263505914
  0.00544161609  0.0718945926  0.00576712608  0.114535889  0.0140097216
  2.35744859E-06  0.281170495
  0.00837497523  0.0847452803  0.00902232422  0.135637519  0.0162729033
  2.67881437E-06  0.297876728
  0.0124807798  0.0971512472  0.0135946801  0.15629991  0.0187524849
  3.0114223E-06  0.313660312
  0.0181791145  0.109278296  0.0186844848  0.177207284  0.0212518842
  3.35666963E-06  0.327310922
  0.0260463008  0.121967607  0.0244940273  0.197456411  0.0242232899
  3.71855974E-06  0.340070709
  0.0365066995  0.134880683  0.0315310757  0.216062292  0.0279299397
  4.10577276E-06  0.351857922
  0.0499243828  0.147924697  0.0404899801  0.234000876  0.0318874269
  4.5228842E-06  0.363249181
  0.0665736993  0.161192636  0.0536163516  0.251590983  0.0361279812
  4.96535493E-06  0.375151037
  0.0866863645  0.17113027  0.0702236464  0.270518468  0.0405831016
  5.43438392E-06  0.385627601
  0.110786839  0.179665941  0.0895820236  0.290271523  0.0453402398
  5.93993008E-06  0.398437022
  0.139532457  0.188560722  0.111671208  0.309864123  0.0504496782
  6.48230034E-06  0.410148791
  0.172743013  0.196847989  0.136481594  0.32967282  0.055837878
  7.06873381E-06  0.421305314
  0.211042235  0.206229241  0.164237036  0.350315093  0.0614794969
  7.71010702E-06  0.43263612
  0.253823295  0.218453528  0.195253519  0.370902399  0.0669155055
  8.42534843E-06  0.443955406
  0.302018506  0.231046442  0.229562433  0.391838811  0.0725589994
  9.19635931E-06  0.455457537
  0.354604307  0.243931183  0.26709967  0.415476213  0.0783633153
  1.00346419E-05  0.466539104
  0.411352675  0.258133683  0.30760848  0.43560294  0.0851219461
  1.09475976E-05  0.477593511
  0.469966081  0.273183361  0.349838788  0.459909509  0.0924024759
  1.1971076E-05  0.488665506
  0.529249401  0.287994404  0.39376008  0.483239713  0.0999796162
  1.31003637E-05  0.499724919
  0.588069287  0.303036309  0.439336071  0.50672378  0.107952368
  1.43527991E-05  0.510774283
  0.644238337  0.316421761  0.486478134  0.531198822  0.115942427
  1.57563718E-05  0.521868998
  0.695813524  0.328248773  0.534596706  0.553688276  0.124605606
  1.73265679E-05  0.532981834
  0.742666934  0.340326958  0.581885381  0.576729534  0.133883923
  1.90972075E-05  0.544251998
  0.78520529  0.352596995  0.628300674  0.599338566  0.143175615
  2.11102768E-05  0.555729554
  0.823530725  0.367621656  0.672319641  0.621922705  0.153563639
  2.33991066E-05  0.565821075
  0.857102748  0.384570509  0.71386127  0.640518621  0.164739788
  2.59818343E-05  0.573913344
  0.886233195  0.401302825  0.752519087  0.654356351  0.176357277
  2.8935508E-05  0.582347957
  0.910654282  0.418504799  0.788404747  0.667855377  0.189228409
  3.23202156E-05  0.590623001
  0.931068524  0.436389964  0.821194956  0.681243296  0.202917448
  3.63484204E-05  0.601354331
  0.947843385  0.45518393  0.851057079  0.694522761  0.214583778
  4.11272413E-05  0.613467088
  0.960165076  0.474573104  0.878017026  0.713276304  0.224045639
  4.68607206E-05  0.625630696
  0.968870031  0.494110852  0.902095052  0.733405999  0.23223356
  5.38555831E-05  0.637644893
  0.975834539  0.514278983  0.922956027  0.752641964  0.241020999
  6.24260587E-05  0.650936744
  0.981342292  0.534899421  0.940785723  0.771838593  0.252187499
  7.3233161E-05  0.6599371
  0.98649604  0.556483641  0.95578945  0.790547402  0.269508572  8.73596607E-05
  0.669250734
  0.990797498  0.579338408  0.968144289  0.809924778  0.290389763
  0.000106758892  0.6788363
  0.993868479  0.603521187  0.977651506  0.830521997  0.312921288
  0.000134222319  0.688734954
  0.996032336  0.628912794  0.984221524  0.849950815  0.336796876
  0.000174451503  0.702265798
  0.997573796  0.656200816  0.989061524  0.86929806  0.364228491
  0.000234047756  0.718347778
  0.99835485  0.68593351  0.992637763  0.889441835  0.395234028  0.000322858069
  0.73595565
  0.99881524  0.718888171  0.995403923  0.909517645  0.433728391  0.0003876655
  0.755974314
  0.99916222  0.757497303  0.997329909  0.931946871  0.48189793  0.00968225398
  0.779598345
  0.999418639  0.799437095  0.998594884  0.952735666  0.539341183  0.0517618207
  0.807192547
  0.999704819  0.876144825  0.999407237  0.974645138  0.672310489  0.192752435
  0.868312704
  1.  1.  1.  1.  1.  1.  1.
