file CF_noEff CF_eff Delta_CF sigma_Delta_CF phase_noEff phase_Eff Delta_phase sigma_Delta_phase A_noEff Abar_noEff A_withEff Abar_withEff AxAbarRe_noEff AxAbarIm_noEff AxAbarRe_withEff AxAbarIm_withEff
autoRnd_0.out 0.582476 0.572703 -0.00977276 0.0070628 45.2009 42.2488 -2.95205 0.286134 0.175619 0.0153063 0.0167222 0.00144356 0.00110325 0.00111102 1.02336e-05 9.29513e-06
autoRnd_1.out 0.451517 0.45244 0.00092263 0.00699593 140.902 133.788 -7.11411 0.279813 0.159261 0.0180703 0.0151689 0.00172377 -0.00100843 0.00081948 -8.18638e-06 8.54035e-06
autoRnd_10.out 0.762443 0.76622 0.00377694 0.0070405 -147.654 -150.229 -2.57529 0.276431 0.173184 0.0150066 0.0164934 0.00144024 -0.00167404 -0.00106018 -1.57989e-05 -9.03752e-06
autoRnd_100.out 0.75213 0.762099 0.00996885 0.0070323 159.201 157.413 -1.78833 0.219281 0.143087 0.0177085 0.0136124 0.00173456 -0.0017816 0.000676722 -1.66141e-05 6.91138e-06
autoRnd_101.out 0.670755 0.690018 0.0192628 0.00699857 -140.919 -139.775 1.144 0.282166 0.128723 0.0156901 0.0122572 0.00154149 -0.0010516 -0.000854023 -9.9544e-06 -8.41946e-06
autoRnd_102.out 0.357358 0.315904 -0.0414538 0.00693932 94.5781 89.0945 -5.48364 0.206548 0.144039 0.0140242 0.0137223 0.00130638 -5.76188e-05 0.000719569 8.94952e-08 5.66237e-06
autoRnd_103.out 0.194864 0.189919 -0.00494447 0.00695093 -6.81047 -23.4189 -16.6085 0.235339 0.137895 0.00911202 0.0131233 0.000852772 0.00024312 -2.90353e-05 1.95034e-06 -8.44753e-07
autoRnd_104.out 0.613783 0.620884 0.00710101 0.00704691 -4.48291 -8.78564 -4.30273 0.190046 0.182143 0.0153627 0.0173662 0.00145945 0.00171224 -0.000134242 1.55517e-05 -2.40354e-06
autoRnd_105.out 0.633847 0.638559 0.00471245 0.00705692 77.2371 73.44 -3.79708 0.211435 0.164572 0.0162625 0.0156688 0.00157772 0.000374763 0.00165448 4.49924e-06 1.5131e-05
autoRnd_106.out 0.3777 0.415291 0.037591 0.00696035 87.4862 86.3099 -1.17637 0.215451 0.169743 0.0138171 0.0161746 0.00137549 3.88527e-05 0.000884994 5.94651e-07 9.22022e-06
autoRnd_107.out 0.368811 0.40763 0.0388197 0.00694565 139.402 137.19 -2.21213 0.279788 0.152887 0.0146397 0.0145548 0.00143723 -0.000626784 0.000537173 -6.25561e-06 5.79473e-06
autoRnd_108.out 0.782355 0.793042 0.0106866 0.00703065 -174.322 -176.664 -2.34239 0.151712 0.13367 0.0136443 0.0127303 0.00132736 -0.00141988 -0.000141179 -1.33779e-05 -7.79765e-07
autoRnd_109.out 0.680673 0.676435 -0.00423785 0.00702987 -104.273 -108.421 -4.14832 0.212361 0.128698 0.0211487 0.012255 0.00201813 -0.000456742 -0.00179547 -5.28651e-06 -1.58726e-05
autoRnd_11.out 0.671977 0.686518 0.0145404 0.00704247 -73.1582 -75.3477 -2.18957 0.211166 0.16016 0.0169058 0.0152543 0.00167867 0.000527155 -0.00174142 4.44682e-06 -1.7008e-05
autoRnd_110.out 0.365186 0.3406 -0.0245862 0.0069568 0.121068 -2.62831 -2.74937 0.227784 0.162066 0.0154559 0.0154403 0.00149041 0.000914743 1.93289e-06 7.82977e-06 -3.59424e-07
autoRnd_111.out 0.189741 0.124718 -0.065023 0.006429 -150.527 -138.057 12.4699 0.25658 0.162591 0.0123443 0.0154812 0.00116626 -0.000331538 -0.00018737 -1.6749e-06 -1.50507e-06
autoRnd_112.out 0.15854 0.118129 -0.0404116 0.00703981 -106.348 -90.11 16.2379 0.293741 0.149702 0.0109971 0.014243 0.00102175 -7.34638e-05 -0.000250449 -3.30071e-09 -1.7191e-06
autoRnd_113.out 0.50615 0.52663 0.0204797 0.00689317 102.528 93.7451 -8.78316 0.241312 0.144413 0.0164122 0.0137409 0.00153271 -0.000260229 0.00117108 -7.24458e-07 1.10675e-05
autoRnd_114.out 0.555421 0.537564 -0.0178563 0.0070195 166.641 160.545 -6.09651 0.244513 0.148557 0.0199662 0.0141416 0.00192869 -0.00160286 0.00038064 -1.38248e-05 4.88351e-06
autoRnd_115.out 0.0932796 0.0733738 -0.0199058 0.00655215 -80.1697 -106.971 -26.8017 0.252406 0.146061 0.0189561 0.0139088 0.00186499 4.4094e-05 -0.000254476 -5.55565e-07 -1.82042e-06
autoRnd_116.out 0.399532 0.433838 0.0343056 0.0069821 -176.219 -173.315 2.90411 0.179097 0.141497 0.0161203 0.0134634 0.00158916 -0.000909334 -6.00941e-05 -9.21902e-06 -1.08055e-06
autoRnd_117.out 0.609207 0.653746 0.0445389 0.00701699 -97.8653 -98.1292 -0.263916 0.183849 0.138873 0.0153584 0.0132259 0.00152388 -0.000177809 -0.00128713 -1.86316e-06 -1.30436e-05
autoRnd_118.out 0.580094 0.564659 -0.0154344 0.00704723 26.7784 24.7193 -2.05913 0.234265 0.178834 0.0124383 0.0170247 0.00115452 0.00115197 0.000581356 1.00816e-05 4.64112e-06
autoRnd_119.out 0.136935 0.0854705 -0.0514642 0.00657251 76.5934 82.8404 6.24701 0.284913 0.17315 0.0157435 0.0164806 0.00147103 8.65494e-05 0.000363111 2.58253e-07 2.05594e-06
autoRnd_12.out 0.417403 0.476294 0.0588909 0.00690085 -49.4208 -46.9304 2.49044 0.279083 0.152244 0.0158897 0.0144847 0.00157454 0.000656835 -0.000766906 7.41799e-06 -7.93546e-06
autoRnd_120.out 0.491168 0.508145 0.0169772 0.0070381 -4.80057 -3.4182 1.38238 0.221658 0.159979 0.0148943 0.0152426 0.001452 0.00116624 -9.79435e-05 1.12264e-05 -6.7055e-07
autoRnd_121.out 0.290765 0.257114 -0.0336511 0.00658943 13.4186 27.9755 14.557 0.318866 0.140032 0.0160067 0.0133355 0.00148964 0.000633944 0.000151244 4.51078e-06 2.39595e-06
autoRnd_122.out 0.280393 0.307973 0.0275799 0.0070626 152.126 149.053 -3.07326 0.307853 0.129845 0.0111665 0.0123599 0.00107637 -0.000359379 0.000190074 -3.51395e-06 2.10701e-06
autoRnd_123.out 0.360991 0.371722 0.0107311 0.00703826 -155.075 -162.998 -7.92348 0.249018 0.157558 0.0179391 0.0150008 0.00175649 -0.000925289 -0.000430002 -9.36636e-06 -2.86391e-06
autoRnd_124.out 0.339098 0.379795 0.0406969 0.00689369 -137.672 -139.105 -1.43315 0.281787 0.148146 0.0187125 0.0141062 0.00184002 -0.00069497 -0.000632999 -7.45165e-06 -6.45369e-06
autoRnd_125.out 0.506996 0.542416 0.0354196 0.00702525 -79.3314 -79.9405 -0.609164 0.211124 0.145258 0.0161318 0.01382 0.00161206 0.000219938 -0.00116749 2.11077e-06 -1.18985e-05
autoRnd_126.out 0.0901278 0.0824143 -0.00771357 0.00656424 88.2901 47.4174 -40.8728 0.253361 0.182397 0.0110334 0.0173629 0.00104473 5.41209e-06 0.000181298 1.01157e-06 1.10074e-06
autoRnd_127.out 0.200702 0.20088 0.000178144 0.00700288 65.0513 61.1969 -3.85435 0.289903 0.159717 0.00954405 0.0152081 0.000918035 0.000129048 0.000277391 1.35125e-06 2.45761e-06
autoRnd_128.out 0.263366 0.25623 -0.00713597 0.00704988 100.316 83.7123 -16.604 0.249466 0.153854 0.01698 0.0146486 0.0015814 -0.000123214 0.000676908 6.50082e-07 5.89998e-06
autoRnd_129.out 0.482536 0.509259 0.0267221 0.00700611 109.538 104.651 -4.88724 0.24845 0.150906 0.0169724 0.0143639 0.0016442 -0.000413329 0.00116472 -3.04208e-06 1.16361e-05
autoRnd_13.out 0.350983 0.406309 0.055326 0.00682837 -5.79817 -5.51563 0.282543 0.209255 0.138318 0.0147519 0.0131716 0.00145756 0.0007125 -7.23502e-05 7.76435e-06 -7.4976e-07
autoRnd_130.out 0.45752 0.472074 0.0145545 0.00694436 129.059 134.985 5.92644 0.282957 0.141704 0.0126673 0.0134918 0.00123958 -0.000517483 0.000637703 -5.5812e-06 5.58411e-06
autoRnd_131.out 0.174711 0.217072 0.042361 0.0068786 169.431 -170.509 -339.94 0.219303 0.138502 0.0137417 0.013182 0.00130797 -0.000326879 6.09925e-05 -3.69144e-06 -6.17148e-07
autoRnd_132.out 0.10097 0.178913 0.0779432 0.0062579 -97.6559 -103.183 -5.52706 0.239797 0.125977 0.0157191 0.0119951 0.00151064 -2.66374e-05 -0.000198162 -7.39366e-07 -3.15652e-06
autoRnd_133.out 0.523108 0.557903 0.0347944 0.00697002 -48.9393 -54.4444 -5.50507 0.278981 0.129261 0.0214207 0.0122998 0.00208422 0.000951404 -0.00109213 8.31661e-06 -1.16355e-05
autoRnd_134.out 0.387554 0.401439 0.0138856 0.00697966 75.6306 66.1603 -9.47029 0.284803 0.164629 0.0196092 0.0156931 0.00186239 0.000310493 0.00121198 4.74211e-06 1.07317e-05
autoRnd_135.out 0.21072 0.147486 -0.0632344 0.00664745 -88.2356 -92.2991 -4.06354 0.24804 0.177336 0.0150465 0.01688 0.00141771 1.73119e-05 -0.000561994 -1.41591e-07 -3.52663e-06
autoRnd_136.out 0.454344 0.467941 0.0135966 0.00696699 15.7604 16.773 1.01261 0.299045 0.161865 0.0126775 0.0154185 0.00119506 0.000897283 0.000253237 8.25544e-06 2.48823e-06
autoRnd_137.out 0.362518 0.44653 0.0840126 0.00675449 138.158 134.445 -3.71329 0.275002 0.165536 0.0150605 0.0157658 0.00142218 -0.000673307 0.000602885 -7.01068e-06 7.1478e-06
autoRnd_138.out 0.519039 0.545454 0.0264145 0.00699921 -138.935 -143.08 -4.14511 0.280807 0.150167 0.0152692 0.0142998 0.00147962 -0.00089731 -0.000781816 -9.22664e-06 -6.93263e-06
autoRnd_139.out 0.251393 0.296958 0.0455651 0.0068546 -127.635 -127.856 -0.221137 0.284701 0.130328 0.0148631 0.0124101 0.00147801 -0.000297354 -0.000385639 -3.34262e-06 -4.30061e-06
autoRnd_14.out 0.447763 0.431443 -0.0163199 0.00701082 26.754 22.0138 -4.7402 0.262529 0.162591 0.0103891 0.0154912 0.0010005 0.000675383 0.00034048 6.19941e-06 2.50646e-06
autoRnd_140.out 0.394986 0.405234 0.010248 0.0069004 -127.292 -118.308 8.98382 0.25578 0.120489 0.0172105 0.01147 0.00164554 -0.000496255 -0.000651622 -3.62701e-06 -6.73386e-06
autoRnd_141.out 0.54641 0.5707 0.0242905 0.00694669 -73.255 -67.2144 6.04064 0.274185 0.119906 0.0136331 0.0114245 0.00128654 0.000257345 -0.000855337 3.24862e-06 -7.7336e-06
autoRnd_142.out 0.469938 0.458693 -0.0112449 0.00694517 45.9376 41.5272 -4.41039 0.281041 0.175552 0.0120829 0.0167281 0.00114184 0.000693229 0.000716298 6.55912e-06 5.80858e-06
autoRnd_143.out 0.364275 0.335219 -0.0290563 0.00684917 165.963 157.212 -8.75142 0.259062 0.183117 0.0181307 0.0174308 0.00173122 -0.0011733 0.000293337 -9.3261e-06 3.91808e-06
autoRnd_144.out 0.100066 0.107418 0.00735252 0.00684011 58.2421 94.6824 36.4402 0.241505 0.170953 0.0119004 0.0162721 0.00113106 0.000107148 0.000173096 -1.61386e-07 1.9704e-06
autoRnd_145.out 0.530975 0.545222 0.0142468 0.00694907 112.194 115.411 3.21719 0.259967 0.175504 0.0115035 0.016705 0.0010983 -0.000404928 0.000992566 -4.29244e-06 9.03549e-06
autoRnd_146.out 0.629434 0.644602 0.0151677 0.00693285 -169.702 -170.181 -0.479261 0.161007 0.14361 0.014232 0.0136839 0.00137799 -0.00126574 -0.000229988 -1.19767e-05 -2.07286e-06
autoRnd_147.out 0.400395 0.410292 0.00989699 0.0070242 -45.3017 -54.5587 -9.25698 0.282184 0.139586 0.0167627 0.0132873 0.00162899 0.000658965 -0.000665942 5.14963e-06 -7.23518e-06
autoRnd_148.out 0.0730547 0.108947 0.0358927 0.00659776 -30.5757 -53.5154 -22.9396 0.27293 0.136507 0.0172705 0.0129976 0.0016979 0.000148283 -8.76093e-05 1.42963e-06 -1.93311e-06
autoRnd_149.out 0.590597 0.604276 0.0136783 0.00699676 -33.6397 -31.425 2.21475 0.258658 0.12794 0.0139592 0.0121848 0.00138192 0.000878135 -0.00058431 8.68259e-06 -5.30507e-06
autoRnd_15.out 0.669043 0.644182 -0.024861 0.00697199 121.205 118.118 -3.08641 0.251364 0.155566 0.0160159 0.0148333 0.00147757 -0.000863644 0.00142577 -6.65408e-06 1.24523e-05
autoRnd_150.out 0.327357 0.302687 -0.0246698 0.00691072 -18.6462 -8.97538 9.67079 0.334467 0.156755 0.0140176 0.0149323 0.00129163 0.000681555 -0.00022998 5.76645e-06 -9.10776e-07
autoRnd_151.out 0.249093 0.227382 -0.0217106 0.00699705 -106.966 -121.965 -14.9989 0.243562 0.147168 0.0137293 0.0140072 0.0012502 -0.000146863 -0.000481392 -2.108e-06 -3.37811e-06
autoRnd_152.out 0.177584 0.124685 -0.0528991 0.00661551 -91.7999 -88.2728 3.5271 0.237822 0.162413 0.0152556 0.0154642 0.00147791 -1.38203e-05 -0.000439786 8.58885e-08 -2.84834e-06
autoRnd_153.out 0.0906939 0.162548 0.0718542 0.00620784 159.13 166.533 7.40284 0.209878 0.155123 0.0159246 0.0147648 0.00153436 -0.000209339 7.98139e-05 -3.58117e-06 8.57602e-07
autoRnd_154.out 0.366759 0.379192 0.0124331 0.00684598 -167.777 -157.705 10.0717 0.288107 0.159067 0.0153256 0.015162 0.00144911 -0.000873813 -0.0001893 -7.70852e-06 -3.16074e-06
autoRnd_155.out 0.408146 0.410619 0.00247275 0.00695446 -112.324 -105.976 6.34847 0.253259 0.150212 0.0152718 0.0143 0.00143638 -0.000355651 -0.000866113 -2.32137e-06 -8.10842e-06
autoRnd_156.out 0.249814 0.274799 0.0249848 0.00699542 -81.8909 -74.8611 7.02979 0.258089 0.145715 0.0150324 0.0138704 0.00147657 7.71877e-05 -0.000541732 1.46983e-06 -5.43275e-06
autoRnd_157.out 0.361031 0.426259 0.0652278 0.0068003 -18.6156 -16.3389 2.27674 0.221548 0.131318 0.0174021 0.0125071 0.00168159 0.000781865 -0.000263364 8.60294e-06 -2.52202e-06
autoRnd_158.out 0.295564 0.255255 -0.0403087 0.00690804 -134.445 -142.239 -7.79409 0.278209 0.146637 0.0106535 0.0139637 0.00102457 -0.000323311 -0.000329641 -2.88706e-06 -2.23631e-06
autoRnd_159.out 0.384734 0.333019 -0.0517154 0.00685457 50.4507 49.9073 -0.543446 0.285134 0.142624 0.0154762 0.0135876 0.0014377 0.000540732 0.000654813 4.18969e-06 4.97671e-06
autoRnd_16.out 0.328674 0.341165 0.0124907 0.00705188 -143.456 -144.579 -1.12258 0.287706 0.153214 0.0119645 0.014584 0.0011813 -0.000484053 -0.000358754 -4.78978e-06 -3.40659e-06
autoRnd_160.out 0.326695 0.291077 -0.0356178 0.0068293 89.8688 94.2412 4.37247 0.234577 0.140103 0.0157944 0.0133334 0.0014592 1.65593e-06 0.000722925 -4.18826e-07 5.64768e-06
autoRnd_161.out 0.364518 0.33266 -0.0318582 0.00694835 91.2063 97.693 6.48671 0.313066 0.132943 0.0128313 0.0126458 0.00118425 -1.30907e-05 0.000621671 -6.669e-07 4.93703e-06
autoRnd_162.out 0.561328 0.596181 0.0348528 0.00706299 -132.08 -131.738 0.342096 0.285916 0.168118 0.0160998 0.0160242 0.00156686 -0.0010182 -0.00112766 -9.96508e-06 -1.11697e-05
autoRnd_163.out 0.460886 0.500839 0.0399525 0.00705004 -74.1054 -72.7857 1.31965 0.208771 0.155895 0.0134166 0.0148401 0.00131415 0.000264005 -0.000927124 2.89063e-06 -9.32987e-06
autoRnd_164.out 0.41547 0.423323 0.00785267 0.00700141 -40.4908 -35.2416 5.24927 0.273835 0.148194 0.014422 0.0141016 0.00138704 0.000675308 -0.000576581 6.76248e-06 -4.77776e-06
autoRnd_165.out 0.629592 0.624088 -0.00550367 0.00697405 -7.72413 -9.35053 -1.6264 0.165109 0.125119 0.0178018 0.0119213 0.00170132 0.0013896 -0.000188477 1.24896e-05 -2.05656e-06
autoRnd_166.out 0.183893 0.237288 0.053395 0.00663877 63.696 62.5645 -1.13158 0.261927 0.164049 0.0126706 0.0156177 0.0012001 0.000169383 0.000342662 2.04915e-06 3.94722e-06
autoRnd_167.out 0.375417 0.404891 0.029474 0.00694877 -136.124 -145.233 -9.10912 0.276102 0.151886 0.0160256 0.0144597 0.00151764 -0.000658697 -0.000633348 -7.299e-06 -5.06669e-06
autoRnd_168.out 0.29666 0.265664 -0.030995 0.0068388 136.592 134.233 -2.35848 0.277004 0.15619 0.0097256 0.0148695 0.000927426 -0.000327378 0.000309676 -2.55566e-06 2.625e-06
autoRnd_169.out 0.550116 0.539123 -0.0109932 0.00695404 175.239 175.256 0.0162303 0.168725 0.14277 0.014733 0.0135947 0.00137036 -0.00115314 9.60351e-05 -1.00093e-05 8.30734e-07
autoRnd_17.out 0.353666 0.303032 -0.0506345 0.00671367 96.3786 107.058 10.6798 0.32195 0.14348 0.0123759 0.0136564 0.00114464 -6.97704e-05 0.000624117 -1.38956e-06 4.52851e-06
autoRnd_170.out 0.650631 0.654181 0.00354925 0.00705107 -141.876 -137.673 4.2028 0.284883 0.139614 0.0143456 0.0132789 0.00130872 -0.00102512 -0.000804494 -8.40495e-06 -7.65511e-06
autoRnd_171.out 0.466679 0.476433 0.00975436 0.00696356 -16.9797 -21.2875 -4.30782 0.263068 0.136678 0.0158053 0.013001 0.0015505 0.00096419 -0.00029441 8.94865e-06 -3.48669e-06
autoRnd_172.out 0.316632 0.360389 0.0437573 0.00695292 -32.6812 -26.4631 6.21806 0.244846 0.141131 0.0143299 0.0134355 0.00141915 0.000538978 -0.000345768 6.15152e-06 -3.06209e-06
autoRnd_173.out 0.62808 0.61815 -0.00993074 0.00697049 9.34822 11.6587 2.31047 0.221549 0.131878 0.0147624 0.012545 0.00141859 0.00120653 0.000198619 1.07738e-05 2.22304e-06
autoRnd_174.out 0.396153 0.351184 -0.044969 0.00692758 50.8686 49.3052 -1.5634 0.284885 0.174601 0.0173957 0.0166376 0.0016157 0.000759363 0.00093335 6.15537e-06 7.1576e-06
autoRnd_175.out 0.2531 0.249062 -0.00403887 0.00702523 128.192 134.896 6.70401 0.284026 0.1639 0.014322 0.0156167 0.00133725 -0.000367343 0.000466949 -3.67114e-06 3.68454e-06
autoRnd_176.out 0.165627 0.1419 -0.0237272 0.00682137 13.4141 4.72598 -8.68817 0.258016 0.166596 0.0142358 0.0158631 0.00137558 0.00038209 9.11265e-05 3.08588e-06 2.55114e-07
autoRnd_177.out 0.0337896 0.0460783 0.0122887 0.00667626 93.281 -115.015 -208.296 0.219671 0.130951 0.0123951 0.0124685 0.00116119 -3.13892e-06 5.47553e-05 -2.82099e-07 -6.04557e-07
autoRnd_178.out 0.617043 0.598493 -0.0185497 0.00702045 -107.091 -108.01 -0.919134 0.214402 0.133949 0.0146131 0.0127521 0.00135509 -0.000354958 -0.00115447 -3.1976e-06 -9.83541e-06
autoRnd_179.out 0.675693 0.661881 -0.0138119 0.00701707 -42.7098 -43.85 -1.14019 0.285908 0.124907 0.0191708 0.0118998 0.0017706 0.00118891 -0.00109747 1.0057e-05 -9.6612e-06
autoRnd_18.out 0.628386 0.655176 0.0267892 0.00701892 -143.243 -141.411 1.8311 0.285422 0.184144 0.0124785 0.0175448 0.00123323 -0.00115684 -0.000864089 -1.10805e-05 -8.84185e-06
autoRnd_180.out 0.336013 0.343881 0.00786769 0.00693096 -0.678445 2.63255 3.311 0.202881 0.123147 0.0148587 0.0117226 0.0014456 0.000614799 -7.28024e-06 5.8213e-06 2.67658e-07
autoRnd_181.out 0.398134 0.398337 0.000202924 0.00694375 9.4433 11.1035 1.66017 0.299253 0.139848 0.016952 0.0133045 0.0016599 0.000931066 0.00015486 8.63227e-06 1.69413e-06
autoRnd_182.out 0.366135 0.420445 0.0543094 0.00692284 64.6781 60.0083 -4.66977 0.268831 0.214219 0.00723059 0.0203714 0.000671239 0.000242559 0.000512629 2.87387e-06 4.97936e-06
autoRnd_183.out 0.570851 0.535014 -0.0358367 0.00695025 146.064 147.281 1.21647 0.285144 0.171973 0.0135943 0.0163766 0.00128364 -0.00110724 0.000745034 -9.46234e-06 6.07916e-06
autoRnd_184.out 0.328964 0.302764 -0.0261993 0.0069952 -123.641 -118.159 5.48234 0.301139 0.164232 0.0165067 0.0156413 0.00154145 -0.000494048 -0.000742441 -3.44489e-06 -6.43577e-06
autoRnd_185.out 0.174619 0.200353 0.0257344 0.00680184 169.502 175.677 6.17459 0.293108 0.167546 0.0160624 0.0159489 0.00158855 -0.000462066 8.5621e-05 -5.06163e-06 3.82653e-07
autoRnd_186.out 0.106783 0.198103 0.09132 0.00623839 -45.9501 -51.74 -5.78992 0.248276 0.159303 0.0163954 0.0151668 0.00157031 0.000193915 -0.000200455 2.9216e-06 -3.70471e-06
autoRnd_187.out 0.535762 0.575293 0.0395304 0.00697867 -0.611412 -3.45091 -2.8395 0.179341 0.153668 0.0122195 0.0146298 0.00121104 0.00100597 -1.07353e-05 1.01741e-05 -6.13528e-07
autoRnd_188.out 0.556945 0.543332 -0.0136127 0.00697475 40.4181 35.9479 -4.4702 0.27532 0.138047 0.0166582 0.0131432 0.0015857 0.000975088 0.000830395 9.16708e-06 6.64753e-06
autoRnd_189.out 0.591013 0.587225 -0.00378795 0.00702927 59.2094 58.6549 -0.554494 0.254458 0.130456 0.0159812 0.012418 0.00157052 0.000630749 0.00105848 5.95747e-06 9.78095e-06
autoRnd_19.out 0.644369 0.695396 0.0510276 0.00700183 -52.3419 -54.0516 -1.70971 0.273048 0.161396 0.0151516 0.0153805 0.00148352 0.0009627 -0.00124747 9.31485e-06 -1.28451e-05
autoRnd_190.out 0.0959883 0.113729 0.0177407 0.00690472 28.8552 52.8102 23.9551 0.280325 0.179198 0.0164349 0.0170611 0.00158237 0.000247598 0.000136428 1.85589e-06 2.44596e-06
autoRnd_191.out 0.270111 0.220161 -0.0499497 0.00674412 46.5053 45.3504 -1.15489 0.273679 0.187366 0.0113432 0.0178396 0.00107023 0.000395129 0.000416455 2.95403e-06 2.99038e-06
autoRnd_192.out 0.379338 0.402224 0.0228858 0.00700096 -138.847 -138.197 0.650345 0.281096 0.184151 0.0100794 0.0175322 0.000993209 -0.000530157 -0.000463343 -5.22107e-06 -4.66865e-06
autoRnd_193.out 0.428329 0.417859 -0.0104698 0.00699702 -89.3995 -92.8254 -3.42598 0.14337 0.188287 0.013699 0.0179253 0.00132026 1.15799e-05 -0.00110475 -4.87462e-07 -9.87703e-06
autoRnd_194.out 0.710705 0.719627 0.00892123 0.00701254 -62.6781 -64.5885 -1.91041 0.261485 0.171267 0.0150388 0.0163155 0.00146328 0.000840194 -0.00162632 7.37239e-06 -1.55182e-05
autoRnd_195.out 0.688414 0.70833 0.0199161 0.00697632 -4.93731 -4.33205 0.605258 0.147423 0.161223 0.0163512 0.0153462 0.00161081 0.00180805 -0.000156191 1.74598e-05 -1.32263e-06
autoRnd_196.out 0.234523 0.270939 0.0364158 0.00688205 12.3136 28.1866 15.873 0.294632 0.131456 0.0152923 0.0125189 0.00147932 0.000460605 0.000100543 4.42262e-06 2.37006e-06
autoRnd_197.out 0.561085 0.566766 0.00568133 0.00704909 95.7279 93.8902 -1.83768 0.169803 0.129386 0.0130321 0.0123127 0.00128979 -9.44227e-05 0.00094136 -6.10649e-07 8.97997e-06
autoRnd_198.out 0.361868 0.341163 -0.0207055 0.00700835 137.526 126.707 -10.8194 0.285581 0.152209 0.0166806 0.0144931 0.00153316 -0.000677663 0.0006204 -4.53111e-06 6.0775e-06
autoRnd_199.out 0.745324 0.737854 -0.00747024 0.00704662 -167.898 -168.816 -0.917971 0.160238 0.154599 0.0122475 0.0147343 0.00117918 -0.00137987 -0.000295861 -1.25763e-05 -2.48646e-06
autoRnd_2.out 0.420514 0.480311 0.0597963 0.00688341 -157.055 -159.432 -2.37709 0.241418 0.156255 0.0201215 0.0148811 0.00196803 -0.00121753 -0.000515427 -1.31699e-05 -4.94179e-06
autoRnd_20.out 0.501635 0.484604 -0.0170313 0.00701706 9.99946 5.65599 -4.34347 0.225296 0.139607 0.0189568 0.0132923 0.00184771 0.00130741 0.000230519 1.18441e-05 1.17301e-06
autoRnd_200.out 0.321636 0.383664 0.0620272 0.0068499 -105.808 -108.262 -2.45388 0.241665 0.197562 0.0097839 0.0188037 0.000950557 -0.000169365 -0.000598185 -2.14895e-06 -6.51218e-06
autoRnd_201.out 0.328332 0.369953 0.0416213 0.00695819 -78.2023 -75.116 3.08626 0.223836 0.202443 0.00968395 0.0192682 0.000968783 0.000131604 -0.00063008 1.77384e-06 -6.67411e-06
autoRnd_202.out 0.714319 0.712146 -0.00217279 0.00705925 -43.2323 -46.3391 -3.1068 0.285551 0.148675 0.0148715 0.014138 0.00140512 0.00115071 -0.00108181 9.76705e-06 -1.02346e-05
autoRnd_203.out 0.738447 0.740183 0.00173653 0.00704438 37.1856 33.4808 -3.70486 0.271795 0.152726 0.0191167 0.014545 0.00184239 0.00171763 0.00130307 1.65439e-05 1.09422e-05
autoRnd_204.out 0.475496 0.492642 0.017146 0.00703442 102.885 100.649 -2.23678 0.222621 0.1418 0.0167061 0.0134937 0.00166461 -0.000251194 0.00109805 -2.04478e-06 1.0875e-05
autoRnd_205.out 0.474032 0.497566 0.0235342 0.00697113 87.1307 90.9334 3.80273 0.162597 0.137731 0.0155503 0.0131092 0.00154957 5.08218e-05 0.00101398 -1.64654e-07 1.0106e-05
autoRnd_206.out 0.152303 0.0890958 -0.0632068 0.00625845 16.3098 36.869 20.5592 0.243226 0.169645 0.0107782 0.0161519 0.00096823 0.000267273 7.82055e-05 1.11469e-06 8.35993e-07
autoRnd_207.out 0.532551 0.536872 0.0043206 0.00697548 -111.446 -116.946 -5.49983 0.233937 0.172456 0.010439 0.0164186 0.000980134 -0.000350534 -0.000892355 -3.91497e-06 -7.70161e-06
autoRnd_208.out 0.521155 0.491846 -0.0293089 0.0070503 -77.506 -81.4817 -3.97567 0.231304 0.150194 0.0161914 0.0143061 0.00147996 0.00027418 -0.00123736 1.54251e-06 -1.02987e-05
autoRnd_209.out 0.216718 0.182796 -0.0339217 0.00674291 61.8968 46.166 -15.7308 0.269218 0.169073 0.0214121 0.016104 0.00208332 0.000369576 0.000692062 4.24739e-06 4.42388e-06
autoRnd_21.out 0.223414 0.260561 0.0371471 0.00683556 1.09775 -0.538888 -1.63663 0.208237 0.132085 0.0194482 0.0125738 0.00193016 0.000573807 1.09951e-05 6.32338e-06 -5.94755e-08
autoRnd_210.out 0.2681 0.265693 -0.00240626 0.00685805 -54.016 -36.8985 17.1176 0.276589 0.162327 0.0134398 0.0154591 0.00128262 0.000343662 -0.000473289 4.21299e-06 -3.16303e-06
autoRnd_211.out 0.837825 0.840348 0.00252243 0.00696141 28.4301 28.8284 0.398316 0.259175 0.16708 0.0120772 0.015915 0.0011828 0.00148672 0.000804874 1.38585e-05 7.6277e-06
autoRnd_212.out 0.626666 0.639899 0.0132332 0.0070289 112.758 108.109 -4.64926 0.224124 0.147733 0.0187114 0.0140586 0.00183975 -0.000670122 0.00159742 -5.14431e-06 1.57308e-05
autoRnd_213.out 0.406403 0.412403 0.00599989 0.00706596 156.292 153.769 -2.5232 0.266594 0.146146 0.0175847 0.0139029 0.00174408 -0.000956288 0.000419934 -8.97004e-06 4.41982e-06
autoRnd_214.out 0.526175 0.533234 0.00705847 0.00703389 103.133 98.9237 -4.20961 0.227975 0.182012 0.0142428 0.017335 0.00136152 -0.000309935 0.00132836 -1.95224e-06 1.2433e-05
autoRnd_215.out 0.418314 0.383689 -0.0346249 0.00700586 148.902 155.378 6.47619 0.316047 0.155022 0.0141123 0.0147671 0.00132098 -0.000783633 0.000472682 -6.80413e-06 3.11832e-06
autoRnd_216.out 0.34978 0.387884 0.0381044 0.00702746 -63.787 -58.8117 4.97532 0.281577 0.147313 0.00957567 0.0140328 0.000918745 0.000217942 -0.000442664 2.58969e-06 -4.27805e-06
autoRnd_217.out 0.452517 0.410252 -0.0422653 0.0069292 28.1941 23.1003 -5.09379 0.246293 0.150407 0.016553 0.0143082 0.00155545 0.000992958 0.000532288 8.39832e-06 3.58224e-06
autoRnd_218.out 0.404048 0.414257 0.010209 0.00690706 7.7473 1.35173 -6.39557 0.208093 0.145282 0.0166625 0.0138356 0.0015998 0.000969181 0.000131853 9.16668e-06 2.16301e-07
autoRnd_219.out 0.516829 0.554199 0.0373699 0.00699251 57.6416 58.206 0.564365 0.264093 0.170336 0.0147077 0.0162323 0.00147194 0.000692988 0.00109373 6.9765e-06 1.12546e-05
autoRnd_22.out 0.195357 0.11779 -0.0775674 0.0064107 -68.5907 -69.2471 -0.656398 0.221741 0.177622 0.0181035 0.0169033 0.00166447 0.000229306 -0.000584838 1.17428e-06 -3.09898e-06
autoRnd_220.out 0.639595 0.662125 0.02253 0.00702377 112.825 113.781 0.956961 0.249937 0.165602 0.0132587 0.0157786 0.00131962 -0.000544757 0.00129438 -5.55946e-06 1.2616e-05
autoRnd_221.out 0.561994 0.558 -0.00399432 0.00698845 159.588 158.3 -1.28876 0.239695 0.134532 0.0153745 0.0128155 0.00150865 -0.00108943 0.000405405 -1.00239e-05 3.98907e-06
autoRnd_222.out 0.163772 0.123205 -0.0405677 0.00652203 -92.913 -116.403 -23.4903 0.218607 0.178363 0.019135 0.0169744 0.0017827 -2.84058e-05 -0.00055823 -1.65789e-06 -3.33931e-06
autoRnd_223.out 0.388852 0.422012 0.0331594 0.0070082 -98.5692 -103.249 -4.6795 0.267952 0.176339 0.0155011 0.0167833 0.00149501 -0.000158376 -0.00105104 -2.42672e-06 -1.0307e-05
autoRnd_224.out 0.504619 0.482321 -0.0222986 0.00689971 -105.082 -98.5871 6.49471 0.230795 0.180228 0.00903581 0.0171613 0.000845431 -0.000213825 -0.00079347 -1.04487e-06 -6.9194e-06
autoRnd_225.out 0.353793 0.344345 -0.00944825 0.00683143 -56.2488 -46.8088 9.44005 0.28232 0.16673 0.0096258 0.0158756 0.000915248 0.000315467 -0.000472108 3.42448e-06 -3.64782e-06
autoRnd_226.out 0.134263 0.199877 0.0656143 0.00651004 65.2317 51.0479 -14.1838 0.261538 0.156252 0.0139966 0.0148704 0.00134609 0.000123017 0.000266621 2.51527e-06 3.11141e-06
autoRnd_227.out 0.402579 0.411582 0.00900291 0.00690261 110.364 101.611 -8.75369 0.255709 0.126729 0.0203941 0.0120591 0.00194245 -0.000362071 0.000975442 -1.94033e-06 9.44371e-06
autoRnd_228.out 0.440112 0.482238 0.0421263 0.00699918 152.348 148.73 -3.61747 0.286389 0.150475 0.0202594 0.0143194 0.00200221 -0.00118845 0.000622687 -1.18175e-05 7.17661e-06
autoRnd_229.out 0.457058 0.505069 0.0480103 0.00700001 170.495 173.423 2.92781 0.173205 0.140091 0.0166382 0.0133337 0.00164429 -0.00105072 0.00017592 -1.10005e-05 1.26833e-06
autoRnd_23.out 0.138077 0.0881163 -0.0499603 0.0064431 31.1028 46.5129 15.41 0.259348 0.169176 0.012499 0.0161088 0.00115108 0.000249995 0.000150823 1.12444e-06 1.18544e-06
autoRnd_230.out 0.320403 0.297553 -0.0228504 0.00697946 115.584 104.323 -11.2619 0.292681 0.204668 0.0113815 0.0194849 0.00106667 -0.000322307 0.000673175 -1.52988e-06 5.99211e-06
autoRnd_231.out 0.424082 0.452787 0.028705 0.00704632 -104.559 -111.428 -6.86838 0.306687 0.195487 0.0130907 0.0186078 0.00124315 -0.00027281 -0.0010504 -3.82641e-06 -9.75007e-06
autoRnd_232.out 0.654086 0.666592 0.0125056 0.00704674 -4.44856 -9.33587 -4.88732 0.198237 0.197829 0.0159011 0.0188223 0.00153092 0.00205137 -0.000159593 1.89538e-05 -3.11598e-06
autoRnd_233.out 0.547417 0.560221 0.0128048 0.00703037 19.2474 21.3962 2.14873 0.225873 0.173534 0.010692 0.01653 0.00101831 0.000958918 0.000334821 8.78012e-06 3.44022e-06
autoRnd_234.out 0.620913 0.591393 -0.02952 0.00703349 2.53588 4.43019 1.89431 0.194374 0.149465 0.0135584 0.0142413 0.00125482 0.00125705 5.56728e-05 1.05368e-05 8.16349e-07
autoRnd_235.out 0.707383 0.727627 0.0202439 0.00694311 75.4156 77.7363 2.32076 0.178596 0.139559 0.0117272 0.0132871 0.00113899 0.000291522 0.00112042 2.33902e-06 1.07605e-05
autoRnd_236.out 0.546183 0.587723 0.0415398 0.00696366 -177.206 177.584 354.79 0.193974 0.134834 0.0164384 0.0128346 0.00159733 -0.00120915 -5.90003e-05 -1.20383e-05 5.07937e-07
autoRnd_237.out 0.504043 0.492179 -0.0118639 0.00703597 -112.453 -118.443 -5.99058 0.264841 0.123793 0.0186424 0.0117771 0.00180469 -0.000444265 -0.00107505 -4.9824e-06 -9.19806e-06
autoRnd_238.out 0.0787529 0.0314842 -0.0472687 0.00571814 86.0448 131.541 45.4958 0.228226 0.222602 0.00672123 0.0211907 0.000646921 8.12736e-06 0.000117546 -2.86222e-07 3.23053e-07
autoRnd_239.out 0.324942 0.345811 0.0208687 0.00697176 -93.2544 -83.8607 9.39369 0.255833 0.194671 0.0103148 0.0185347 0.000990523 -3.70409e-05 -0.000651429 6.78975e-07 -6.31235e-06
autoRnd_24.out 0.464111 0.436637 -0.0274735 0.0069445 -139.175 -145.472 -6.29744 0.281275 0.171483 0.0131527 0.0163243 0.00124955 -0.00079211 -0.000684346 -7.3376e-06 -5.04828e-06
autoRnd_240.out 0.643821 0.616473 -0.027348 0.00696871 -16.0974 -16.7965 -0.699153 0.210472 0.168418 0.0129466 0.016036 0.00123188 0.00134877 -0.000389236 1.16585e-05 -3.51915e-06
autoRnd_241.out 0.468364 0.443583 -0.0247811 0.00706333 97.0939 89.338 -7.75591 0.234602 0.16222 0.0182273 0.0154487 0.00176562 -0.000171027 0.00137427 1.3979e-07 1.20986e-05
autoRnd_242.out 0.12881 0.102821 -0.0259893 0.00632734 177.206 155.42 -21.7861 0.267924 0.165559 0.0190362 0.015769 0.00186242 -0.000405477 1.97867e-05 -2.74605e-06 1.25607e-06
autoRnd_243.out 0.653935 0.655828 0.00189259 0.0069939 110.909 112.593 1.68459 0.241294 0.148283 0.0112485 0.0141079 0.00110201 -0.000389263 0.00101891 -3.91726e-06 9.4137e-06
autoRnd_244.out 0.797096 0.801818 0.0047218 0.00693794 148.42 150.303 1.88265 0.255541 0.146275 0.0130682 0.013923 0.00125782 -0.00129804 0.000797939 -1.21976e-05 6.95669e-06
autoRnd_245.out 0.423673 0.467131 0.0434579 0.00697756 -131.488 -130.75 0.737496 0.284027 0.131482 0.0143843 0.0125137 0.0014246 -0.000530815 -0.00060024 -5.43591e-06 -6.30867e-06
autoRnd_246.out 0.539239 0.495784 -0.0434549 0.00699975 37.5263 34.9348 -2.59153 0.26538 0.141545 0.0181934 0.0134813 0.00167776 0.0011013 0.00084586 9.19318e-06 6.42155e-06
autoRnd_247.out 0.102582 0.0894806 -0.013101 0.00699525 157.367 -175.688 -333.055 0.266327 0.136343 0.0144803 0.0129818 0.00138282 -0.000186928 7.79384e-05 -1.60176e-06 -1.20772e-07
autoRnd_248.out 0.57305 0.564578 -0.00847203 0.00684029 -35.368 -31.345 4.02295 0.248615 0.188893 0.0105538 0.0180082 0.00101755 0.000931566 -0.000661246 8.8355e-06 -5.38158e-06
autoRnd_249.out 0.640172 0.645453 0.00528142 0.00691933 56.3281 55.7707 -0.557378 0.283348 0.175704 0.0114711 0.0167266 0.00111122 0.000715375 0.0010738 6.7484e-06 9.91907e-06
autoRnd_25.out 0.241789 0.242804 0.00101456 0.00695785 -123.117 -130.382 -7.26546 0.290007 0.153939 0.0141517 0.0146541 0.00138012 -0.00028778 -0.000441172 -3.18148e-06 -3.74058e-06
autoRnd_250.out 0.0904673 0.112316 0.0218485 0.00683512 145.429 139.005 -6.42444 0.283045 0.175019 0.0130427 0.0166607 0.00128008 -0.000170046 0.00011718 -1.80792e-06 1.57135e-06
autoRnd_251.out 0.342757 0.388226 0.0454686 0.00691304 106.59 105.53 -1.05988 0.274376 0.157479 0.0176579 0.0149939 0.00171438 -0.00027213 0.000913444 -2.6719e-06 9.61514e-06
autoRnd_252.out 0.613835 0.636659 0.0228236 0.00703669 -155.37 -159.193 -3.82257 0.241429 0.154926 0.01538 0.014747 0.00152085 -0.00132955 -0.000609555 -1.33477e-05 -5.07229e-06
autoRnd_253.out 0.628897 0.626562 -0.00233491 0.00696414 -133.498 -129.177 4.32169 0.278115 0.129947 0.0143727 0.0123742 0.00135612 -0.000808504 -0.000852038 -6.64199e-06 -8.1507e-06
autoRnd_254.out 0.271491 0.253261 -0.0182297 0.00706027 -140.824 -154.23 -13.4061 0.285427 0.16265 0.013732 0.015496 0.00127525 -0.00047007 -0.000383051 -4.50701e-06 -2.17585e-06
autoRnd_255.out 0.225615 0.208201 -0.0174144 0.00685383 -155.712 -138.01 17.7014 0.278779 0.163671 0.0122252 0.0155797 0.00115542 -0.000411478 -0.000185687 -2.78564e-06 -2.50729e-06
autoRnd_256.out 0.191794 0.24898 0.0571861 0.00668062 58.0798 44.1979 -13.8819 0.27279 0.15395 0.0164157 0.0146516 0.00154376 0.00025628 0.000411408 4.03747e-06 3.92598e-06
autoRnd_257.out 0.409504 0.423449 0.0139451 0.00699468 49.3328 50.4963 1.16348 0.286394 0.197683 0.0101386 0.0188105 0.000991203 0.000534846 0.000622537 5.02237e-06 6.09183e-06
autoRnd_258.out 0.405833 0.437905 0.0320721 0.00704908 123.123 120.494 -2.62896 0.258485 0.183807 0.0138421 0.01751 0.00138073 -0.000564229 0.000864756 -5.37241e-06 9.1226e-06
autoRnd_259.out 0.579439 0.576262 -0.00317668 0.00701003 146.037 144.143 -1.89489 0.26242 0.154816 0.0150703 0.014746 0.0014618 -0.00112127 0.00075524 -1.00675e-05 7.27629e-06
autoRnd_26.out 0.202757 0.232467 0.0297102 0.00686737 -125.231 -109.152 16.0799 0.250743 0.130833 0.0118922 0.0124489 0.00116231 -0.000181988 -0.000257684 -1.10352e-06 -3.17752e-06
autoRnd_260.out 0.456337 0.491183 0.0348461 0.00699126 -149.575 -152.781 -3.20653 0.274768 0.142506 0.0172079 0.0135645 0.0016857 -0.000964937 -0.000566693 -9.98757e-06 -5.137e-06
autoRnd_261.out 0.439266 0.480428 0.0411623 0.00691607 -67.9553 -73.6211 -5.66573 0.252185 0.141275 0.0207359 0.0134469 0.00204197 0.000482981 -0.00119274 3.71991e-06 -1.26564e-05
autoRnd_262.out 0.0977372 0.128855 0.0311177 0.00670538 54.4371 49.5746 -4.86252 0.277336 0.182877 0.0078931 0.0174053 0.000774018 8.20518e-05 0.000114765 1.12568e-06 1.32148e-06
autoRnd_263.out 0.542686 0.51549 -0.0271955 0.00700051 -45.8755 -49.2222 -3.34671 0.283731 0.184516 0.0102984 0.0175709 0.00094999 0.000717957 -0.00074024 5.61993e-06 -6.51585e-06
autoRnd_264.out 0.672045 0.679293 0.00724747 0.00694334 -4.87861 -2.40014 2.47847 0.172666 0.1639 0.0115529 0.0156147 0.00109897 0.00126792 -0.000108222 1.16465e-05 -4.88161e-07
autoRnd_265.out 0.274272 0.307118 0.0328461 0.00703053 159.125 144.002 -15.1228 0.298848 0.140038 0.0176911 0.013341 0.00168973 -0.000634888 0.000242124 -5.6012e-06 4.0692e-06
autoRnd_266.out 0.120955 0.138565 0.0176102 0.00629603 -131.807 -167.839 -36.0311 0.273092 0.133096 0.0155109 0.0126739 0.00146796 -0.00016646 -0.000186127 -2.52011e-06 -5.43093e-07
autoRnd_267.out 0.5527 0.541742 -0.0109576 0.00689982 140.461 142.618 2.15734 0.267648 0.162808 0.013051 0.0155154 0.00126029 -0.000905673 0.000747622 -8.41744e-06 6.43141e-06
autoRnd_268.out 0.81576 0.819205 0.00344483 0.00700338 -141.934 -142.254 -0.319932 0.282858 0.153337 0.0150459 0.0145914 0.00146215 -0.00148174 -0.0011604 -1.38201e-05 -1.0699e-05
autoRnd_269.out 0.706176 0.72801 0.0218341 0.00701366 -70.8523 -71.4631 -0.610838 0.213859 0.151025 0.0159877 0.0143777 0.00158981 0.000559277 -0.00161076 5.29032e-06 -1.57774e-05
autoRnd_27.out 0.397314 0.391631 -0.00568346 0.0069126 -113.878 -104.685 9.19305 0.255929 0.122938 0.0154696 0.011701 0.00145451 -0.00030587 -0.000690937 -1.68972e-06 -6.44753e-06
autoRnd_270.out 0.531321 0.54014 0.0088197 0.00702125 122.003 117.862 -4.14077 0.264131 0.187756 0.0142869 0.0178735 0.00135867 -0.000755331 0.00120863 -6.13018e-06 1.15963e-05
autoRnd_271.out 0.217459 0.158603 -0.0588564 0.00671526 -131.922 -124.447 7.47528 0.290756 0.160736 0.0141547 0.0153014 0.0013446 -0.000330556 -0.000368127 -1.84575e-06 -2.69095e-06
autoRnd_272.out 0.616114 0.60298 -0.0131344 0.00691574 43.6331 43.7027 0.0696138 0.280082 0.15555 0.0118455 0.014832 0.00113396 0.000821645 0.000783348 7.33159e-06 7.00689e-06
autoRnd_273.out 0.713563 0.701038 -0.0125248 0.00699872 108.091 107.982 -0.108588 0.196811 0.158104 0.0151958 0.0150654 0.00141109 -0.000532343 0.0016296 -4.60087e-06 1.41751e-05
autoRnd_274.out 0.253278 0.260318 0.00704033 0.00696444 148.933 148.285 -0.64744 0.289223 0.14301 0.0142635 0.0136058 0.00139389 -0.000442537 0.00026661 -4.19974e-06 2.5953e-06
autoRnd_275.out 0.149829 0.0900682 -0.0597609 0.00692071 61.9707 86.2199 24.2492 0.330799 0.140514 0.0180422 0.0133712 0.00172531 0.000178498 0.000335292 1.36988e-07 2.07331e-06
autoRnd_276.out 0.494881 0.52647 0.0315885 0.00704751 -121.572 -116.804 4.76756 0.247366 0.15916 0.0134882 0.0151502 0.0013175 -0.00055624 -0.000905148 -4.73878e-06 -9.37941e-06
autoRnd_277.out 0.660164 0.666443 0.00627898 0.00695697 -66.0347 -67.5649 -1.53023 0.236584 0.151107 0.0162926 0.0143742 0.00159769 0.000660159 -0.00148516 5.84106e-06 -1.41469e-05
autoRnd_278.out 0.445904 0.414528 -0.0313756 0.00689955 34.9606 32.1213 -2.83924 0.26826 0.168033 0.0150035 0.0160076 0.00142861 0.000921303 0.000644159 8.02853e-06 5.04045e-06
autoRnd_279.out 0.356603 0.31497 -0.0416323 0.00682894 -141.724 -142.997 -1.2722 0.276299 0.182795 0.0131144 0.0174074 0.00127584 -0.000671103 -0.000529541 -5.58637e-06 -4.21015e-06
autoRnd_28.out 0.582822 0.599562 0.0167404 0.0069853 -7.78065 -6.28539 1.49526 0.178806 0.150369 0.0146349 0.0143188 0.00144325 0.00127077 -0.000173637 1.23159e-05 -1.35651e-06
autoRnd_280.out 0.171466 0.140019 -0.0314467 0.00691583 -31.7426 -11.5803 20.1622 0.32609 0.17273 0.01211 0.0164407 0.0011392 0.000305015 -0.000188694 2.56907e-06 -5.26434e-07
autoRnd_281.out 0.483951 0.534708 0.0507571 0.00700328 131.277 128.744 -2.53251 0.278959 0.171583 0.0118918 0.0163402 0.00116382 -0.000651428 0.000742109 -6.36395e-06 7.93092e-06
autoRnd_282.out 0.544981 0.544569 -0.000411911 0.00700807 -165.689 -164.55 1.13904 0.198616 0.155415 0.0131288 0.0148017 0.0012589 -0.00107749 -0.00027486 -9.78071e-06 -2.70317e-06
autoRnd_283.out 0.46626 0.447206 -0.0190543 0.00697285 -161.316 -160.735 0.581776 0.236366 0.151641 0.0138147 0.0144283 0.00132413 -0.000925285 -0.000312899 -8.06534e-06 -2.81899e-06
autoRnd_284.out 0.336311 0.381106 0.0447951 0.00695142 -132.146 -126.117 6.029 0.274032 0.120888 0.0173685 0.0115146 0.00170895 -0.000473833 -0.000523554 -4.42041e-06 -6.0581e-06
autoRnd_285.out 0.153195 0.218952 0.0657575 0.00681156 -73.6341 -53.4509 20.1831 0.290266 0.120916 0.0168653 0.0115116 0.00161185 8.80276e-05 -0.00029975 2.41934e-06 -3.2637e-06
autoRnd_286.out 0.197845 0.145496 -0.0523488 0.00656385 -40.627 -44.4913 -3.86427 0.269399 0.18321 0.0123398 0.0174379 0.00116837 0.000339471 -0.000291239 2.11463e-06 -2.07741e-06
autoRnd_287.out 0.159166 0.136959 -0.0222064 0.00672419 42.289 34.8789 -7.41011 0.265378 0.20115 0.0126919 0.0191476 0.00121442 0.000300599 0.000273418 2.61265e-06 1.82118e-06
autoRnd_288.out 0.520256 0.523838 0.00358213 0.00700392 58.973 59.0842 0.111191 0.266645 0.177714 0.0132592 0.0169295 0.00128283 0.000631883 0.00105051 5.84501e-06 9.76018e-06
autoRnd_289.out 0.626715 0.656322 0.0296074 0.00705446 135.517 138.404 2.88734 0.284134 0.18356 0.0146611 0.0174839 0.00139967 -0.00120333 0.00118181 -1.20115e-05 1.06626e-05
autoRnd_29.out 0.355077 0.367998 0.0129215 0.00705109 40.3552 39.9088 -0.446477 0.28694 0.136285 0.0159758 0.0129667 0.00156928 0.000589132 0.000500598 5.74391e-06 4.80414e-06
autoRnd_290.out 0.247799 0.224012 -0.0237871 0.00674264 124.363 142.456 18.0929 0.270336 0.151852 0.0141448 0.0144542 0.00133857 -0.000300421 0.000439358 -3.43651e-06 2.64111e-06
autoRnd_291.out 0.539775 0.539706 -6.85995e-05 0.00699206 -126.294 -127.444 -1.14975 0.2713 0.141155 0.013271 0.0134348 0.00130118 -0.000598527 -0.000814976 -5.73607e-06 -7.49063e-06
autoRnd_292.out 0.626105 0.624021 -0.00208333 0.00702265 -68.5213 -71.2243 -2.703 0.22626 0.139605 0.0174887 0.0133058 0.00167637 0.00055972 -0.00142249 4.48004e-06 -1.31784e-05
autoRnd_293.out 0.763629 0.771753 0.00812367 0.00703424 -29.1737 -29.0971 0.0765453 0.253069 0.130321 0.0157736 0.012403 0.00153484 0.0013706 -0.000765178 1.28375e-05 -7.14442e-06
autoRnd_294.out 0.0681216 0.105438 0.0373159 0.00672185 175.306 137.212 -38.0937 0.32919 0.163375 0.0146819 0.0155567 0.00136952 -0.000162851 1.33721e-05 -1.64855e-06 1.52592e-06
autoRnd_295.out 0.219642 0.261209 0.0415674 0.00684582 69.4689 76.4087 6.93981 0.254563 0.203359 0.0094192 0.0193591 0.0008834 0.000147553 0.000393997 1.04976e-06 4.34206e-06
autoRnd_296.out 0.451263 0.445243 -0.00601977 0.00702318 67.7008 67.5305 -0.170257 0.258368 0.209242 0.00984279 0.0199153 0.000942489 0.000352649 0.000859881 3.19404e-06 7.72273e-06
autoRnd_297.out 0.607655 0.597767 -0.00988794 0.00704422 171.456 167.157 -4.299 0.179432 0.165153 0.0193449 0.0157266 0.00183473 -0.00191983 0.000288415 -1.68165e-05 3.83376e-06
autoRnd_298.out 0.521488 0.547078 0.0255902 0.00704591 -107.157 -111.03 -3.87293 0.260704 0.163033 0.017961 0.0155196 0.00177414 -0.000450468 -0.00145908 -5.40558e-06 -1.40599e-05
autoRnd_299.out 0.288729 0.303014 0.0142854 0.00702756 -137.341 -120.671 16.6696 0.272708 0.155536 0.0133728 0.0148098 0.00125819 -0.000441639 -0.000406946 -2.88023e-06 -4.85636e-06
autoRnd_3.out 0.123507 0.192705 0.0691974 0.0063162 -128.029 -113.915 14.1142 0.253292 0.150446 0.0157574 0.0143189 0.00152019 -0.000180376 -0.000230632 -1.70043e-06 -3.83457e-06
autoRnd_30.out 0.329874 0.366308 0.0364336 0.00696245 23.1164 18.6072 -4.50919 0.238709 0.197825 0.0140881 0.0188419 0.00135529 0.000845536 0.000360938 8.86521e-06 2.98471e-06
autoRnd_31.out 0.281 0.310652 0.0296523 0.00694818 101.555 112.793 11.2384 0.267282 0.182975 0.009818 0.0174163 0.000933461 -0.000101116 0.000494571 -1.95657e-06 4.65601e-06
autoRnd_32.out 0.210039 0.223653 0.0136142 0.00706731 141.293 161.182 19.8888 0.257941 0.185346 0.0100716 0.0176444 0.000942436 -0.000305967 0.000245185 -3.52028e-06 1.19963e-06
autoRnd_33.out 0.190585 0.182978 -0.00760742 0.00688338 -162.233 -163.616 -1.38338 0.249721 0.142345 0.0119126 0.013541 0.00115404 -0.000307761 -9.86154e-05 -2.74327e-06 -8.06531e-07
autoRnd_34.out 0.378372 0.405001 0.0266285 0.00685644 -76.4694 -85.4477 -8.97831 0.236693 0.145128 0.0179837 0.0138087 0.00172263 0.000231047 -0.000960117 7.6463e-07 -9.60344e-06
autoRnd_35.out 0.716567 0.726387 0.00981989 0.00705161 -29.5156 -31.652 -2.13644 0.264299 0.133127 0.0156543 0.0126727 0.00152098 0.00129953 -0.000735704 1.19184e-05 -7.34718e-06
autoRnd_36.out 0.568443 0.574597 0.00615389 0.00694184 -10.2566 -4.62192 5.63464 0.204068 0.128802 0.012386 0.0122549 0.00116996 0.000892364 -0.000161471 8.21169e-06 -6.63859e-07
autoRnd_37.out 0.495931 0.507532 0.0116014 0.00698253 40.3437 41.1893 0.845588 0.283451 0.150018 0.0155988 0.0142713 0.00155322 0.000884522 0.000751289 8.4662e-06 7.40879e-06
autoRnd_38.out 0.43887 0.437972 -0.000898167 0.00697697 17.6815 19.9335 2.25197 0.255596 0.21057 0.0100616 0.0200523 0.000961718 0.000885894 0.00028241 7.9401e-06 2.87952e-06
autoRnd_39.out 0.490455 0.493162 0.00270733 0.00691778 -179.558 173.529 353.086 0.217595 0.174208 0.0163814 0.0165953 0.00156809 -0.0013996 -1.08057e-05 -1.27518e-05 1.44643e-06
autoRnd_4.out 0.404623 0.43763 0.0330073 0.00697871 -55.5936 -58.3299 -2.73637 0.269425 0.145633 0.0137453 0.0138638 0.00137024 0.000457678 -0.000668261 4.36484e-06 -7.07555e-06
autoRnd_40.out 0.377468 0.386557 0.00908938 0.00690498 -90.6636 -95.0816 -4.41798 0.252441 0.166149 0.0150059 0.015828 0.00147294 -1.08994e-05 -0.000941046 -7.98232e-07 -8.97664e-06
autoRnd_41.out 0.40539 0.389929 -0.0154616 0.0068181 -160.948 -152.423 8.52488 0.300153 0.16999 0.0133898 0.0161932 0.00128297 -0.000872177 -0.000301204 -7.18059e-06 -3.75027e-06
autoRnd_42.out 0.506705 0.51089 0.00418441 0.0069568 -112.598 -106.212 6.38583 0.259836 0.158996 0.0134935 0.0151381 0.00126843 -0.000417729 -0.00100363 -2.73886e-06 -9.41982e-06
autoRnd_43.out 0.506013 0.538789 0.0327759 0.00701322 -25.4509 -25.905 -0.454134 0.259475 0.149504 0.0136002 0.0142212 0.00132318 0.000929021 -0.000442144 9.11979e-06 -4.42932e-06
autoRnd_44.out 0.596023 0.601515 0.00549161 0.00701529 56.1199 51.3696 -4.75024 0.286504 0.136655 0.0179235 0.013014 0.00174896 0.00081381 0.00121198 8.54722e-06 1.06953e-05
autoRnd_45.out 0.46541 0.49301 0.0276002 0.00698315 79.5286 79.9556 0.427019 0.183586 0.119354 0.0141856 0.0113608 0.00142979 0.000143213 0.000774867 1.39673e-06 7.88548e-06
autoRnd_46.out 0.483442 0.431822 -0.0516203 0.00693892 39.9013 36.2911 -3.61027 0.268162 0.1414 0.016784 0.0134757 0.00151826 0.000880178 0.000735978 7.12117e-06 5.22931e-06
autoRnd_47.out 0.63473 0.619123 -0.0156063 0.00703755 140.456 138.308 -2.14835 0.287842 0.189016 0.0150445 0.0179936 0.00142292 -0.00139186 0.00114916 -1.18369e-05 1.05434e-05
autoRnd_48.out 0.601026 0.619018 0.0179921 0.00697826 -98.6424 -102.5 -3.85753 0.227179 0.183236 0.0145961 0.0174548 0.00141971 -0.000241547 -0.00158921 -3.32009e-06 -1.49761e-05
autoRnd_49.out 0.266153 0.25353 -0.012623 0.00671786 -2.73478 -9.12231 -6.38753 0.304995 0.185538 0.0156589 0.017659 0.00154837 0.000772377 -3.68943e-05 6.84452e-06 -1.09905e-06
autoRnd_5.out 0.563293 0.585279 0.0219854 0.00700616 -17.838 -21.4595 -3.62154 0.22143 0.131435 0.0182101 0.0125031 0.00178461 0.0012834 -0.000412995 1.21541e-05 -4.77771e-06
autoRnd_50.out 0.584143 0.584318 0.000174231 0.00694538 -62.362 -64.9503 -2.58828 0.246709 0.16447 0.0134891 0.0156721 0.00129655 0.000601171 -0.00114808 5.02713e-06 -1.07564e-05
autoRnd_51.out 0.683352 0.675774 -0.00757779 0.00692254 -32.7177 -29.0993 3.6184 0.267069 0.138405 0.0165483 0.0131817 0.00154896 0.00131681 -0.000845955 1.20563e-05 -6.71024e-06
autoRnd_52.out 0.633234 0.637354 0.00412043 0.00699791 43.086 45.3259 2.23989 0.283521 0.13141 0.0149265 0.0125139 0.0014227 0.000907125 0.000848456 7.97786e-06 8.06913e-06
autoRnd_53.out 0.29305 0.288271 -0.00477896 0.00695616 136.528 127.47 -9.0577 0.279784 0.126691 0.0180777 0.0120504 0.00177954 -0.000487073 0.000461767 -3.76063e-06 4.90625e-06
autoRnd_54.out 0.171501 0.143864 -0.0276372 0.00673089 -35.3622 -17.1192 18.243 0.246261 0.154563 0.0149569 0.014714 0.00142029 0.000323326 -0.000229456 2.87328e-06 -8.8499e-07
autoRnd_55.out 0.635504 0.610248 -0.0252554 0.00701128 171.54 173.251 1.71117 0.177608 0.156585 0.00929944 0.0149141 0.000851912 -0.000915319 0.000136143 -7.69978e-06 9.11177e-07
autoRnd_56.out 0.650758 0.658144 0.00738679 0.00696285 -120.412 -120.057 0.355493 0.267524 0.1922 0.0108211 0.0183174 0.00103531 -0.000685142 -0.00116723 -6.25131e-06 -1.08029e-05
autoRnd_57.out 0.265353 0.278903 0.0135503 0.00699975 -62.6692 -64.6681 -1.99884 0.246794 0.187454 0.0145246 0.0178508 0.00143588 0.000331708 -0.000641827 3.05866e-06 -6.46133e-06
autoRnd_58.out 0.13544 0.16193 0.0264903 0.00689754 -9.55421 -23.5376 -13.9834 0.234413 0.149785 0.0184521 0.0142539 0.0017998 0.000369141 -6.21322e-05 3.80854e-06 -1.65897e-06
autoRnd_59.out 0.351261 0.398271 0.04701 0.00691347 30.6391 27.7651 -2.87393 0.257235 0.152926 0.0140467 0.0145583 0.00139928 0.000649207 0.000384538 7.17915e-06 3.77956e-06
autoRnd_6.out 0.661889 0.639123 -0.0227653 0.0069736 9.24546 9.57886 0.333397 0.173166 0.17299 0.0111924 0.0164736 0.00105917 0.00126488 0.000205896 1.09961e-05 1.85568e-06
autoRnd_60.out 0.689755 0.68949 -0.000265471 0.00698452 51.0555 52.4774 1.42188 0.276738 0.138432 0.0139604 0.0131792 0.00134542 0.00083788 0.00103675 7.44637e-06 9.69637e-06
autoRnd_61.out 0.63817 0.635996 -0.00217332 0.00701928 105.181 106.873 1.69242 0.211319 0.136811 0.0160756 0.0130305 0.00156303 -0.000367532 0.00135456 -3.75971e-06 1.23957e-05
autoRnd_62.out 0.372996 0.35579 -0.017206 0.00700686 29.1567 28.6977 -0.459023 0.268645 0.169634 0.0107597 0.0161683 0.00101676 0.000594535 0.000331685 5.13049e-06 2.80859e-06
autoRnd_63.out 0.268694 0.314639 0.0459457 0.00680175 165.209 169.14 3.93091 0.264429 0.170949 0.0128743 0.0162731 0.00123606 -0.00057176 0.000150967 -6.21545e-06 1.19239e-06
autoRnd_64.out 0.263762 0.29753 0.0337673 0.00677654 -79.0575 -88.0582 -9.00067 0.214232 0.134143 0.0118144 0.0127573 0.00113811 7.9349e-05 -0.000410416 1.46376e-07 -4.31743e-06
autoRnd_65.out 0.556542 0.535165 -0.021377 0.00702056 -67.6093 -64.5313 3.07796 0.244022 0.136484 0.0134344 0.0129932 0.00123785 0.000388716 -0.000943529 3.70133e-06 -7.77092e-06
autoRnd_66.out 0.415796 0.395584 -0.0202111 0.00692549 -32.1619 -32.272 -0.110073 0.254517 0.160187 0.016131 0.015248 0.00152145 0.000909535 -0.00057192 7.75952e-06 -4.90005e-06
autoRnd_67.out 0.576822 0.599928 0.023106 0.00706109 23.5144 20.4611 -3.0533 0.261542 0.157906 0.0198256 0.0150489 0.00193667 0.00165583 0.000720474 1.63816e-05 6.11217e-06
autoRnd_68.out 0.61523 0.663268 0.0480381 0.00701286 105.469 102.98 -2.48964 0.192902 0.145476 0.0188263 0.0138336 0.00184276 -0.000449422 0.00162393 -3.79766e-06 1.64761e-05
autoRnd_69.out 0.593608 0.599564 0.0059562 0.0070464 138.122 137.256 -0.865535 0.283492 0.143762 0.0152023 0.0136838 0.00149727 -0.000965952 0.000866031 -9.02137e-06 8.33739e-06
autoRnd_7.out 0.184324 0.214485 0.0301605 0.00697753 145.812 132.742 -13.0699 0.285059 0.137928 0.0156251 0.013128 0.00151432 -0.0003286 0.000223214 -2.89395e-06 3.13149e-06
autoRnd_70.out 0.431403 0.390983 -0.0404201 0.006951 132.584 125.369 -7.21486 0.274718 0.152481 0.0161696 0.0145263 0.00148761 -0.000719744 0.000783153 -4.89062e-06 6.88962e-06
autoRnd_71.out 0.579793 0.569112 -0.0106816 0.00704135 -155.254 -156.413 -1.15948 0.22985 0.157659 0.0155677 0.0150235 0.00147096 -0.00129236 -0.000595689 -1.1526e-05 -5.03249e-06
autoRnd_72.out 0.320226 0.354981 0.0347557 0.00694886 -63.7966 -63.8269 -0.030278 0.270997 0.148637 0.0139457 0.0141579 0.00133954 0.000293097 -0.000595562 2.9695e-06 -6.04198e-06
autoRnd_73.out 0.218001 0.24077 0.0227684 0.00657798 17.625 -0.11736 -17.7424 0.260974 0.150983 0.0138 0.0143686 0.00132529 0.000432897 0.000137531 4.58486e-06 -9.39129e-09
autoRnd_74.out 0.545748 0.557974 0.0122256 0.0070483 24.2109 19.6556 -4.55529 0.22942 0.142793 0.0138728 0.0135931 0.00134587 0.000986002 0.000443353 9.61305e-06 3.43357e-06
autoRnd_75.out 0.665104 0.667019 0.0019155 0.00700745 40.0257 41.0551 1.02942 0.289662 0.16513 0.0142822 0.0157317 0.00138009 0.00120116 0.00100881 1.09204e-05 9.51143e-06
autoRnd_76.out 0.780577 0.787101 0.00652357 0.0070091 103.042 102.46 -0.581785 0.184328 0.160258 0.0163889 0.0152682 0.00160495 -0.00046264 0.00199727 -4.16145e-06 1.88334e-05
autoRnd_77.out 0.432287 0.447114 0.0148273 0.00702629 -163.548 -169.644 -6.0959 0.231946 0.132816 0.020502 0.0126437 0.00203586 -0.00112891 -0.000333379 -1.13215e-05 -2.06899e-06
autoRnd_78.out 0.224841 0.19214 -0.032701 0.00657134 -5.12194 -22.2741 -17.1522 0.263093 0.180276 0.0121951 0.0171594 0.00114875 0.000492336 -4.41298e-05 3.50484e-06 -1.43559e-06
autoRnd_79.out 0.591258 0.57753 -0.0137286 0.00706043 -139.071 -142.366 -3.29508 0.289673 0.176911 0.00855576 0.016849 0.000799308 -0.000676137 -0.000586293 -6.15953e-06 -4.74933e-06
autoRnd_8.out 0.126116 0.0896745 -0.0364413 0.00623935 21.6041 53.829 32.2249 0.2527 0.178705 0.0143744 0.0170148 0.00138536 0.000301206 0.000119281 1.24755e-06 1.70637e-06
autoRnd_80.out 0.768691 0.763022 -0.00566879 0.00705561 -68.1284 -69.9038 -1.77543 0.204191 0.177682 0.0158273 0.0169212 0.00145955 0.000805306 -0.00200613 6.47497e-06 -1.76974e-05
autoRnd_81.out 0.586458 0.59657 0.0101113 0.0069987 1.39933 2.97694 1.5776 0.175923 0.158907 0.013757 0.0151333 0.0013347 0.00128166 3.13083e-05 1.20335e-05 6.2579e-07
autoRnd_82.out 0.0720148 0.0314296 -0.0405853 0.00592697 -127.663 -133.409 -5.74591 0.241831 0.154145 0.0139943 0.0146732 0.00137774 -9.49206e-05 -0.000122975 -4.36631e-07 -4.61575e-07
autoRnd_83.out 0.152982 0.225265 0.0722831 0.00645473 79.0065 80.318 1.31148 0.211773 0.128278 0.0134452 0.0122175 0.00131645 5.03159e-05 0.000259009 6.09331e-07 3.57148e-06
autoRnd_84.out 0.825622 0.831332 0.00571032 0.00705954 128.934 126.792 -2.14183 0.280437 0.122935 0.0147284 0.0117022 0.00142243 -0.000939428 0.00116285 -8.28766e-06 1.10817e-05
autoRnd_85.out 0.731467 0.727238 -0.00422899 0.00703351 -170.425 -172.008 -1.58335 0.162152 0.138465 0.0168571 0.0131759 0.00164382 -0.00168354 -0.000284008 -1.55981e-05 -2.18999e-06
autoRnd_86.out 0.20579 0.193318 -0.0124711 0.00704797 -12.7165 -3.68899 9.02756 0.272602 0.199167 0.0160203 0.0189594 0.00153814 0.000640509 -0.000144539 5.62592e-06 -3.62727e-07
autoRnd_87.out 0.338279 0.357292 0.019013 0.00692801 -173.934 -171.833 2.1006 0.237741 0.189096 0.0162844 0.0180157 0.00158168 -0.00103583 -0.000110078 -1.00778e-05 -1.44625e-06
autoRnd_88.out 0.490698 0.534222 0.043524 0.00694447 -13.379 -17.0667 -3.68777 0.207455 0.186101 0.0115645 0.0177244 0.00111363 0.0010274 -0.000244363 1.00803e-05 -3.09472e-06
autoRnd_89.out 0.59335 0.572975 -0.0203753 0.00703422 7.02429 7.32401 0.299724 0.178095 0.146842 0.01506 0.0139829 0.00137206 0.00130232 0.000160465 1.09031e-05 1.40136e-06
autoRnd_9.out 0.45003 0.432375 -0.0176554 0.00688323 131.745 136.893 5.14854 0.279586 0.169593 0.0121056 0.0161643 0.00116502 -0.000615161 0.000689356 -5.94461e-06 5.56417e-06
autoRnd_90.out 0.473861 0.449459 -0.0244021 0.00700391 62.6389 58.273 -4.36592 0.274513 0.148518 0.0200291 0.0141363 0.00188762 0.000647841 0.00125189 6.30696e-06 1.02011e-05
autoRnd_91.out 0.284895 0.329338 0.0444427 0.00682771 89.6142 89.5377 -0.0764297 0.208039 0.13568 0.0176306 0.0129098 0.00173708 4.58934e-06 0.000681487 5.95868e-08 7.38527e-06
autoRnd_92.out 0.218795 0.279417 0.0606218 0.00669736 138.733 143.887 5.15335 0.269733 0.134317 0.0143688 0.0127902 0.00140676 -0.000317397 0.000278514 -4.06148e-06 2.96314e-06
autoRnd_93.out 0.532071 0.554091 0.0220208 0.00702452 -144.154 -149.294 -5.14014 0.278317 0.123683 0.0159147 0.0117796 0.00155133 -0.000848945 -0.000613322 -8.70589e-06 -5.17045e-06
autoRnd_94.out 0.451347 0.410425 -0.040922 0.00696426 -61.7719 -63.5392 -1.76725 0.23967 0.153961 0.0133372 0.0146554 0.00120948 0.000438358 -0.000816573 3.24161e-06 -6.51281e-06
autoRnd_95.out 0.167306 0.138367 -0.0289396 0.00680883 -51.6141 -61.655 -10.0409 0.275746 0.156277 0.01833 0.0148811 0.00173915 0.000297598 -0.000375665 1.70018e-06 -3.15165e-06
autoRnd_96.out 0.314377 0.348069 0.0336917 0.00701119 -24.8679 -31.062 -6.19417 0.298414 0.167405 0.0201611 0.0159486 0.00195707 0.000962662 -0.000446197 9.30626e-06 -5.60549e-06
autoRnd_97.out 0.148639 0.22614 0.0775005 0.00652483 49.0326 43.2876 -5.74502 0.265709 0.161012 0.015198 0.0153258 0.00146971 0.000238472 0.000274646 3.70782e-06 3.49255e-06
autoRnd_98.out 0.44268 0.470963 0.0282827 0.00696148 99.4923 99.7983 0.306051 0.196369 0.158075 0.0118963 0.0150489 0.00116487 -0.000137286 0.000821067 -1.40501e-06 8.13554e-06
autoRnd_99.out 0.499561 0.498096 -0.00146554 0.00704404 119.406 112.956 -6.44984 0.274624 0.146393 0.0178968 0.0139316 0.00168945 -0.000642623 0.00114021 -4.5724e-06 1.07951e-05
