  24026.5332  2.55906909E+11
  0.000244732774  0.00757570352  0.000349638941  0.0221202113  0.00326996938
  3.1795127E-07  0.132644895
  0.00060943334  0.0150941336  0.000785808785  0.0434980479  0.00663284699
  5.387668E-07  0.191171757
  0.00130870246  0.0225024607  0.00167001113  0.0652099252  0.0104430893
  6.91280255E-07  0.219131356
  0.00241689985  0.030395171  0.00306833133  0.0863518211  0.0145004337
  8.29413255E-07  0.242349196
  0.00387908757  0.0382960165  0.00495545942  0.107270792  0.0188415372
  9.63337564E-07  0.262313103
  0.00582000984  0.0462045654  0.0069619292  0.127333875  0.0236045998
  1.0944847E-06  0.279858261
  0.00845712755  0.0544291987  0.00942636195  0.147617348  0.0285043872
  1.22742916E-06  0.296062735
  0.0115311895  0.0616506891  0.0124247679  0.168037003  0.0333830676
  1.36678177E-06  0.31150917
  0.0152039267  0.0673248065  0.0159427292  0.18842756  0.0386030476
  1.51256784E-06  0.32621319
  0.0196737444  0.0734411936  0.0207395221  0.20860424  0.0439848753
  1.66284445E-06  0.339898735
  0.0252100644  0.0796363028  0.0265138658  0.229008339  0.0497105525
  1.81400286E-06  0.35273553
  0.0319456177  0.0870487602  0.0337950207  0.250100272  0.055883145
  1.97297957E-06  0.365279213
  0.0400122069  0.0962214813  0.0428001151  0.270403787  0.0620139016
  2.1406316E-06  0.377579776
  0.0495152832  0.104142948  0.0538648287  0.289903466  0.0690446189
  2.32614781E-06  0.389463521
  0.0609189813  0.111676896  0.0670589502  0.309309823  0.0739097033
  2.52607135E-06  0.401045805
  0.0749663438  0.119296019  0.0824851512  0.329210396  0.0789392756
  2.73519743E-06  0.412235448
  0.0923613368  0.128100975  0.100767714  0.349994115  0.0842608799
  2.9533549E-06  0.423188547
  0.114395285  0.138224084  0.122192707  0.370986612  0.0893618368
  3.18404728E-06  0.433838917
  0.142125036  0.149067892  0.147463135  0.391834444  0.095861692
  3.4327265E-06  0.444258866
  0.177057203  0.159699274  0.178032539  0.412391403  0.102405011
  3.70469255E-06  0.454838681
  0.222505429  0.170181461  0.214504515  0.433833955  0.109659548
  3.99733907E-06  0.46571889
  0.280143678  0.180644435  0.2606811  0.455329243  0.117787961  4.30551317E-06
  0.477731694
  0.353288996  0.191015597  0.316899223  0.477066182  0.126065824
  4.64194149E-06  0.486986446
  0.4431083  0.202167067  0.385075317  0.498921284  0.134600644  5.01154317E-06
  0.495583433
  0.539346344  0.213442306  0.461784561  0.521734866  0.143303029
  5.41906428E-06  0.504439696
  0.631701633  0.225499894  0.542403952  0.543153016  0.15268422
  5.85946675E-06  0.513985548
  0.708564699  0.238335171  0.617879315  0.565362186  0.162296921
  6.33488646E-06  0.525387691
  0.770441161  0.250095571  0.683197736  0.583655509  0.172776593
  6.85138174E-06  0.536664421
  0.81620907  0.264334048  0.73715109  0.601634425  0.183498218  7.41607508E-06
  0.548084371
  0.852059926  0.277460472  0.783364063  0.620445716  0.194584462
  8.05449178E-06  0.557634008
  0.879360984  0.291720172  0.822196061  0.639768104  0.206437046
  8.79967887E-06  0.565585355
  0.901498077  0.306920193  0.854668341  0.658775373  0.218830511
  9.66849917E-06  0.573626707
  0.919735084  0.322796001  0.881484798  0.677365224  0.231979047
  1.06685285E-05  0.581404634
  0.935213422  0.339403479  0.902992528  0.696698822  0.245831502
  1.18094289E-05  0.591505681
  0.948273615  0.356449941  0.92036518  0.717262332  0.260065195
  1.29963925E-05  0.603615468
  0.958731528  0.374045058  0.934879701  0.739596317  0.275050116
  1.43157892E-05  0.615657511
  0.967206027  0.392652652  0.946987511  0.759407615  0.29150899
  1.58765146E-05  0.627785305
  0.974025167  0.412687659  0.95760732  0.778419277  0.30958979  1.7715665E-05
  0.639693616
  0.979685198  0.434322542  0.966429243  0.797432235  0.329183887
  2.0167636E-05  0.652867834
  0.9841851  0.456449084  0.973944793  0.818048858  0.349698795  2.32377445E-05
  0.666661184
  0.987970819  0.479834155  0.979827625  0.83857102  0.372723543
  2.70295144E-05  0.68130438
  0.990714788  0.505492714  0.984633548  0.8588743  0.397754953  3.22321542E-05
  0.695435791
  0.992981213  0.533730499  0.988444253  0.879477276  0.425425023
  3.97424467E-05  0.709635486
  0.994867913  0.564898262  0.991710534  0.898642913  0.456942279
  5.05364095E-05  0.724743066
  0.996444283  0.599988334  0.994375879  0.912834271  0.495293265
  6.71274263E-05  0.741097673
  0.997948131  0.641013879  0.996502649  0.928020067  0.53853432
  9.54623591E-05  0.758969698
  0.998941479  0.688106359  0.998037483  0.942653021  0.588606753
  0.000151192165  0.781543507
  0.999506971  0.756019621  0.999101744  0.956151536  0.665717517
  0.000182454163  0.806105072
  0.999790578  0.859024049  0.99959388  0.976429944  0.79573464  0.000590148742
  0.863505928
  1.  1.  1.  1.  1.  1.  1.
