  1383.46568  602459813.
  0.00216131208  0.0119458488  0.00149385294  0.0197994885  0.00174973689
  2.14488604E-07  0.116680723
  0.00596124528  0.0236586948  0.00363592832  0.0402086222  0.00361492573
  3.60573768E-07  0.187341199
  0.0135568898  0.0345440451  0.00684400138  0.0603413327  0.00597887734
  4.48178376E-07  0.209628574
  0.0221791446  0.0460192272  0.00990949608  0.0817100971  0.00871831056
  5.39637394E-07  0.233835886
  0.0331428003  0.0570825135  0.0125821631  0.10311304  0.0113620553
  6.29780988E-07  0.255199143
  0.0457244595  0.0685705482  0.0158993173  0.120574429  0.0145267698
  7.15099096E-07  0.273117241
  0.060127177  0.0802904837  0.0194899823  0.13326381  0.0176485833
  8.04016377E-07  0.289800256
  0.0764270539  0.092033735  0.0235534733  0.14536052  0.0211088271
  8.9386206E-07  0.305943559
  0.0945829953  0.103830429  0.0304315616  0.157266962  0.0247887624
  9.86003971E-07  0.320784869
  0.114303261  0.11557378  0.0395087527  0.16907852  0.0287474803
  1.0807282E-06  0.334689962
  0.135909905  0.127702685  0.0502009416  0.186330438  0.0329556032
  1.1782279E-06  0.348226731
  0.158662629  0.139537169  0.0627227781  0.207296379  0.0373621229
  1.28025973E-06  0.361416315
  0.182417222  0.151401227  0.0772715441  0.228162417  0.0419187599
  1.38631906E-06  0.374190414
  0.207340878  0.163174762  0.0940372056  0.248885812  0.0466163972
  1.49767223E-06  0.386261674
  0.233360054  0.175327743  0.11323768  0.269497986  0.0515010195
  1.61449064E-06  0.397893673
  0.260318423  0.187932154  0.135149686  0.289860251  0.0566357841
  1.73873701E-06  0.409400124
  0.2883757  0.200842172  0.159878151  0.31061589  0.0620477723  1.87080693E-06
  0.420966163
  0.317478887  0.213588946  0.187515216  0.331680018  0.067883258
  2.01118808E-06  0.43242982
  0.347220353  0.226560404  0.218148673  0.352934476  0.0740157619
  2.16120497E-06  0.44368491
  0.377132857  0.240007086  0.251803484  0.373859998  0.0806161645
  2.32013018E-06  0.454734941
  0.407268614  0.253647381  0.288346611  0.394853875  0.0874505905
  2.49022516E-06  0.465771711
  0.437716775  0.267356501  0.327415217  0.41606005  0.0945230279
  2.67379546E-06  0.476834187
  0.468567525  0.281413699  0.368679342  0.437009223  0.10226539
  2.87282798E-06  0.488112579
  0.499601434  0.293736167  0.411825995  0.457959246  0.109954138  3.086903E-06
  0.499378771
  0.530522694  0.302856858  0.456289319  0.478544738  0.117961064
  3.3177767E-06  0.510489226
  0.561077306  0.312101558  0.501523414  0.499193176  0.126758673
  3.56792256E-06  0.521566725
  0.591291374  0.321387979  0.546569229  0.519955553  0.135330942
  3.84383163E-06  0.532791527
  0.621551178  0.330711607  0.5909799  0.540616716  0.144763557  4.14863465E-06
  0.544085283
  0.65162968  0.343562051  0.634267362  0.561619594  0.155084365
  4.48806842E-06  0.555452114
  0.681013129  0.359455277  0.675732281  0.582621443  0.165794689
  4.8647165E-06  0.562637095
  0.709852324  0.375822957  0.714734512  0.603930287  0.177164928
  5.29190815E-06  0.569351323
  0.737734813  0.392634059  0.750909546  0.625151335  0.189130124
  5.78016397E-06  0.575898752
  0.764757957  0.409748769  0.784240112  0.646208724  0.202189706
  6.34573223E-06  0.58233202
  0.790748628  0.427071489  0.814778324  0.667036079  0.216059455
  6.99996038E-06  0.589311587
  0.815628267  0.444852829  0.842162047  0.688095063  0.230704077
  7.75563818E-06  0.600679025
  0.839553772  0.463248007  0.866463181  0.709078913  0.245672067
  8.63616214E-06  0.612770902
  0.862284377  0.482432019  0.887951545  0.72970381  0.261888382
  9.68782032E-06  0.625333557
  0.883540598  0.502357084  0.906930109  0.750600984  0.279896582
  1.09759635E-05  0.6381371
  0.903288182  0.523353595  0.923437563  0.771410211  0.300538328
  1.26106406E-05  0.651438991
  0.921530538  0.545329433  0.937769765  0.792348973  0.323335115
  1.47535694E-05  0.665238361
  0.938309085  0.568245519  0.950062385  0.813311736  0.341945291
  1.76374235E-05  0.679601208
  0.953460105  0.5922396  0.960780498  0.834000761  0.358248805  2.16807172E-05
  0.694543938
  0.966699375  0.617791992  0.969873175  0.854814955  0.375626512
  2.79855062E-05  0.709905437
  0.977838985  0.645532561  0.977388036  0.87555268  0.394616046
  3.79773463E-05  0.726171542
  0.98537877  0.676057347  0.983854749  0.896831018  0.415438955
  5.39800652E-05  0.743417349
  0.990352759  0.708800315  0.98898145  0.917944675  0.453373513
  9.18074475E-05  0.762885875
  0.993695884  0.746727188  0.992776105  0.939041166  0.50463994  0.00422089081
  0.786876349
  0.996344033  0.790633979  0.996427922  0.959308635  0.56215859  0.031590429
  0.811421397
  0.998054334  0.85806203  0.998088801  0.979715629  0.699267314  0.424591334
  0.866225384
  1.  1.  1.  1.  1.  1.  1.
