  3673.8612  2.46901869E+09
  9.27716392E-05  0.0135650357  0.00049044233  0.0233896529  0.00187957781
  1.6815942E-07  0.124628462
  0.000198322177  0.0236915634  0.00120337761  0.0467422642  0.00359075624
  2.88283208E-07  0.186113825
  0.000336745998  0.0342183644  0.00237547264  0.0694282017  0.00596301027
  3.75475658E-07  0.216239891
  0.000545369681  0.0460348728  0.00399584617  0.0918327167  0.00843551353
  4.56265872E-07  0.239196238
  0.00102268154  0.057122573  0.00635740473  0.112571585  0.0111096999
  5.38220848E-07  0.259358471
  0.00180173778  0.069127826  0.0096348249  0.132227704  0.0140909186
  6.20732926E-07  0.277104802
  0.00303474988  0.0810409764  0.0144228122  0.151712891  0.0173113752
  7.06146677E-07  0.293403819
  0.0048173807  0.0927948615  0.0210795435  0.170598272  0.0206857674
  7.96363702E-07  0.30914677
  0.00727024734  0.104721023  0.0297802205  0.190295737  0.0242333027
  8.90142019E-07  0.324310404
  0.0107740898  0.116642149  0.0411260343  0.209399392  0.0278447183
  9.87668143E-07  0.338568594
  0.0157923592  0.128740157  0.0551829093  0.229156728  0.0316210022
  1.08972605E-06  0.351905694
  0.022724261  0.141624663  0.0723565841  0.245371837  0.0356400558
  1.19987504E-06  0.364131128
  0.0317213186  0.154593547  0.0925086844  0.265736009  0.039739869
  1.32034047E-06  0.376577012
  0.0433738296  0.167387213  0.115364444  0.284369232  0.0446554925
  1.45011323E-06  0.388738041
  0.058342486  0.18026483  0.141157213  0.303749983  0.0495714726
  1.58693294E-06  0.401010538
  0.0769760102  0.193645565  0.170111045  0.323409422  0.0546820098
  1.73126883E-06  0.412722615
  0.0992620355  0.206768546  0.202053271  0.343452167  0.0602004258
  1.88801512E-06  0.424317691
  0.125789197  0.219900053  0.237412204  0.363910881  0.0657304222
  2.05787069E-06  0.435918179
  0.15699274  0.233344162  0.275988708  0.384507987  0.0715877132
  2.24493917E-06  0.447205104
  0.193636228  0.247423512  0.318515785  0.405595795  0.0778190691
  2.45060433E-06  0.458102363
  0.235422444  0.262589696  0.363379666  0.427876397  0.0843861583
  2.67626627E-06  0.469234996
  0.282354354  0.276350733  0.407899603  0.450146251  0.0914196507
  2.92135427E-06  0.480710003
  0.333937898  0.285367705  0.453514058  0.473052785  0.0988005321
  3.18443927E-06  0.491642081
  0.388937101  0.294440846  0.499452834  0.495517302  0.106340203
  3.46990147E-06  0.502117531
  0.446704164  0.302761569  0.546042184  0.51934235  0.114264071
  3.78892924E-06  0.512657637
  0.505785746  0.311680542  0.592938815  0.542812209  0.122381574
  4.14865699E-06  0.522622794
  0.563527666  0.320552902  0.639478536  0.56692098  0.131164085
  4.55089198E-06  0.534117455
  0.620400037  0.338047302  0.684538126  0.589002005  0.140160585
  5.00092934E-06  0.545420421
  0.673035895  0.354632492  0.726792155  0.610127766  0.149799487
  5.50715119E-06  0.557041041
  0.723388448  0.371334027  0.765465915  0.630570361  0.160285123
  6.07862103E-06  0.568736523
  0.768257651  0.38841726  0.800789212  0.650544524  0.17144916  6.72034304E-06
  0.580213263
  0.809510702  0.405578239  0.83298352  0.670644687  0.183292958
  7.43292034E-06  0.591527495
  0.845611562  0.423101084  0.86175755  0.690830847  0.19588745  8.25494554E-06
  0.60285377
  0.876887547  0.441244341  0.887531728  0.709762934  0.209176937
  9.18262627E-06  0.614292146
  0.903351431  0.459877901  0.910133628  0.728059898  0.223640663
  1.02548663E-05  0.625974318
  0.925253013  0.478861607  0.929963006  0.74675183  0.238587924
  1.15029312E-05  0.638167205
  0.943186292  0.498263777  0.946870063  0.766167868  0.254923788
  1.29678521E-05  0.65105788
  0.95760909  0.518181916  0.960823973  0.785696008  0.273068569
  1.47733247E-05  0.664884001
  0.968987792  0.538624004  0.97181195  0.805607896  0.295628619
  1.70345921E-05  0.679774298
  0.977850884  0.559722721  0.980184982  0.825515305  0.309906353
  1.99562867E-05  0.695324112
  0.984552795  0.582449148  0.986200431  0.845075097  0.323741052
  2.34644239E-05  0.711809482
  0.989360786  0.606826425  0.990668522  0.86548151  0.339380379
  2.82716831E-05  0.719846213
  0.992776282  0.632487152  0.993997577  0.886205047  0.355913478
  3.5020893E-05  0.730596971
  0.995130997  0.659507169  0.996266532  0.900685565  0.373837359
  4.50523726E-05  0.74220602
  0.996795982  0.688832246  0.99779568  0.914474501  0.406387283
  6.25816592E-05  0.754902302
  0.998019443  0.721790477  0.998730017  0.928945689  0.448651292
  9.0349946E-05  0.767943238
  0.998868082  0.758954587  0.999179702  0.943070167  0.496904791
  0.000115825303  0.790357168
  0.999429961  0.805802938  0.999570502  0.954188077  0.569919515
  0.000381356447  0.820556302
  0.999749533  0.880293189  0.999798814  0.976052297  0.713573946
  0.00251410533  0.878461004
  1.  1.  1.  1.  1.  1.  1.
