  9586.61651  1.26918663E+09
  9.81417246E-05  0.00835517868  0.000538793556  0.025819751  0.00263883828
  2.71694347E-07  0.122991857
  0.000230173348  0.0169487958  0.00129030306  0.0452130003  0.00547421437
  4.667088E-07  0.185154249
  0.000403375636  0.0241957008  0.00240361562  0.06764674  0.00883659897
  5.94160018E-07  0.215126785
  0.000915947598  0.0317028178  0.00394542369  0.0894064143  0.0124796814
  7.06655317E-07  0.238703883
  0.00178748276  0.0401945143  0.00596576093  0.110484041  0.0163806141
  8.22298162E-07  0.259461718
  0.00298757773  0.049079972  0.00919144946  0.131884919  0.0204762695
  9.34571029E-07  0.277658063
  0.0046999888  0.0566746938  0.013509165  0.15292803  0.0246924697
  1.04799407E-06  0.294225555
  0.00705611626  0.0647013846  0.0192675746  0.173688718  0.0290417773
  1.16274199E-06  0.308333005
  0.01038375  0.0739508231  0.0268361867  0.194433269  0.0337396134
  1.28154638E-06  0.321999082
  0.0146675853  0.0801975692  0.0363371655  0.21497868  0.0387871459
  1.40530283E-06  0.334601098
  0.0201585285  0.0859403825  0.0478824564  0.235132393  0.0437709098
  1.53434401E-06  0.347916095
  0.0270467779  0.0923661066  0.0616083371  0.255061317  0.0489226577
  1.66777355E-06  0.360975224
  0.0358912104  0.0986540725  0.0779009432  0.275042743  0.054545903
  1.8060324E-06  0.373573719
  0.0468946952  0.103931833  0.097442723  0.295125568  0.0603478565
  1.95127051E-06  0.385822153
  0.0602775187  0.112660184  0.120560442  0.315382087  0.0664168425
  2.10426664E-06  0.397840787
  0.0764760323  0.123172211  0.147186681  0.335597607  0.0729106157
  2.27233999E-06  0.410127982
  0.0958936746  0.133713301  0.177561329  0.355210124  0.0786567664
  2.45124362E-06  0.42211589
  0.119364194  0.144705277  0.211368195  0.375591133  0.0854481229
  2.64043217E-06  0.43014863
  0.14849405  0.155874641  0.248329432  0.396388966  0.0921555807
  2.84137992E-06  0.436296272
  0.18347059  0.167060086  0.288398215  0.418137487  0.0997996084
  3.05504778E-06  0.442776858
  0.22566601  0.178243094  0.331519202  0.439266827  0.108067959
  3.28267602E-06  0.449220627
  0.275000072  0.189625474  0.377874997  0.460136122  0.116334028
  3.52704284E-06  0.455893566
  0.330615813  0.20140584  0.427910852  0.481823529  0.125000362
  3.79588462E-06  0.466393596
  0.39206809  0.213554897  0.479243663  0.503515607  0.133900618  4.0924974E-06
  0.47812304
  0.457231957  0.226789494  0.531073591  0.525647553  0.14318018
  4.41738835E-06  0.489267188
  0.524347271  0.239827427  0.582762362  0.548319348  0.152739691
  4.77171278E-06  0.50036358
  0.590834585  0.253193495  0.633465395  0.569111322  0.162733937
  5.15612708E-06  0.511398311
  0.653566414  0.266874639  0.681312403  0.588425737  0.173430002
  5.57225568E-06  0.522614057
  0.710366603  0.281425595  0.725234798  0.607089214  0.184688336
  6.02430437E-06  0.533903784
  0.760057681  0.296447284  0.765061295  0.627480073  0.196538549  6.5273E-06
  0.545847479
  0.803122082  0.311652011  0.801050183  0.64823972  0.210260454
  7.10680919E-06  0.556748687
  0.840619857  0.327126941  0.833617646  0.668141525  0.219840673
  7.77916793E-06  0.567004923
  0.872664435  0.343167964  0.861718092  0.687773811  0.227991907
  8.53241741E-06  0.577460327
  0.899030912  0.360369003  0.88581132  0.70740918  0.237125664  9.39268877E-06
  0.588093701
  0.919976481  0.379468512  0.906977142  0.72802494  0.246584071
  1.03753039E-05  0.599799785
  0.93716963  0.395770745  0.925516576  0.748464963  0.254754509  1.1521099E-05
  0.611508346
  0.951226006  0.413662323  0.941509828  0.769599315  0.269816842
  1.28815434E-05  0.62365542
  0.962487972  0.432132763  0.954926517  0.793054742  0.287604231
  1.4498441E-05  0.636505531
  0.971458445  0.45291149  0.965894333  0.805025379  0.306323521
  1.65014438E-05  0.649812094
  0.978617504  0.476019966  0.974795178  0.817512354  0.325993023
  1.89238697E-05  0.663529177
  0.984324434  0.500453083  0.981916102  0.830429392  0.346088981
  2.19928558E-05  0.677987881
  0.988857164  0.527136764  0.987410609  0.843622312  0.366634394
  2.59211061E-05  0.692897438
  0.992293746  0.555946303  0.991464628  0.85627882  0.38977507  3.14552745E-05
  0.707192631
  0.994901997  0.585764218  0.994376339  0.875174793  0.417690279
  3.93774781E-05  0.722683983
  0.996717454  0.61811311  0.996516616  0.896457056  0.452347616
  5.18415416E-05  0.739413984
  0.998071005  0.655219567  0.998110061  0.918085026  0.494872587
  7.64109633E-05  0.759785537
  0.998861691  0.697974012  0.999182819  0.941156211  0.5435715  0.000122672291
  0.783807837
  0.999412006  0.752833654  0.999517014  0.961305002  0.610227317
  0.000329427295  0.810526871
  0.999766406  0.839724863  0.999786884  0.978809498  0.745786444
  0.000850501001  0.858873903
  1.  1.  1.  1.  1.  1.  1.
