  68189.4779  1.98335457E+10
  9.21776372E-05  0.00821561259  0.000409089849  0.0222335917  0.00334556385
  2.64955362E-07  0.133489045
  0.000185637546  0.0158576273  0.000947146534  0.043492158  0.00694373173
  4.48073878E-07  0.19176621
  0.000389527085  0.0234997352  0.00177418054  0.0635186257  0.0108284264
  5.65926711E-07  0.216718387
  0.000689460078  0.0313026364  0.0032487344  0.0826324732  0.0149897731
  6.92767094E-07  0.241395013
  0.00126889869  0.0392787445  0.00535878824  0.102800975  0.0194076458
  8.16662988E-07  0.258371772
  0.00233110349  0.0474131884  0.00826101925  0.125009573  0.0242290249
  9.41246774E-07  0.270869354
  0.00385014755  0.0556807898  0.012477595  0.147620612  0.0292664545
  1.07072206E-06  0.282327563
  0.00611411995  0.0640479061  0.0177590014  0.169416208  0.0344884613
  1.20534863E-06  0.29349123
  0.00935738884  0.0726589717  0.0246204429  0.190769571  0.0398960101
  1.34386832E-06  0.304868992
  0.0138419726  0.0812504103  0.0331484388  0.212238961  0.0456369359
  1.48572407E-06  0.319877869
  0.0200173784  0.0900611254  0.0436126234  0.233345392  0.051684449
  1.63675626E-06  0.333693123
  0.0280797284  0.0992993625  0.0564368238  0.254676676  0.0580622604
  1.79871627E-06  0.347515288
  0.0384208863  0.1087265  0.0718533883  0.276934614  0.0643621813
  1.97178663E-06  0.361154995
  0.0514291461  0.118695467  0.0907432401  0.299603245  0.0710305362
  2.15468006E-06  0.374032804
  0.0674653456  0.12893266  0.113513724  0.322076415  0.0779327425
  2.35238251E-06  0.3862206
  0.0872466644  0.139064765  0.140280923  0.343801881  0.0848492214
  2.56168938E-06  0.398158045
  0.111452489  0.149654743  0.17079324  0.365219248  0.0926000309
  2.78222159E-06  0.408172106
  0.140703936  0.160527971  0.204543533  0.386625968  0.100321719
  3.01784359E-06  0.416633227
  0.173967549  0.171670628  0.242964153  0.407081369  0.108536044
  3.27243526E-06  0.424914573
  0.213775244  0.18306513  0.284983793  0.421387977  0.116921251
  3.54801913E-06  0.433128292
  0.258440807  0.193105019  0.33016256  0.435505627  0.125616269
  3.84828915E-06  0.443081674
  0.307467491  0.2026476  0.377250388  0.44962971  0.134987251  4.17107877E-06
  0.454565537
  0.359640362  0.212377243  0.42568107  0.464058671  0.144633551
  4.52355253E-06  0.4661997
  0.414597374  0.222926145  0.475837456  0.484953069  0.154619613
  4.90348103E-06  0.477996291
  0.471597852  0.235984361  0.526680645  0.506975983  0.165136316
  5.33120716E-06  0.489498047
  0.527681901  0.248909276  0.577075572  0.528886103  0.175982519
  5.8061202E-06  0.500706471
  0.58288379  0.261455327  0.626324136  0.550868004  0.187688215
  6.33883224E-06  0.511054383
  0.636554793  0.273758639  0.674419792  0.572915074  0.198916184
  6.92922529E-06  0.521618182
  0.68856899  0.285230363  0.719515099  0.59437603  0.209170373  7.58174163E-06
  0.53246677
  0.737179182  0.297250152  0.76136515  0.6152451  0.219737934  8.32159016E-06
  0.543299744
  0.781550185  0.309421817  0.799622961  0.636506506  0.230699539
  9.17008128E-06  0.554158516
  0.821036612  0.324176514  0.83429908  0.658790453  0.243652937
  1.01574292E-05  0.565063002
  0.855524503  0.340469075  0.86378292  0.680997231  0.257649745
  1.12896671E-05  0.577235408
  0.885296581  0.35779342  0.889083499  0.702832879  0.270174695
  1.26130798E-05  0.588770558
  0.910340934  0.369720487  0.910064898  0.724016978  0.284045622
  1.41978488E-05  0.598887178
  0.930646603  0.381176558  0.928313399  0.746104606  0.299012207
  1.60537616E-05  0.609345535
  0.947220953  0.392347559  0.944001733  0.767039803  0.316791651
  1.84368131E-05  0.619754854
  0.960821907  0.404223606  0.957146248  0.783192358  0.332459973
  2.12718736E-05  0.63268949
  0.971673166  0.41865899  0.967756014  0.798607506  0.346582246
  2.49023758E-05  0.645905427
  0.979803113  0.437674864  0.976291883  0.813291469  0.361292501
  2.9564403E-05  0.659388856
  0.985819879  0.461043678  0.982985812  0.827384259  0.376925964
  3.61876765E-05  0.673942251
  0.990344605  0.486003073  0.988123042  0.842646142  0.394753282
  4.58168136E-05  0.687795559
  0.993647771  0.512975667  0.99199178  0.863693684  0.417157678
  6.17777622E-05  0.703195878
  0.996088401  0.542969508  0.994948628  0.883734011  0.442435629
  8.78441262E-05  0.719368414
  0.997681443  0.576622164  0.997070411  0.904042905  0.472255797
  0.000118612434  0.737587843
  0.998682268  0.615350844  0.99849849  0.922467968  0.510801445
  0.000150138666  0.758104765
  0.999264453  0.658847882  0.999140707  0.939308512  0.558483732
  0.000386943471  0.782802514
  0.99962621  0.711466765  0.999547147  0.957272566  0.615357841  0.0513925129
  0.8089075
  0.999851223  0.802566279  0.999774421  0.979941761  0.732874566  0.525696256
  0.869007836
  1.  1.  1.  1.  1.  1.  1.
