  177890.565  4.04939852E+10
  0.000410899782  0.00972561234  0.000568164364  0.0199391333  0.00255547178
  2.72870481E-07  0.134828958
  0.00106759382  0.019077555  0.00122433083  0.0407776718  0.00543534982
  4.66096716E-07  0.188252741
  0.00243734869  0.0279296803  0.00208899831  0.0611939804  0.00861847293
  5.85446923E-07  0.215194405
  0.00443640387  0.0366262327  0.00343199679  0.0824005029  0.0120268744
  7.10604783E-07  0.239087662
  0.00699614104  0.0455870383  0.00565458988  0.102833691  0.0157133644
  8.30191406E-07  0.258790522
  0.0106456076  0.0543622083  0.00854479526  0.122777609  0.0197438868
  9.46688391E-07  0.276178053
  0.0149995687  0.0633452728  0.0120964918  0.142673637  0.0239296055
  1.06478668E-06  0.291741955
  0.0204575887  0.0722036784  0.0166141748  0.162961085  0.0282855537
  1.18523715E-06  0.307214278
  0.0270053359  0.0812227972  0.0218296685  0.18330974  0.0327586714
  1.30963741E-06  0.321918969
  0.0347114678  0.0901398432  0.0289788159  0.204087924  0.0373898089
  1.44064764E-06  0.336048265
  0.0441508825  0.0992174686  0.0372696868  0.225084681  0.0421863502
  1.57692731E-06  0.349645062
  0.0550846918  0.108498392  0.0468388277  0.243120581  0.0471889406
  1.72126639E-06  0.362807888
  0.0677944899  0.118392223  0.0579711287  0.258848826  0.0524726409
  1.87229034E-06  0.375267891
  0.0823721882  0.128553631  0.070556656  0.27444769  0.0579579661
  2.03257488E-06  0.387626668
  0.0992729346  0.139015548  0.0848918903  0.290052459  0.063760947
  2.2030355E-06  0.399696625
  0.119197606  0.149861164  0.101617933  0.309258435  0.0697976587
  2.38312539E-06  0.411589503
  0.1421544  0.161004855  0.121692415  0.330190945  0.0761537913
  2.57476819E-06  0.421707635
  0.16950185  0.172266087  0.1451377  0.351419845  0.0826234715  2.7791125E-06
  0.430592934
  0.202087002  0.183987253  0.172219804  0.3723664  0.0893605809
  2.99999794E-06  0.439209655
  0.240990717  0.195657727  0.203832448  0.391814803  0.0963417194
  3.23897991E-06  0.447783747
  0.286136906  0.207663129  0.241138364  0.411120727  0.103643944
  3.49821257E-06  0.45805004
  0.337983438  0.219182437  0.285978693  0.430407729  0.111312973
  3.78552512E-06  0.469136903
  0.396805503  0.231265286  0.33824691  0.45136498  0.119069445  4.09811769E-06
  0.480267858
  0.460804297  0.243531139  0.397374171  0.473237126  0.127190865
  4.43757861E-06  0.491427363
  0.52730598  0.256414511  0.461496246  0.494412557  0.135954439
  4.80540444E-06  0.502509281
  0.591398528  0.269582138  0.527843057  0.515347838  0.145487197
  5.2075097E-06  0.513712482
  0.651059606  0.28352585  0.592762615  0.535860541  0.155555385
  5.65710999E-06  0.524824403
  0.704638718  0.297631183  0.653341976  0.556846477  0.165916079
  6.16430049E-06  0.535572187
  0.751669572  0.31185959  0.706337697  0.578629387  0.176823066
  6.72057916E-06  0.543864283
  0.791031461  0.326730506  0.751455721  0.599986482  0.187922426
  7.32926152E-06  0.551866645
  0.823941622  0.341604519  0.789901987  0.621381043  0.199666653
  8.00299195E-06  0.559819301
  0.852073844  0.354171292  0.823158084  0.642480536  0.211954255
  8.79361233E-06  0.568228347
  0.876471049  0.367072572  0.851508418  0.663736622  0.225453245
  9.6935158E-06  0.578153114
  0.897473188  0.380338072  0.875492168  0.684908728  0.239648765
  1.07618814E-05  0.589063358
  0.915017138  0.394910338  0.89577618  0.706118012  0.254180342
  1.20062806E-05  0.600039927
  0.929670032  0.413320972  0.913276967  0.727358897  0.269796714
  1.35108724E-05  0.611874822
  0.942113775  0.43352024  0.928563152  0.74843906  0.286993494  1.52436753E-05
  0.624102432
  0.952994945  0.453236395  0.941734202  0.769699367  0.305992312
  1.73060358E-05  0.636656253
  0.962665641  0.474552113  0.952889446  0.787484562  0.325272628
  1.9897024E-05  0.649581736
  0.971011639  0.497172273  0.962208077  0.803310592  0.342053311
  2.3193714E-05  0.663028378
  0.978116872  0.520995789  0.970310099  0.819121021  0.36032846
  2.72994777E-05  0.677243258
  0.98425357  0.548120341  0.977043475  0.836059401  0.380239544
  3.26123948E-05  0.691851107
  0.988493624  0.578279963  0.982607423  0.855956344  0.404191795
  3.96640752E-05  0.707579847
  0.992298207  0.611630126  0.987198095  0.87523414  0.436880388  4.9826376E-05
  0.723725996
  0.995271252  0.64909502  0.990840814  0.895542913  0.475219261
  6.57135137E-05  0.740571405
  0.997448769  0.68512153  0.99386706  0.913529386  0.522621752  8.51446043E-05
  0.761574688
  0.998851034  0.721589411  0.996220949  0.934376741  0.582086683
  0.000109074213  0.783680103
  0.999392804  0.766238177  0.998039378  0.957352219  0.664764905
  0.000158515374  0.809952122
  0.999732862  0.843307091  0.999125977  0.97772597  0.796815084  0.399371228
  0.874956071
  1.  1.  1.  1.  1.  1.  1.
