  11401.9565  2.42995975E+09
  0.000390074883  0.00713898336  0.000551365044  0.0205502885  0.00303679418
  2.97875464E-07  0.123132429
  0.000974022526  0.0139264076  0.00126289501  0.0407973542  0.00640302571
  5.06359816E-07  0.18270973
  0.00189995382  0.0208732652  0.00226175046  0.0609792383  0.0101140415
  6.42285426E-07  0.212225818
  0.0032713588  0.0282307038  0.00375032985  0.0819889233  0.0141626255
  7.69428884E-07  0.234941981
  0.00505964935  0.0353880802  0.0060213687  0.102566194  0.0184617043
  8.95881544E-07  0.254712581
  0.0074506948  0.0425048727  0.00909205344  0.12441854  0.0229497608
  1.02223056E-06  0.272259996
  0.0106314458  0.0499767177  0.0128191715  0.145993087  0.027535255
  1.15149267E-06  0.288531599
  0.0146343611  0.0576769949  0.0172195211  0.163342902  0.0322883095
  1.28145187E-06  0.304300663
  0.0194146543  0.0649526929  0.0227484867  0.181331755  0.0374981327
  1.41613242E-06  0.319156141
  0.0252445915  0.0726113012  0.0294023171  0.199651942  0.0428456881
  1.55886855E-06  0.332833957
  0.0323341264  0.0805508304  0.0378757674  0.217666312  0.0481230355
  1.70047808E-06  0.345940522
  0.0410424585  0.0878768124  0.0480711487  0.23733694  0.0537960529
  1.85680378E-06  0.35889916
  0.0520191593  0.0958425724  0.0599009801  0.256447437  0.05931226
  2.01680752E-06  0.371562673
  0.0651006879  0.10483696  0.074864805  0.276679354  0.0651508692
  2.18776409E-06  0.383795429
  0.0809140338  0.112959934  0.0921606294  0.298176152  0.0714396428
  2.36987246E-06  0.395557672
  0.099996436  0.122373933  0.113306559  0.318529891  0.0778893168
  2.56310378E-06  0.406594278
  0.12288943  0.132113962  0.138154769  0.337704306  0.0844145222
  2.77270076E-06  0.417487407
  0.150098144  0.141973136  0.166928886  0.357301508  0.091015121
  2.99160682E-06  0.428281401
  0.182783152  0.151746477  0.200721525  0.377910879  0.0980000119
  3.22837751E-06  0.438985271
  0.221360634  0.161751619  0.239585976  0.399314303  0.105222721
  3.48243284E-06  0.449726039
  0.266984122  0.172233944  0.282941018  0.420064423  0.113184529
  3.75071094E-06  0.460445786
  0.319973997  0.182645616  0.331245046  0.440040427  0.121368281
  4.04429788E-06  0.470559841
  0.37997009  0.193182142  0.383351528  0.460757886  0.129764277
  4.36294745E-06  0.480452293
  0.445810061  0.204493569  0.438560762  0.482074392  0.138393422
  4.71354364E-06  0.490836167
  0.513533092  0.216789667  0.495196825  0.503231019  0.147529355
  5.1043865E-06  0.500507469
  0.579204392  0.230157918  0.552071157  0.524020212  0.157135821
  5.5276318E-06  0.510541511
  0.641675414  0.241390014  0.608276782  0.544393112  0.167291448
  6.00523301E-06  0.521065659
  0.699684529  0.253762517  0.661028074  0.564723237  0.177896803
  6.53971384E-06  0.531468439
  0.750901806  0.26620754  0.709661963  0.585612849  0.18876513  7.12645758E-06
  0.54203556
  0.79438428  0.278919111  0.753540034  0.606962352  0.200154441
  7.76742241E-06  0.553162091
  0.831513895  0.292569094  0.792541808  0.627672774  0.211777199
  8.48069076E-06  0.563937503
  0.861994595  0.306679039  0.826759036  0.647787386  0.223816434
  9.28297872E-06  0.574548866
  0.88755742  0.32199491  0.855944971  0.667791958  0.23629522  1.01871273E-05
  0.584788161
  0.909467516  0.337128229  0.880929512  0.687437747  0.248784017
  1.12181457E-05  0.595202507
  0.926995554  0.353720607  0.902189581  0.706037044  0.262624783
  1.24164567E-05  0.606065399
  0.941574955  0.370571439  0.920165282  0.724579966  0.277957969
  1.37843452E-05  0.617391478
  0.953684824  0.388036152  0.935390373  0.74335595  0.290652041
  1.53970855E-05  0.628935375
  0.96362752  0.406785663  0.948259894  0.762873031  0.309244716
  1.73479964E-05  0.640126598
  0.971516759  0.427931178  0.95898072  0.783882537  0.326195991
  1.97759911E-05  0.652499507
  0.978076512  0.450926577  0.967728223  0.804081276  0.344436842
  2.28271459E-05  0.664882128
  0.983246427  0.474526409  0.974901372  0.823050122  0.363613676
  2.66627111E-05  0.678522927
  0.987472553  0.499410036  0.98086383  0.841533589  0.385869681
  3.17927705E-05  0.693367909
  0.991012659  0.525737918  0.985777675  0.859869295  0.41202055
  3.86266597E-05  0.70890155
  0.993719531  0.555846763  0.98981081  0.879463908  0.441381726
  4.79615866E-05  0.725495254
  0.995759176  0.588370298  0.99297983  0.899768657  0.474698457
  6.21430081E-05  0.743556074
  0.997499538  0.625232016  0.995388633  0.919056255  0.513601865
  8.79104083E-05  0.762836099
  0.998566863  0.669464926  0.997260578  0.938489501  0.561446543
  0.000119592293  0.787167547
  0.99925274  0.719594623  0.9985117  0.957791738  0.622094929  0.000213903271
  0.815512629
  0.999688758  0.82374487  0.999358886  0.978921795  0.743216421  0.0255962278
  0.859466734
  1.  1.  1.  1.  1.  1.  1.
