  5707.33365  985500098.
  0.0012865008  0.0077083492  0.00278816242  0.020889711  0.00185319322
  1.88938559E-07  0.123772982
  0.00321485488  0.0162341372  0.00658264495  0.0419058473  0.00400945705
  3.15992989E-07  0.183412658
  0.0071834388  0.0250527169  0.0120141947  0.0625545096  0.0065480379
  3.99484742E-07  0.21101824
  0.0129869797  0.0349896093  0.0198920009  0.0828092974  0.00938037499
  4.73941765E-07  0.233452851
  0.0203645769  0.0451016269  0.0243784227  0.103019153  0.0124577381
  5.47490697E-07  0.253436778
  0.0294116651  0.0552966082  0.0319644038  0.123065611  0.0157417589
  6.18317395E-07  0.271415368
  0.0404996167  0.0655666795  0.0402960284  0.14320897  0.0191992134
  6.87652213E-07  0.287991328
  0.0531269578  0.0758823275  0.0488532369  0.163365495  0.0228715349
  7.57253865E-07  0.303267542
  0.0676632679  0.0863469757  0.0602324767  0.183788  0.0268088039
  8.28260257E-07  0.317644363
  0.084186832  0.0968873912  0.0754158441  0.204478055  0.031012391
  9.01468285E-07  0.331387053
  0.102361941  0.107780675  0.0916453641  0.22507062  0.0354362269
  9.76869151E-07  0.34474132
  0.122078648  0.119091894  0.109718263  0.245574412  0.0400990401
  1.05406086E-06  0.357528641
  0.143540214  0.130377715  0.129659532  0.265986559  0.045018281
  1.1341789E-06  0.369734214
  0.166871144  0.141529028  0.151220367  0.286146508  0.0501487431
  1.21788452E-06  0.381642461
  0.191861609  0.152787751  0.174556078  0.306297035  0.0555237275
  1.30573231E-06  0.393086082
  0.218610313  0.164010557  0.199310462  0.326491654  0.0612416747
  1.39821844E-06  0.405634094
  0.246999467  0.175669421  0.226196287  0.347052218  0.0672765239
  1.49453987E-06  0.415842029
  0.276838676  0.18799396  0.255093479  0.367956921  0.0735008031
  1.59630282E-06  0.424177558
  0.307594901  0.200454741  0.285819678  0.386513424  0.0800619037
  1.70559946E-06  0.433373785
  0.339064053  0.21356534  0.317944079  0.40701166  0.0869570288
  1.82308367E-06  0.442336095
  0.371168124  0.226904857  0.351162529  0.426602479  0.0941842324
  1.94893384E-06  0.45043629
  0.404001405  0.240374202  0.38539051  0.446998539  0.101783967
  2.08245194E-06  0.461941307
  0.437838945  0.254132755  0.42064279  0.467141192  0.109752274
  2.22460574E-06  0.472926065
  0.472450484  0.268010167  0.456758465  0.487357858  0.118167724
  2.37828246E-06  0.483014279
  0.507287219  0.282180484  0.492582731  0.507862953  0.126789997
  2.54403681E-06  0.493332552
  0.541358105  0.293658719  0.528862548  0.527878741  0.136058711
  2.72242173E-06  0.503993207
  0.574701992  0.303989437  0.565033131  0.548250355  0.145213277
  2.91618291E-06  0.514906012
  0.607760227  0.31583568  0.600665351  0.567753688  0.154730491
  3.12853223E-06  0.525624188
  0.640919462  0.326805848  0.635114089  0.58859613  0.165669147
  3.36280329E-06  0.536312428
  0.67333256  0.341503931  0.668234571  0.609037586  0.176245398
  3.62123156E-06  0.547428081
  0.704803972  0.358443619  0.700484554  0.629341983  0.184711377
  3.90516566E-06  0.558456285
  0.735356706  0.375121163  0.731675873  0.649591829  0.194468389  4.222096E-06
  0.569380987
  0.764443618  0.392178954  0.761284433  0.670064817  0.20471724
  4.58179292E-06  0.580834
  0.792151397  0.409668436  0.789119342  0.690743781  0.214776352
  4.98581384E-06  0.592408263
  0.818340835  0.427502744  0.815144118  0.711522585  0.228785515
  5.44828992E-06  0.604212932
  0.842951064  0.446020368  0.839366342  0.732227554  0.244211359
  5.98244509E-06  0.616303059
  0.865893714  0.465177004  0.86178517  0.752673444  0.260478813
  6.60859563E-06  0.62872857
  0.886998579  0.484983874  0.882149683  0.773062457  0.277903259
  7.35537818E-06  0.641374605
  0.906545494  0.505578142  0.900463811  0.793357741  0.296058034
  8.25220935E-06  0.654272161
  0.925749649  0.527146172  0.916910749  0.81457039  0.316114913
  9.33624228E-06  0.667494747
  0.940550968  0.549982287  0.931758468  0.83476993  0.337442027
  1.06687453E-05  0.681255514
  0.951215434  0.574225367  0.944978864  0.85007106  0.36254279  1.23845583E-05
  0.695753221
  0.96171753  0.600225744  0.956544887  0.866307651  0.390455596
  1.46113063E-05  0.711113101
  0.97063937  0.628647949  0.966401334  0.88287158  0.421859351  1.76616084E-05
  0.727629887
  0.976937001  0.659875191  0.974994915  0.896877196  0.457657672
  2.22208455E-05  0.745963841
  0.986008805  0.694475539  0.982210098  0.917230868  0.499156264
  3.00950493E-05  0.766897399
  0.992026223  0.73332017  0.988584172  0.939657862  0.548729008
  4.40257795E-05  0.790536439
  0.99642539  0.779495663  0.993613982  0.959706379  0.613368478
  7.38452919E-05  0.820114854
  0.998811326  0.858826658  0.997033702  0.979466859  0.744937552
  0.000142162837  0.882136819
  1.  1.  1.  1.  1.  1.  1.
