 -3.326874256 -12.21642303
 -2.327988148 10.91035557
 -0.3774075508 11.23913956
 15.26759338 -19.38034058
 -2.939571857 9.216681480
 6.540013790 3.872315645
 6.188881397 8.478437424
 6.992648125 -23.51902008
 -0.4276323318 -8.278514862
 3.160281181 -9.747880936
 -3.409538746 -9.489484787
 2.168214321 -10.12431145
 9.605467796 3.323117256
 8.969894409 -3.522900581
 -4.405805111 -10.25552654
 -1.521924496 -11.99132061
 5.754963398 -4.002313614
 -0.9621644020 -11.40211678
 -18.35019684 13.59302902
 7.969015598 4.734721184
 1.314911366 11.74248409
 -8.691247940 -8.541916847
 -0.8529696465 -9.620658875
 6.099442959 7.957652092
 -2.372975826 12.09532738
 3.756669521 -6.800612926
 -1.325454235 -10.01352978
 2.492263794 9.202913284
 7.427440166 0.4406482279
 7.352530003 -4.184906483
 -4.676255703 -10.10125542
 3.440295219 7.365464687
 -8.268379211 -7.059038639
 6.424046040 -3.680536032
 -2.236871243 11.69005775
 -4.033680439 10.83120441
 -9.108907700 -6.298218727
 -1.191392422 -9.615108490
 7.389724255 3.345351219
 8.792419434 5.728823662
 -1.213820934 8.803864479
 -9.404876709 -4.074951172
 9.817764282 2.776072979
 5.407192707 -4.947392464
 6.583734989 4.640262604
 6.673498631 3.406738758
 -0.9602103233 11.78652573
 6.834033489 -8.852985382
 -1.543558598 10.44145393
 7.560979366 -3.628058672
 0.6879992485 -12.07468414
 3.027611256 7.485918999
 4.566501141 6.574036121
 -9.276439667 -4.624086380
 -10.37243271 1.997922540
 3.802256107 -10.51501656
 6.506989956 -6.558990479
 -3.111718655 9.299396515
 3.459047794 10.84380150
 0.3064250946 -9.773128510
 3.769871712 11.01625347
 7.980546474 -0.2652654946
 2.568398476 -8.550221443
 -0.1041884422 12.07521248
 3.236191750 -9.560757637
 2.030019283 -11.73865986
 4.252118587 9.069014549
 3.631672859 7.809075832
 5.285672188 7.310162067
 -10.30811501 1.542341113
 8.679246902 1.298572779
 6.394192219 6.133415699
 -3.266485691 -11.03382874
 -9.884777069 3.755607367
 -6.521068096 10.00629711
 -0.5683598518 9.652671814
 -6.446673870 8.247153282
 6.650796413 2.498612642
 1.931159973 -9.405833244
 -3.816429615 -8.416421890
 6.581798553 -8.704925537
 -6.339761257 9.805716515
 7.771124363 0.1738610715
 -5.522814274 9.979352951
 4.356912136 7.418684959
 7.503091812 -8.176527023
 6.268948555 8.536152840
 6.730418682 -5.876395226
 -4.734881878 8.294766426
 -5.450000286 9.360616684
 -1.900589466 10.29331112
 6.889279842 -5.011076450
 2.040463924 -11.33932495
 1.365060806 11.29368591
 -5.976241589 10.52695370
 -0.7190074921 -10.07729149
 8.582143784 -0.8907604218
 -11.17487907 -2.291424990
 10.07977962 -1.002314091
 4.203870296 -6.811483860
 7.457492352 -0.3760053515
 -5.118680477 9.108022690
 -4.597492695 -10.75465775
 -11.49797058 -3.653157711
 7.641461849 7.277624130
 -2.159800053 -11.65461254
 2.969139576 8.950624466
 9.748880386 -3.747243881
 5.176280022 10.40828323
 10.33894348 -4.650774479
 1.011152267 -10.74059963
 -5.441713810 8.268785477
 9.257607460 -6.706453323
 4.478298187 -10.80779362
 -3.602362156 -9.184762001
 8.110206604 -1.723741174
 7.854138851 6.490230560
 9.359624863 -4.392108917
 -8.915122986 -10.51657867
 1.380982399 10.94964600
 -11.61006546 2.519574642
 -11.16168022 0.1780502647
 21.40088463 17.49535942
 2.979533195 -9.239081383
 -3.354300022 -10.15483665
 6.494142532 -10.43355179
 11.22704697 11.96549034
 21.42818832 0.7889587879
 14.64734745 -8.582144737
 21.71658325 -4.310917377
 18.43018723 6.661625385
 2.973121643 -8.195471764
 14.00365448 11.68150997
 17.95064735 7.538302898
 20.91621017 -2.999484301
 11.28511810 -10.78367233
 19.54814339 -7.282850266
 8.291492462 -9.908319473
 19.71027756 5.578617096
 16.62285995 -8.750630379
 2.983745575 -7.650886536
 19.52248001 -6.169233322
 20.98191071 -5.482215405
 16.34592819 10.77036095
 5.934177399 8.573330879
 11.70436954 9.779785156
 19.93817711 5.075868607
 19.60149384 -5.360150814
 16.03614044 10.43346977
 11.86878300 10.97005653
 13.83429527 -10.96968460
 21.48920250 1.929126620
 9.857688904 12.58272648
 4.738724709 8.619169235
 16.11873627 -11.25645256
 9.984998703 -11.23180008
 11.64890862 10.31032276
 14.75914955 10.00998116
 18.40387726 -6.718718052
 3.155497551 8.202425003
 3.460959435 -7.939121246
 16.02243042 10.64034462
 16.51272583 8.717234612
 14.66393471 9.745619774
 5.313302040 -10.99674416
 21.45498085 -3.396677017
 3.580951691 9.206510544
 3.821414948 9.482790947
 5.068734169 11.83617210
 14.66541672 11.01293945
 17.24895668 -9.621955872
 13.38511372 -9.429103851
 16.30909920 8.422852516
 14.59304714 -10.43991661
 8.752614975 -10.11894417
 14.58705330 -10.68209839
 21.99375153 -3.467634678
 7.100279808 11.47372055
 40.86138916 -21.44068909
 17.26693344 -8.452671051
 4.559044838 -9.427035332
 17.16072845 8.570203781
 2.745092392 8.026341438
 22.74812317 -1.739603281
 5.614461899 10.41996956
 16.99965858 -10.52814293
 3.314547539 -8.988523483
 21.74885178 1.453413606
 6.871407509 12.95425034
 18.41752434 7.337646961
 20.29879379 5.525690556
 9.902042389 11.18091011
 9.325658798 -9.824580193
 7.571570396 -11.15362740
 22.40883636 -4.109424114
 29.46776581 -25.06683350
 21.70766449 -2.503748178
 12.07958317 10.36212349
 16.78399467 -10.60444450
 23.85115433 -3.194854498
 23.11289406 1.535550833
 10.36643028 12.37331295
 18.92029572 7.164070129
 4.871597290 9.196507454
 22.28388977 -0.8582479954
 12.10637283 -10.22948170
 20.93110466 5.485130310
 43.28481293 -10.17078304
 21.88780594 2.524469614
 6.686262131 9.442687988
 7.173373699 -9.369194984
 17.23516083 10.16225815
 15.11286354 12.00412560
 21.22001076 -4.897001743
 4.709541321 9.510902405
 22.79102516 3.841644526
 -1.678977013 18.57880783
 2.860373497 -7.249404907
 5.808882713 -12.64695930
 7.328465939 -10.62158012
 6.194109440 12.83103371
 22.93558884 1.206443310
 10.24410534 12.73480511
 17.81776428 -10.75483418
 12.10015011 13.33613205
 13.57805634 10.48347664
 9.763490677 -11.09421921
 22.50737381 2.814745665
 1.815085411 10.50305557
 10.10964394 13.58774948
 19.10842896 -9.063093185
 16.67887115 9.814084053
 1.573731422 9.937105179
 4.127259254 12.76646042
 4.372035027 -11.14810753
 13.01756859 -10.13319588
 16.53567505 22.81373596
 35.79828644 -6.366290092
 15.40214920 10.56467056
 38.89122772 -5.603347778
 13.23874760 -8.118728638
 18.31379890 -10.96392345
 29.41744614 12.15451813
 14.29616737 9.908690453
 26.35677147 13.31276417
 13.60920238 -9.529422760
 35.20911407 -7.407477379
 28.74890137 -12.47509003
 13.15146160 -10.52622604
 37.55286407 -4.787498951
 11.80764008 -9.051514626
 16.22442627 -10.29356384
 14.37087250 12.94917488
 11.69623280 -10.37204933
 16.30107498 11.08144951
 10.61703014 6.564712048
 27.18484879 -13.47126389
 25.63515472 13.59410477
 9.187331200 7.612205505
 28.96798325 -12.38449097
 28.57777405 -12.76334000
 14.93268776 10.31241608
 15.07890606 -11.20771027
 20.06874847 25.68612289
 29.63213730 -12.59085560
 33.29149246 10.13546181
 7.779478073 -8.532505989
 29.59407806 -12.44710064
 12.28438473 -9.317580223
 13.35617065 12.91362381
 11.57599258 -8.196575165
 28.95038795 -12.76140213
 31.83663940 -11.45851326
 15.56201935 -12.25505638
 18.95378113 25.34729004
 34.81661224 -11.71484184
 15.09396076 10.21617222
 17.29532433 24.42400932
 13.64448166 11.03810692
 37.52069855 -7.280439377
 35.17407990 8.726252556
 18.29424095 -11.73994732
 15.84802055 -10.82403183
 13.89982605 8.792562485
 16.54710007 12.04749870
 24.32189560 13.62302494
 34.19922638 -28.51270485
 18.19314003 -12.70169544
 29.39881516 -13.30531311
 33.73560333 -10.82528687
 18.53495979 12.03974247
 11.91301441 9.646188736
 13.77422047 -11.44002914
 30.06814194 13.13137054
 28.56492424 -13.95413876
 12.34871864 8.521751404
 16.97091675 -14.28216743
 39.07537079 7.592093945
 28.78793716 -13.67143726
 16.18172836 -14.12427711
 19.78112411 -12.65886307
 32.24393845 -12.57375526
 19.18791389 14.86960220
 30.58992195 30.40369415
 11.65364742 11.86962986
 14.09768677 13.53366566
 23.10155296 -9.693569183
 24.63792419 12.35274410
 55.80398560 -6.404576302
 35.97644806 -29.11272049
 32.37804031 -16.74596786
 31.21185303 -15.47921944
 37.62848663 -17.07464600
 36.12853241 17.13694382
 25.20042419 15.28654766
 32.65481567 16.18291855
 37.11185837 -17.08896255
 35.51060867 17.17510223
 20.25050354 -8.263992310
 24.71960258 13.02347374
 20.98259544 10.41940212
 31.65581512 -15.77543640
 21.39963531 12.09565449
 28.60399437 -15.95667267
 26.42140388 -11.97838402
 25.49869919 -13.96930885
 43.19100952 15.99549675
 14.74958229 -6.963084221
 30.29817009 15.21637344
 29.01111412 26.32327843
 47.57437897 14.66855240
 25.43384552 -14.44079208
 24.63303185 11.34478188
 23.40131760 -12.36660957
 26.57516861 -13.75107193
 26.56803322 15.30489445
 21.71153641 13.08894730
 30.59409714 16.53860474
 35.77558136 29.82622147
 34.04196930 -28.97951317
 24.65236282 11.79059982
 21.37327194 8.552073479
 42.71401978 17.31472588
 21.89333725 -10.52874565
 28.43132401 14.68904686
 34.30237198 -17.43960953
 35.46197891 17.71014023
 30.02535820 16.39104271
 19.96279907 -10.46376324
 23.09149551 -12.47015285
 33.43042755 29.22534370
 22.36544037 11.25094700
 29.57135201 -26.70196533
 27.16455841 -13.99899101
 32.42678833 -17.02252960
 25.30821037 15.78166771
 20.64685631 -10.64019966
 28.03786850 -25.60250473
 27.45796204 -16.82197952
 22.84531021 21.62975311
 27.52088547 -14.14798546
 56.64425659 7.090175629
 47.29365158 16.48055458
 33.84744263 17.96523285
 28.32165909 15.95656013
 53.23693085 -13.88541794
 16.63725281 -10.36021328
 22.20586777 -14.61775970
 27.84431076 9.349930763
 28.81842232 7.145408630
 25.34048653 -7.438992500
 35.35300827 16.80025101
 33.21773911 16.79406929
 29.03133965 -7.165740490
 32.77550125 -11.04316807
 28.58161926 8.765371323
 31.72916222 -14.15531635
 34.24168396 12.92581558
 32.60779572 -12.51512337
 26.89102936 -12.36521339
 30.13365936 13.53506851
 35.98434067 25.49184990
 47.61320496 21.98193741
 31.60792160 -11.74816990
 29.19365692 -10.84859848
 34.00507355 12.46974087
 27.91603851 8.859348297
 28.91051483 -8.198976517
 26.63350677 -8.953712463
 26.14738846 3.965473413
 30.70496368 -9.976813316
 45.18860245 21.75751495
 29.08208275 7.755279064
 37.43902969 26.94228363
 29.71186829 9.639471054
 38.44035339 -27.34492111
 27.08305931 7.161441803
 33.64137650 -17.38164520
 27.19133949 -13.01606369
 25.22725296 -8.843583107
 39.81865692 -20.45656204
 31.23326492 -14.14463043
 26.34998703 -12.87494469
 47.37826157 -24.68386650
 26.56016541 -0.3701955080
 48.30664444 -22.15646362
 34.12345886 -11.83926392
 35.17394638 -11.00170898
 31.81955528 -2.553775549
 49.21438980 -22.95922089
 39.61550522 -17.83117104
 36.33877945 7.107652664
 38.94427490 9.689212799
 38.88005829 14.59031010
 38.58897018 10.79641533
 28.25136185 -0.5525848866
 36.99887466 -10.29232216
 43.84484482 17.72895432
 36.76486206 -9.716789246
 32.86369324 11.45826721
 43.06676865 18.70066261
 48.76622009 -23.17553329
 26.08901024 0.3651053011
 36.40628815 -9.171938896
 49.51020050 29.88673401
 36.50027847 -14.97375298
 25.46189117 -0.1302805841
 38.83671188 12.85525227
 41.20270920 -19.23257637
 27.62269974 0.3947063982
 38.75022507 12.91985130
 43.35313416 17.40026474
 46.45367432 22.56664276
 39.46468353 10.76471519
 49.31169891 24.16245270
 37.67225266 14.45876217
 33.21933746 11.13144493
 32.37797928 9.254158974
 38.81144333 -15.10759926
 35.81205368 6.600231647
 42.11855316 -14.28998566
 38.08163452 12.37572765
 30.37649536 0.5807697773E-01
 57.28279495 8.215925217
 33.24787521 0.1196018308
 41.60153580 14.98335075
 28.50051689 0.2210273445
 41.00930023 1.943731904
 40.36230087 7.917292595
 45.04295349 8.184974670
 31.70705795 0.4459842145
 32.19541931 -0.5541121364
 42.41141129 -4.037624836
 41.40829849 -7.547349453
 28.43783569 0.1829158664
 49.91551971 -20.26142120
 43.99367142 6.719349384
 46.08798218 -10.62029839
 42.52502441 8.770238876
 34.39965820 -0.7291167378
 33.48462296 -0.2448739558
 36.16944504 0.5350577831
 43.35904312 2.175446987
 46.48125458 -11.19116497
 46.07790375 14.70578194
 50.91506195 24.48375130
 41.57157516 -8.541173935
 33.21942139 0.4966546893
 57.07584381 -29.30350304
 44.43806458 9.623270988
 39.85013580 1.625136256
 38.58223343 1.636142015
 43.28814697 5.732651711
 36.39570999 0.5921269059
 39.24539185 -5.079045773
 34.38251114 -2.856639147
 44.21580887 14.35849380
 42.82490158 14.03945541
 41.02073669 -5.770923615
 36.35085678 -1.784905910
 50.18655014 -20.52904510
 47.39465714 11.61376190
 30.72733879 -0.1165044382
 40.58631516 9.076025009
 39.31060791 -7.517147541
 37.12020874 -1.137136936
 29.57740211 -0.9309604764E-01
 39.57777786 -1.348945975
 42.92971039 16.12896347
 68.75035095 -9.890050888
 30.98300552 -0.3005422950
 40.35630798 -14.91549110
 44.43657684 -13.47932434
 44.69319153 -17.33156586
 43.00637054 -6.895861626
 32.59717560 1.295917749
 28.38634872 0.1089265198
 70.19480896 8.512662888
 42.17102051 -10.99460411
 48.35098267 -14.43376827
 40.96451569 9.570473671
 41.59658051 13.66650391
 39.56236649 -12.35616112
 44.18317032 14.46767235
 36.58757019 0.2240425944
 57.02430725 18.08576584
 33.36708832 -0.1455252916
 37.19458771 1.033620954
 33.20299149 1.285666943
 44.97747803 13.94936562
 30.19867706 0.5335465074
 40.05957794 -0.3591452241
 53.09241867 25.07563019
 42.78186798 -0.7335414886
 36.55953979 -8.619043350
 30.64778519 -0.3126788437
 30.57889748 0.7059191465
 37.27193451 11.20556164
 31.94010544 -0.6230337024
 43.67397308 -13.06951618
 36.59606171 -0.1901463121
 44.46432495 -18.47790909
 47.11457062 0.8027921319
 38.97980118 -11.45450211
 46.43193817 -2.156264305
 43.64163208 -7.325016022
 62.99552917 -22.71255684
 41.76938248 13.08302498
 51.28950500 -22.46410751
 32.43482971 -0.1891789585
 54.85898209 21.56997299
 36.84660339 -13.88324165
 38.48722076 -15.62438774
 19.84748077 0.5027808622E-01
 28.49217606 3.776021004
 49.67952728 14.55206871
 55.20052338 13.47544098
 20.72995186 0.5970344692E-01
 42.86863708 -20.17945290
 45.27976990 10.41935158
 61.98382568 -29.92006111
 28.72298431 0.8860557079
 32.68470001 1.059246898
 42.57935715 13.42435169
 17.20296860 1.687257648
 22.32036209 0.1094486862
 41.13721848 -9.274600983
 57.27951431 -18.03342628
 23.03002357 0.7435091585E-01
 37.17331696 -0.3108504713
 48.42308044 -15.50488091
 22.49624252 0.1398439258
 38.03903961 7.626721382
 41.73629761 -13.24720097
 51.58407211 4.795755863
 28.52084351 0.5773724318
 40.39601898 0.3399311304
 27.74792099 3.852709770
 51.47027588 -20.58813477
 40.45698166 0.7568538189
 47.70431519 -8.145189285
 36.56117249 -1.075394511
 29.01961708 0.1942145973
 24.83017921 -0.2166892961E-01
 29.22048187 -0.6242933869
 55.72767639 26.63338661
 44.26322174 -8.255329132
 49.97202682 22.77781677
 61.25176239 -29.10042191
 27.47622490 -0.5685839057
 49.78025818 18.55279922
 56.05688477 -2.866721630
 24.99761200 -0.9081246704E-01
 29.20315361 -0.5792504549
 41.92652512 -21.30644608
 35.11512375 13.42146683
 22.24194717 -0.1666611880
 31.21452904 4.446262360
 58.41509247 -24.43962288
 55.53486633 0.9640403390
 27.63786697 -1.701746702
 40.09958267 -1.080986023
 41.22864532 -11.98715305
 29.66498184 8.981973648
 32.81035233 6.603690624
 24.76554108 0.9867737442E-01
 25.29745102 -2.061567545
 36.22570038 6.864006042
 30.35567665 -6.869614601
 30.86023140 0.6998031735
 60.93861389 -7.379342079
 27.57102966 0.9048832208E-01
 29.81143379 -0.3551793098
 31.14334106 4.292631626
 49.68126678 -7.648214817
 35.52772141 -4.840086937
 47.16993332 -6.272560120
 68.00587463 -16.67253876
 48.70447922 16.23836327
 34.09971237 -9.990407944
 47.79573059 10.58421326
 45.22774887 -7.168768883
 67.89173126 20.84077644
 41.05970001 12.17586040
 34.43073654 -7.058671951
 43.94813156 -0.2269575894
 31.27409363 9.211651802
 42.58001709 -22.10695267
 38.57009888 -9.419244766
 18.67250633 0.1433715224
 42.67169952 -10.20503044
 18.12256050 0.1541374177
 26.30721664 3.579527378
 19.43197632 -0.1523471177
 41.84086990 0.7590239048
 38.04913330 -0.7921072245
 25.79678726 0.8734827861E-02
 42.57092285 -10.82067680
 47.53491974 20.40033722
 42.36444855 -1.681931496
 20.96916962 0.1678249538
 37.39979553 0.1976843923
 31.33738708 0.3767254353
 28.04603958 7.002737522
 45.13433075 -13.17125511
 20.80674934 0.2057681084
 30.43540955 -6.788982391
 72.05043030 23.92098427
 57.68144989 -18.55543137
 28.98396683 0.4277302027
 34.80440140 -2.852660894
 34.71529007 0.1508562863
 30.82039261 -0.1564467549
 35.71181107 0.6501536965
 60.92388916 29.20397758
 37.97342682 -7.156775951
 37.39996719 -0.6740935147E-02
 29.39177322 -5.811600208
 58.53992462 27.91867638
 43.87523651 9.702409744
 19.61274147 0.1774710864
 53.85467148 -22.24549103
 31.39398956 -0.5398674607
 61.27332306 30.31267166
 31.21352959 0.2114309371
 41.83655167 1.115281463
 34.06808853 10.14758301
 30.89874458 1.249709249
 26.92208481 -0.3852621615
 43.47899628 -17.32915306
 31.98880577 0.3980961740
 18.34890366 0.3882694542
 29.81782913 2.299401283
 18.19758987 0.3127896190
 45.49699783 8.262766838
 42.25378799 -7.914165020
 28.30628586 0.3231662810
 52.77005768 7.816288948
 36.38674164 -0.4587787986
 38.96955109 -13.02147865
 40.66786575 -22.67492104
 44.88069153 -6.064643860
 28.24284744 -2.679986000
 31.54969025 -1.780174494
 25.25627899 -0.3257688582
 18.02093124 0.1017994583
 19.32008743 0.2002633512
 47.96634674 7.065231323
 52.37515640 10.48701477
 30.74567795 3.110148907
 27.48661423 -1.570454001
 43.53669739 -3.482305050
 50.85274887 19.35868645
 30.14958382 6.509350777
 45.88497925 23.67414093
 18.51157761 -0.1753480434
 39.77207565 -8.514177322
 38.28906250 14.33616543
 18.18687057 -0.3997827172
 29.59492874 -0.1751393378
 47.17375946 17.20148468
 55.89054871 21.65160751
 22.34445000 -0.9824348986E-01
 37.36844635 -13.91240311
 26.69529343 -3.207645178
 23.01641655 -0.3507099301E-01
 39.06046295 -9.663652420
 25.45896912 0.1248588711
 77.32347870 -7.712801933
 52.70482635 22.01109314
 56.13251495 25.04042053
 21.14761162 0.1722844754E-03
 50.93342590 16.92639351
 43.17739105 -1.223258138
 50.00893021 -17.80080414
 53.74901581 -8.385871887
 23.30110741 -0.8776792139E-01
 33.10229492 -0.3626391590
 36.26597214 -16.15039253
 31.51403999 0.1943232417
 61.42296600 26.29518509
 50.80695343 18.13510132
 49.51971436 -17.98691559
 33.63382339 7.322554111
 42.61509705 -17.60775375
 38.42730331 0.4888127446
 26.78859901 -4.688538551
 61.88777161 -21.05913544
 27.63736916 -5.513726711
 39.65260315 8.079805374
 20.18495560 -0.4839280248E-01
 51.27085114 -18.46648026
 36.82808685 -0.7628791034E-01
 44.61126709 0.7397009432E-01
 55.75096512 -11.14065075
 40.21712875 -1.664162159
 36.22093582 -0.4025738239
 40.71942520 17.32539940
 38.00699615 12.05011559
 34.69201279 -0.3539155722
 17.81623840 0.2566017793E-03
 41.25708389 0.6254674196
 17.47710228 0.1488456726
 44.36398315 14.18036652
 47.42444611 -9.460107803
 41.64193344 1.587789059
 40.69052887 0.5593161583
 25.60800362 0.4447063431E-01
 53.44067764 -23.07426453
 22.03985786 0.5321199298
 51.22475052 0.9576008320
 41.56834030 1.153472781
 29.59176254 -0.3997837007
 42.94396591 -10.63414764
 26.82347488 6.610326767
 21.26032639 0.8622062206E-01
 28.43727303 7.893497467
 47.31378555 -14.77517891
 32.37526703 0.5673919916
 31.87308884 -8.787488937
 16.96563721 -1.352468491
 58.65482330 7.228716850
 40.42131042 -1.464003682
 39.78272629 -0.7308288217
 27.27973557 0.6004743576
 36.19666290 -0.6904949546
 55.44793701 26.47939301
 26.97777176 -7.820408821
 40.39505005 -11.79238319
 20.70240021 0.1246455237
 44.94891357 3.574481249
 32.38638306 0.7643247843
 37.60036469 1.327902794
 30.07253456 0.1716489196
 17.59849548 -0.2892362177
 27.37482071 -0.6074905023E-01
 27.53993225 0.2764280140
 25.22239876 0.3650357574E-01
 20.98228645 0.8338099718E-01
 44.46777344 -24.29040146
 34.80025482 -0.6101562176E-02
 34.93518829 3.104886055
 48.15814209 14.76471901
 28.41117287 1.944162846
 44.96803665 -0.7607941031
 52.30962372 6.322469234
 46.94384766 0.9240330458
 20.56114769 -0.1748187467E-01
 68.64050293 11.06606483
 22.66680908 -0.1720066369
 24.68258858 -0.8088949323E-01
 30.88744354 0.1135207415
 36.96993256 -8.879012108
 20.76947212 0.6440291554E-01
 20.18882751 -0.1301152557
 51.50609207 19.67245674
 23.81890678 -0.1597784609
 31.45817184 0.7715374827
 28.94805717 -0.2250749059E-01
 33.74071121 0.3338537216
 25.91808891 -5.811062336
 29.72952271 2.904373169
 30.19548798 3.330201626
 37.53801346 -1.151340008
 38.78720856 -11.24987793
 48.36977386 3.778494596
 35.27570724 0.2498372197
 36.97074890 -1.381990314
 25.80474091 4.212337494
 46.18577194 -8.399951935
 42.69012070 -3.769722223
 39.46806335 -7.848849773
 32.60698318 -11.73966217
 50.62053299 10.20964050
 60.24840546 27.50966072
 22.42839432 -0.7778061926E-01
 21.85326004 0.7020938396E-01
 24.65450287 0.2415732741
 29.43265724 -2.410164833
 47.85177612 16.69244194
 36.03553772 -0.6412519217
 33.35848999 -8.061532021
 55.45237350 -17.66505051
 27.43548775 -0.2393048108
 38.05880737 2.788072109
 46.71970749 14.09802151
 37.37968445 17.95106506
 24.64639664 0.6917731464E-01
 33.24438095 8.598846436
 63.73221588 27.54865074
 55.78715134 26.14995766
 32.25424194 -1.146662593
 61.25425720 20.85253716
 31.72720337 6.421767235
 31.72866821 -0.4032516778
 34.62964249 -10.77543926
 34.23723984 -8.112839699
 27.80421257 0.6935245991
 40.59243774 3.577596426
 27.39891434 -5.165006638
 26.26812935 0.1140401438
 25.49781036 3.049245834
 25.76542282 0.3489150107
 26.89471817 -4.525766373
 30.98540115 12.87718582
 26.80319214 -7.930055141
 30.45410156 -12.11087894
 40.76587677 -0.6580570936
 26.63930702 0.5529954284E-01
 48.38320160 -17.85410500
 43.90499496 -10.32953453
 36.74934387 0.2400671691
 23.46568489 -0.4012845922E-02
 42.05272675 -9.225930214
 19.02118111 1.699527740
 23.94758797 0.4384934902E-01
 33.77320099 -1.070926785
 19.57606316 -0.1147223413
 27.60033035 2.515687466
 44.65434647 -2.537982941
 65.60981750 24.45372391
 59.70454407 -18.10955048
 28.11694336 0.1361221820
 37.14995956 14.91804504
 34.11475372 -0.3952394128
 34.65332794 13.09352684
 42.86914825 -16.96251488
 37.42519379 -13.41571426
 25.23690033 -2.650627613
 54.11190414 25.14127159
 30.55843735 0.9131181240E-01
 43.41828918 -4.361961365
 27.31079102 7.488888741
 41.52575684 10.19669914
 31.46817589 -0.1267889738
 30.76602364 0.5011712909
 26.35829544 2.833464622
 27.72801971 -11.25403404
 33.44590378 11.37343597
 32.80113983 -17.58432198
 18.90619278 1.003038287
 41.59656143 0.4600747824
 26.16136169 -0.1111886427
 24.27022934 0.8313815296E-01
 34.58980942 9.102826118
 47.78036118 -17.77956200
 45.05760956 1.827226281
 29.42045975 0.3630410433
 21.31561089 -0.1238806918
 42.47815704 9.044927597
 20.47367477 -0.2433714867
 48.80077362 -17.32530403
 30.32566833 0.7837620378
 26.42964935 -0.9480340779E-01
 49.46802902 6.681447983
 26.59165192 1.854691982
 25.30707359 -0.1248961166
 19.87336540 0.1561197191
 57.07538605 16.34184647
 48.16434097 -0.2533028722
 37.30491638 -0.8639641404
 39.19995499 -0.3026994169
 52.28090668 12.98839951
 50.68232727 8.182067871
 22.72098923 0.1171484068
 67.76383972 -26.30126190
 32.04381561 -10.64231968
 63.18733978 -28.79437828
 56.57388687 25.70546913
 38.33129120 -1.656343222
 25.78706169 0.8682615310E-01
 25.70097733 0.9830500185E-01
 20.68543625 0.3863053322
 17.44885063 -0.4179921448
 43.36813354 13.50422573
 75.74163818 -18.71793175
 25.21009636 -4.709652901
 51.60686493 5.433993340
 48.68485641 -9.431712151
 48.34831238 -1.634658217
 32.81586838 -11.19246387
 31.92130089 -12.79311466
 39.83739090 -1.039331436
 20.07720566 -0.1879539490
 53.63643646 18.38005066
 19.75026512 -0.1419010609
 47.27716064 -1.028173447
 20.12564278 -0.2065592818E-01
 47.27811432 0.3157461286
 47.54558563 -8.738475800
 40.46379852 1.273011446
 19.14246941 -0.1525198072
 49.68988800 -14.12183571
 51.25825882 -20.68544388
 41.05610275 -0.2465296984
 25.06003380 0.2270417958
 20.25997734 0.1428604871
 38.29935837 14.90917015
 46.85220718 -11.09904289
 43.76514435 17.04180717
 52.93992233 7.911810398
 43.17258453 10.86898994
 34.73500061 0.5430115461
 32.81736755 -9.382956505
 62.41419601 -12.86602879
 38.08537674 -1.779045701
 42.13543320 -1.029588580
 41.84100723 -3.546233177
 58.99766922 -14.01146889
 46.16047668 -4.858753681
 21.62140274 -0.6474356055
 54.51517487 11.76175690
 47.44931412 6.007716179
 45.85391235 -6.372735977
 36.42651749 4.586615562
 42.86965561 -8.176611900
 55.59502792 -5.332369328
 38.03094101 1.572402000
 47.31725311 21.54747200
 26.32090950 0.6568311900E-01
 61.75985718 18.83080292
 47.45044327 -5.870674133
 35.54465103 0.4138978720
 43.86111069 0.3872525692E-01
 42.11666870 5.353200912
 45.14130402 -0.9907691926E-01
 29.48085022 1.156585097
 60.99801636 10.40564346
 55.38090515 2.099250555
 36.09110641 -0.2351677716
 40.32403564 3.326935530
 46.36483765 -14.04368591
 29.82721901 2.962516069
 44.54262543 0.2778564394
 50.36006546 -16.29206276
 38.47805023 7.788296700
 34.30358505 -0.9223521948
 63.12728500 -10.06549835
 60.95709991 7.052773952
 48.03099060 -9.212444305
 56.53256226 1.265124440
 47.67053223 -4.474513054
 37.67459488 -0.5985165834
 27.26055527 -0.1843041331
 39.69298172 4.975361347
 26.36988831 0.9611611962
 33.33800888 1.584069252
 42.50987244 -10.06374931
 30.74230003 1.475540519
 40.44157410 6.135071754
 40.80303574 4.428102493
 29.12438965 -1.844484925
 39.76284790 1.705292702
 30.80622101 0.3743524849
 46.95223999 -2.537692785
 63.31077576 -21.76018906
 28.84293747 1.300004601
 60.43342209 11.24748421
 65.59678650 -26.16911316
 47.07223511 0.2673888206
 31.27569962 -1.440645099
 72.19156647 20.22448540
 42.76486969 -15.10321045
 38.35020065 -3.235875607
 24.82568741 0.3389790654
 33.72713470 -1.839170575
 36.21205902 1.186244369
 60.54624176 -16.54712105
 30.76874733 -0.3342800736
 55.78514099 8.330732346
 24.82593918 1.979248524
 48.22813034 -7.791919708
 48.57075119 -11.81553268
 61.80296326 10.36056328
 59.51522446 -7.294886112
 27.20589828 -1.019476533
 24.75144196 -0.2420129776
 55.28292847 0.4498810321E-01
 26.51081467 2.319193840
 45.83358765 3.181489706
 56.13003540 -15.86251545
 56.05980301 -4.086400032
 72.86457062 -16.07296562
 34.91240692 0.5258682966
 72.61598206 -30.15218163
 39.19306183 -0.2191456854
 49.40660477 -10.23867226
 32.77498627 -0.4951348901
 30.73611069 -1.005425215
 47.20940018 -7.867482185
 38.80534363 0.3240295649
 54.65254974 -12.17587090
 34.97126007 1.067724109
 50.25422668 3.018557072
 33.89133453 -0.7788556218
 50.29281235 -16.59621429
 22.65612793 2.213623524
 37.90002823 0.3945153654
 70.44950867 17.71406174
 35.17876816 2.480513811
 61.75470352 9.706888199
 62.73136139 -4.964119911
 36.09527588 4.998106956
 47.03046799 10.57658291
 35.01916885 1.718275547
 49.91394806 3.923863649
 59.39458466 0.1178329140
 71.97650909 16.99515915
 23.56804848 0.7947769165
 59.73410034 13.34737968
 76.93840790 -17.49739838
 62.36153030 -1.659381628
 27.15855980 -3.941146612
 31.08673096 0.3601711988
 40.54529190 -7.888154984
 27.47495461 -1.501662850
 34.64377213 -2.013540745
 69.53147888 -14.60138035
 36.70372772 -3.344919682
 62.32396698 1.687746763
 27.75025940 -0.1543225199
 31.50634003 -0.1816033572
 74.96741486 -20.03796768
 74.41816711 -14.84791946
 37.39786530 0.3327603936
 49.33403397 -0.2463362515
 43.73579025 -0.1485020667
 55.81716919 4.118692398
 45.24375153 -9.284667969
 42.81230164 -9.756568909
 60.56668854 -0.5640251637
 38.38655090 3.226355076
 45.61704254 -4.874032974
 48.66827393 -7.609953880
 51.23632050 -6.450467110
 40.48495483 -0.7733689547
 45.87565994 -7.481303692
 22.75206184 -0.7747214288E-01
 36.63193130 -0.4189020693
 34.44866180 1.374740601
 45.96573257 -0.7808313370
 42.88832855 -6.015273571
 52.47671509 -11.08420944
 57.94412994 -1.272420406
 36.56648636 -3.343600750
 67.73565674 -14.20575142
 23.53972626 -0.2911402881
 53.77626038 -6.342636108
 45.19025040 8.323382378
 51.74980927 7.238714695
 37.42080688 3.684637785
 42.34178925 4.265197277
 56.46740723 2.790291309
 44.24278641 8.163799286
 45.07052612 9.303011894
 21.74259949 -1.322510481
 51.31367111 -8.587260246
 59.29760742 -11.79798889
 22.79224396 2.761294603
 64.17829132 1.319800258
 49.71301270 -20.56554413
 65.28969574 21.70161819
 45.97764587 5.540062428
 52.80455017 7.981534004
 54.73947144 14.46807194
 20.19366074 -4.299245358
 35.91240692 4.890739441
 37.94159698 -0.2970501184
 38.80656052 -2.701487541
 20.57279205 -2.499757767
 62.29441833 3.159466982
 62.01154327 10.33698273
 37.01428223 -3.855606556
 39.68656921 -6.397333145
 56.44850540 12.09146881
 32.39088058 0.9427911718E-03
 65.14546204 2.897245169
 50.31395340 -7.442154408
 70.98023987 -9.780950546
 28.91150475 -3.096498728
 21.96232986 -0.2123787254
 31.83856773 -0.6602935195
 34.84563065 -0.2303546369
 57.94855499 -1.305842400
 55.71711731 6.428280354
 50.09083939 -6.596867085
 35.80622101 -0.6770718694
 41.59989548 -2.721523285
 45.08538818 -0.9197891951
 38.87755203 2.596865892
 41.06330109 2.488334179
 22.70238876 -4.374802589
 24.89587593 0.2419041544
 59.84407425 -0.7527526468E-01
 63.41730499 16.98015213
 26.33277893 3.646584511
 41.74691391 17.44084549
 36.73104095 0.3415776193
 30.74765968 -1.270394921
 62.26219177 -27.03505135
 56.74791718 14.40823364
 49.26868439 -12.23191261
 35.97711182 0.5605549216
 51.53265762 11.01599121
 55.65749741 11.79926300
 43.37966156 -4.375583649
 20.87286568 -9.368937492
 25.02616692 0.7054683566E-01
 64.34873962 22.26505852
 74.53396606 -14.25545120
 74.30952454 -25.83964348
 44.94462967 -0.4516008496
 63.57408524 0.7643479705
 39.06893539 2.135641098
 71.92411041 30.34716034
 45.19190598 -4.000205040
 34.43613434 -2.356661558
 34.07189178 1.575893521
 46.20391464 -1.088962197
 67.01856995 -24.53429413
 42.01808548 1.228369236
 25.30258560 -0.5727849007
 32.12699890 1.025653601
 56.00893784 11.08906174
 46.16819382 5.282509804
 58.93496704 -0.1280749291
 28.81494522 1.369642973
 52.64281845 0.7711232901
 64.95100403 -2.185242176
 55.98398590 3.217670441
 22.49713707 -0.3926762342
 40.62215805 -1.493885279
 22.57281876 11.74642467
 37.15397644 -3.688049316
 48.67149353 0.3795884550
 44.00009918 0.3669312596
 47.79490662 -4.510054111
 45.50345612 -0.8183196783
 42.50057983 -4.383564949
 26.55605125 1.417678475
 33.23896027 -0.2211237252
 62.34624481 5.500138283
 25.84395218 -1.773137093
 23.00054550 1.329288363
 28.28940010 1.604663610
 57.62667465 -9.523468971
 38.35236359 -0.9757772684
 61.69389343 -19.09659576
 61.89183044 8.485464096
 34.08846283 -1.054513335
 20.44852257 4.497637749
 54.94068909 -6.721460342
 61.48128891 -30.51947403
 64.69221497 20.87185287
 36.85431671 2.138042450
 60.33256531 9.963855743
 42.21092224 16.06097794
 31.76126289 1.092270255
 45.26265335 6.499228477
 70.80130768 19.17867661
 27.44389153 1.453718781
 58.22711182 -12.39503670
 54.43139648 5.170016766
 59.58810043 7.452165127
 65.39117432 -17.65716362
 20.38952637 -2.121352911
 62.01637268 4.971584320
 57.38809967 -14.34509468
 61.85855865 -17.02945518
 53.23579788 10.38517570
 55.03936768 -5.355137348
 58.40711975 -6.465717316
 36.22510147 -0.1136414483
 34.01834106 -2.241202116
 42.89325714 -5.085686684
 35.10112762 4.501380920
 40.77207947 24.33907509
 42.96288300 -1.684418678
 40.96680069 10.12703609
 34.99642563 4.285481930
 27.76037979 1.867966175
 47.11814880 -7.348988533
 20.97072029 -8.543712616
 52.81394958 15.57847023
 63.76364136 -23.43979645
 55.56644821 -6.858710289
 33.53342438 0.1905459166
 34.42457581 1.000516653
 62.09941483 -2.373131275
 72.45744324 -26.83648109
 40.12983704 1.120489001
 36.67692566 1.793517232
 67.46913147 12.17256641
 30.14030838 -1.145694137
 24.39838409 -0.8501557112
 48.30128479 -0.8069582582
 64.44241333 13.00876808
 54.59860611 -4.856271744
 39.56216431 0.8310724795E-01
 45.45839310 9.286937714
 38.55253220 -2.067947626
 54.96609497 -1.346838593
 41.14952087 13.62295341
 46.74088287 2.555704832
 35.13801193 -2.962941885
 54.77964401 -0.6365046501
 61.90052032 -7.579591274
 25.33115387 0.7218267322
 57.65767670 -11.03397846
 39.26865387 1.925441623
 38.71781158 7.738489151
 42.10619736 1.599090099
 56.64482880 -0.3406803012
 47.69852829 -0.3676573932
 57.49245071 12.39227009
 58.98480225 -15.85483360
 22.00361443 1.991016388
 50.79580688 -5.710355759
 28.23760986 0.5563821197
 29.01470375 -0.1809439957
 48.56726837 -1.782364249
 20.61367989 -1.702052832
 29.04533958 1.512735963
 53.73951721 -0.2383492738
 69.63517761 11.79596901
 34.83006668 -1.751024365
 48.14795685 10.52604485
 46.61906052 0.6744050980
 39.22776413 0.2363730967
 33.40203094 1.564664364
 53.71467972 5.330611229
 33.88707733 0.9933279753
 56.37565231 -5.504384995
 55.45592117 7.058305740
 30.78746414 -0.3890793025
 67.81752777 -9.117630005
 22.21950912 2.929783106
 40.97653198 2.320144415
 75.42127991 -9.684059143
 25.43486023 -2.808458567
 47.27069855 -12.42900848
 57.01305771 -1.865896821
 68.45436096 -1.112610459
 69.94627380 -26.68111801
 20.70907593 6.935801029
 74.12701416 10.89291763
 68.89848328 12.44996166
 60.76502609 13.48964691
 60.11032104 -6.151374817
 34.55310059 -1.390695333
 42.59765244 -0.6753491163
 58.08966446 -20.66442680
 31.44585800 -0.2370647341
 56.35280228 12.78220558
 53.74290848 8.271148682
 70.87265778 -15.21431923
 61.63138580 5.843848228
 60.20090485 16.18325043
 20.88095093 -12.19414711
 61.63576126 -12.16129303
 28.23225212 -0.9715650678
 46.69971848 14.18681717
 46.28009796 6.999500275
 33.88706589 -3.936999321
 25.59449005 5.243940830
 44.13155365 -1.149324656
 46.84199905 2.954157591
 36.00187683 9.278729439
 37.92863464 -7.268242359
 72.75130463 24.69789505
 38.40282822 9.013664246
 61.43701935 7.658847332
 33.61672211 -1.971783638
 53.49376297 3.926272631
 61.67689514 9.373815536
 33.96334076 -1.307196975
 68.92958069 19.20813370
 47.95732880 1.034095526
 52.97842789 -22.49840164
 39.34562683 -0.9195517302
 40.39194870 -1.091183901
 40.76728058 -10.78319359
 44.04313278 -0.4615713060
 39.37625885 -10.14254951
 38.67968369 -1.957664013
 27.76616287 -0.1893786937
 66.32321930 19.29765892
 44.77485275 3.597465515
 75.64645386 -20.09308052
 26.09366798 -0.3384825885
 61.79553986 -14.72476482
 68.33543396 -16.85286903
 65.38063049 0.4038161039
 42.30508804 -7.326322556
 43.44199371 0.2679596543
 29.74827194 2.614741564
 69.59625244 0.3586688638E-01
 50.21968079 -11.84959126
 43.58934784 14.10081482
 47.89171600 0.9384992719
 22.19447327 -2.907850742
 20.07791328 4.651438713
 24.53375626 -6.700283527
 39.17049408 1.573276997
 63.38846970 15.56652451
 29.54337311 2.109122753
 58.55558395 -9.470253944
 41.87801743 0.5746678114
 41.10976028 5.465849400
 47.57864380 -2.521891117
 55.56885910 11.05486584
 33.63632584 0.4254180193
 33.06476974 -2.503482342
 56.01935577 13.41485500
 58.01448441 6.008020401
 21.16822815 13.88346767
 54.92306137 0.8770886809E-01
 56.20185471 -21.70144272
 27.21164131 -0.3885505199
 26.14593887 1.373844385
 44.27474976 -0.4066733718
 42.39995575 -0.1119838953
 40.19232178 -0.4107891023
 55.10578156 0.3338495791
 36.98975372 -3.446512222
 32.91497803 -3.411041260
 65.40787506 13.24516678
 43.47608185 7.029308319
 39.14622498 -24.52667999
 50.53598785 -1.882640004
 30.64315987 8.856702805
 49.59937668 -7.234430790
 57.92568970 -0.6826241016
 56.20972443 -2.950473309
 59.71542358 -6.027593613
 37.38664627 0.2934786081
 36.93798065 -7.310413837
 28.83140564 0.8707594872
 71.75288391 8.390104294
 61.13515472 2.189040184
 46.59221649 -10.85969925
 65.86175537 -0.3167214394
 64.94683075 11.50327778
 62.28067398 2.046780109
 56.20364761 7.783555984
 48.57243729 1.056223512
 50.41758347 7.380582809
 29.82857132 -4.536147594
 59.34402466 10.03882790
 52.02390289 -0.5653758049
 66.79391479 18.67779160
 47.35660172 1.735463619
 28.06605911 -2.975543022
 68.37623596 -17.13213730
 46.47441101 -0.5630508661
 48.22106934 -1.572986603
 65.07911682 6.480740547
 71.74682617 3.920131445
 35.51093292 8.173792839
 55.38383484 -0.1701363474
 71.80503082 -3.031895876
 74.64718628 -10.98993969
 63.70589066 20.61120605
 70.78372192 -12.51432037
 57.57993317 -12.83730507
 51.72836304 -23.12098694
 27.79251862 0.2283831239
 47.01222992 -1.108072758
 72.00039673 -6.861230373
 58.14059448 8.632694244
 42.57408524 -0.5858736634
 67.89543152 5.904667377
 39.24165344 -0.2743354440
 43.42684555 -1.463819385
 48.46560669 -1.609039307
 31.83336830 -1.578686357
 67.66667938 -16.47581863
 48.62829590 -3.737349510
 69.40899658 -13.30939388
 49.58583450 -1.536854982
 58.44850922 8.919044495
 59.11934280 -0.6770324111
 62.76956940 13.66686630
 72.13859558 9.125092506
 65.42044067 9.310449600
 45.69909668 -0.3821032643
 77.31643677 -0.9398990273
 65.26361084 1.628944397
 68.71172333 -7.520321846
 53.89652252 -10.20996284
 32.67176437 1.363521814
 50.94401169 -1.949105501
 66.48324585 -9.701183319
 44.91167068 -0.3915465772
 63.07226181 -8.244918823
 52.79516602 5.131259918
 59.65608215 -1.717196822
 59.16260910 -13.50954628
 72.23348999 -14.59473133
 43.33306885 -0.8898733854
 56.12060928 -9.422189713
 75.48054504 23.23134804
 55.79776382 -0.8294566274
 53.62882614 3.878379345
 62.55170441 -10.45105076
 44.02016449 0.4938827455
 50.71395874 1.206307292
 64.97450256 15.10977554
 53.26376724 -2.269542217
 49.67867279 -3.623822927
 55.18820190 -9.000123978
 45.60920334 15.30618095
 35.48834229 0.7226623297
 70.60676575 -3.139226198
 70.37409973 -1.245109200
 49.32346725 0.2883919477
 59.55262375 -1.254429579
 50.11231995 -0.2774418890
 46.68656158 -0.7690393832E-02
 78.09940338 4.749059677
 53.88821793 -3.522145271
 38.18804169 0.2647500932
 48.41342926 -0.1546126604
 55.24067307 -5.039239883
 37.08304596 0.5226752758
 59.45897293 -8.490155220
 60.36559296 -1.429652214
 29.40563202 -2.940518141
 65.64803314 -5.841185570
 59.91298294 14.67049694
 26.35549545 -1.031318784
 53.66156769 2.537008762
 48.91809845 0.5455248356
 67.46187592 -5.276282787
 54.60710526 9.991068840
 68.09559631 -20.12446022
 63.11409760 1.250693560
 75.30278015 14.97755814
 71.80315399 8.246853828
 77.94303131 -11.40174389
 34.20790100 8.853867531
 59.48755646 0.9508785605
 63.63479614 3.246874571
 67.84691620 0.1949296147
 53.39660263 0.3534225225
 54.64979172 1.644781947
 48.07555771 2.404224396
 70.68627167 -5.777649879
 45.08059692 -0.9050107598
 57.88664627 15.97614193
 65.75395203 8.183017731
 60.12218475 2.562494993
 34.88594818 -0.7163680792
 52.70158005 -0.1422907561
 49.25573349 1.171941876
 30.65225410 7.284930229
 51.78132629 -0.9441041946
 63.53598785 7.193138123
 62.24112701 -5.217792034
 53.61541367 2.925750971
 56.34006119 -5.298074722
 38.94206238 2.587682486
 54.07517624 -4.223682404
 56.89360809 1.673461556
 71.31105042 -17.43248940
 40.39121246 -2.542316675
 70.86462402 13.29284668
 43.48924637 1.831693411
 78.74360657 -5.568052292
 45.56376266 2.743013382
 74.44168091 -21.60583878
 61.84867859 -10.36348534
 51.21314621 -0.2964504361
 50.55889130 -2.093581676
 43.44972992 0.1890147030
 35.42168045 1.209461570
 34.57727432 2.562616825
 52.15444946 0.3452186584
 31.09926033 1.766035914
 52.78454590 -7.502241611
 27.73709488 -3.333471060
 47.40300369 -0.7125523090
 54.81526947 -8.237424850
 66.52567291 -0.8424093127
 77.68695068 25.59573174
 55.45927429 3.631408691
 51.72394180 -5.019425392
 33.07733536 1.031901240
 53.61328888 -3.059384823
 57.84366608 -0.3659389913
 52.57520676 11.16820717
 55.03844452 -0.6264640093
 69.58288574 -2.649494648
 49.40616226 -5.544128418
 70.83647919 21.94984818
 45.26770782 1.548084736
 43.97800827 -0.6900116801
 55.44972229 -0.4089812040
 54.69787979 0.7347437739
 69.05529022 -11.53869820
 67.57937622 -12.33827591
 72.56810760 7.431710720
 71.47557068 -5.917809010
 49.31891632 3.770069361
 53.47959900 0.8580735326
 31.64603615 -8.010688782
 66.45407104 4.635761738
 48.03246307 9.227322578
 63.48588943 0.6872506738
 53.15515137 1.436520815
 50.33045959 -6.410499573
 54.98628235 -4.115583897
 50.46134186 0.2667188346
 35.94926453 4.125406265
 57.16382599 0.7611591816
 48.76601028 1.723363638
 70.38591003 -20.01413536
 63.05013275 -2.194638729
 70.34472656 12.84650421
 68.14028931 -12.76788902
 65.37613678 17.59803963
 36.04821014 0.6889864206
 65.65965271 -9.670810699
 63.41791153 7.845833778
 49.33106232 0.1737156510
 45.09460449 2.770668268
 76.63067627 24.13184738
 55.73170090 -8.954532623
 65.28888702 5.719052315
 54.48392487 8.897554398
 55.67126083 0.7632931471
 52.86435699 4.190211773
 61.99644852 -11.56913376
 26.65069199 2.254075050
 60.31568909 13.79789162
 34.75179291 2.840927601
 45.29109955 2.378025770
 54.94604111 -0.1090698689
 35.05589294 2.807024479
 55.80831146 8.125770569
 56.85061264 7.533919334
 40.53682709 -0.9226238132
 69.24977875 10.30682755
 56.74042892 13.71131134
 69.91566467 -0.4830042422
 63.35998917 0.1329766959
 39.06195450 0.7437502742
 37.57933044 -2.600545645
 76.36698151 -20.87697220
 27.13180542 -1.217913151
 75.32789612 21.70841408
 59.19707108 9.543552399
 48.69509888 -0.9888029099E-01
 54.41203690 6.434181213
 72.68785858 -3.737145662
 64.88242340 3.701062679
 56.33712769 -7.587801933
 76.18937683 -13.00507832
 57.78040314 0.2540458441
 63.64981079 -7.524972916
 72.29370880 -8.871931076
 67.15681458 -11.82850266
 45.71472931 -3.622404814
 75.45588684 -2.078083277
 45.38784790 -3.415384054
 51.07804489 -0.3905964196
 68.88205719 6.391127586
 36.71645737 0.2532479763
 55.08736420 -4.661872864
 49.78071594 -1.229984403
 65.39436340 17.57904243
 71.53430176 -16.33962250
 76.12425995 0.9585117698
 71.52650452 -7.335255623
 51.61116409 -3.483120680
 50.09779358 8.913050652
 69.86552429 -5.681486607
 72.97859192 -27.95267868
 50.40967178 0.9128026366
 75.07782745 17.01134682
 76.47203827 -2.331847668
 65.89880371 0.9599586129
 26.90073013 1.935312986
 75.50733948 0.9154503942
 46.21219254 2.539350271
 43.52225876 0.9505066276
 51.84267044 -0.1350144148
 71.64292908 7.161784172
 64.43939209 22.06719208
 51.55331039 -1.364426494
 48.86846542 4.592371941
 47.72008514 5.006903172
 32.02409744 -2.267132998
 68.33447266 9.974544525
 48.04090118 -5.312767506
 59.57952118 0.3812565207
 59.41849518 8.813688278
 44.45734024 0.5635800362
 51.95997238 0.9080650806
 56.52431488 12.18715668
 62.20316315 -1.384302735
 58.76900482 -0.4771041274
 69.22222900 -15.07269955
 47.13893509 -0.5608547926
 44.86935806 -0.6682480574
 48.09738922 2.110594511
 69.14089966 0.3062056601
 40.33932114 0.4699608684
 70.71108246 17.24906921
 34.03396606 -7.801988125
 60.27563095 -1.296388268
 69.29821777 5.126391888
 74.07505035 20.18456459
 53.75818253 -17.78392029
 50.42868042 8.659287453
 36.59758759 2.633276463
 69.43257904 11.61244774
 50.54410553 -17.38292694
 52.87046051 3.787155628
 68.28836060 -13.05820942
 42.03448486 -0.3677809834
 67.38572693 10.48902893
 64.58159637 -7.120173454
 50.41545105 0.8131636977
 69.18878174 -13.86720657
 55.50445557 5.994225502
 54.43778610 -29.53523254
 57.81223297 -0.4217763841
 31.35493469 -2.413300991
 69.00347137 -8.766225815
 48.90206146 -2.393035650
 29.58595276 3.863479376
 77.80931854 -16.06826019
 32.46552277 0.3447676301
 48.95831299 -0.8314375281
 53.09586334 7.619705677
 59.43751144 2.794050932
 48.31000900 -13.75658226
 42.22108459 -1.031388402
 62.05871582 2.523046255
 72.36779022 -10.51441956
 49.44348145 -1.242017269
 70.92446136 7.943584919
 54.13467407 13.21622181
 52.89146805 10.88936996
 53.94466400 -9.003475189
 75.50361633 25.21077347
 35.61580276 -0.9632276744E-01
 57.28839874 -0.1323776990
 43.82719040 0.3075324595
 53.16746140 10.52302837
 51.48728561 6.843419075
 51.45594788 6.491663933
 59.74393463 0.8173750639
 57.13596344 4.790995598
 58.41070175 -2.722966671
 45.53884888 0.9223527461E-01
 45.72798920 3.105265379
 46.15625763 -1.012555003
 57.54061890 7.361844540
 37.39188766 -0.9792037606
 51.95979691 3.685417175
 46.08353043 -0.5636474490
 56.33160782 -1.138901711
 53.20596695 -4.147060394
 57.77502823 8.307185173
 44.54238129 0.2135788351
 75.92403412 6.705658436
 68.10745239 -1.745348334
 43.02940750 2.730209112
 61.93764877 -7.809393406
 62.61842728 -8.522264481
 48.88050842 0.2041814327
 54.49060059 12.24842453
 43.18952942 8.760150909
 72.52672577 21.40484238
 51.42890167 5.566282272
 72.29278564 17.72126770
 59.82099915 1.272580981
 32.83697510 -3.362934589
 56.11621094 -1.332653522
 43.98995972 0.6552941203
 60.39678192 -15.44616318
 52.46850967 2.388369560
 61.18697357 -10.49540329
 53.38958740 -12.77878666
 34.99526596 -0.1055105124E-01
 59.92948914 -1.445229053
 75.19398499 20.52899742
 54.05456161 -10.95361137
 68.00929260 12.31323147
 27.04553795 -0.5302819610
 32.94282150 0.6327191591
 73.80898285 -16.95648956
 55.05771255 3.185784578
 70.15426636 -4.644377708
 50.11923981 -2.209609270
 39.68031311 0.5935980082
 74.81913757 -14.45930386
 55.02106476 1.665665507
 36.13103104 -1.308482885
 30.49763680 -0.2309636623
 56.26062393 1.109504104
 60.51417542 -28.38705254
 78.68734741 -12.87664795
 66.28572083 -13.70092487
 52.73250198 -22.62840462
 59.65043640 17.67953873
 56.08010101 0.8726643920
 54.51462555 -7.744713306
 69.40924072 1.985688448
 51.09389877 1.021147013
 75.99433899 21.52248573
 59.19136810 -27.73725510
 55.36405945 2.397029638
 49.43708801 -4.636758804
 49.87572479 -0.7656797171
 70.44382477 4.487695217
 31.11296082 3.726617098
 26.60090828 0.1367954910
 63.17830658 11.49295235
 59.46430969 -4.105435848
 55.24943542 8.619561195
 46.70216370 2.946222782
 54.49273300 -4.351988316
 30.20509911 0.2839903831
 34.22222137 -0.2566666007
 79.82273865 18.76317596
 61.58506775 -3.951409817
 62.25483322 6.492413044
 48.18401718 -3.299508810
 47.28789139 -7.468850613
 36.82269287 -0.9382772446
 52.42859650 12.30527306
 49.89821625 -1.716569185
 53.50072098 -1.694191694
 44.94767761 1.409140587
 71.80163574 8.510903358
 67.90989685 -11.22096348
 48.33010864 3.185541868
 30.38866043 1.966277599
 28.21337128 3.093311310
 30.69138527 1.409253120
 73.25366211 -11.13904953
 26.60756111 3.329346895
 30.56036758 0.1641879231
 50.07217789 0.6305266023
 72.27412415 23.95466805
 50.39977264 -6.030475140
 68.97381592 -11.73152351
 48.82560730 2.541622162
 54.58295822 -1.827844024
 32.08255386 2.416503668
 66.90634918 -0.5827698708
 38.57372284 0.5917153358
 70.04612732 1.643039227
 43.30481720 -0.5162153840
 55.86818695 4.700766563
 45.11436081 -0.3408703506
 55.79561234 4.649055004
 45.80904388 1.870860457
 30.95075607 10.21279716
 47.01961136 4.319435120
 28.29692268 -0.4159416854
 54.69961166 -15.03798676
 43.77025604 2.037297249
 39.18568039 1.160623550
 29.52987289 -0.1526265442
 70.70027161 -17.97343445
 72.28688049 20.21007538
 33.13190460 -0.9566599131
 51.66882324 0.1828398705
 59.21691132 -0.2414199337E-01
 68.14942932 -7.554312229
 59.45185852 -1.896212339
 59.63479614 -0.1039873660
 32.93861771 1.649586320
 80.41062927 -10.74797821
 77.72689819 9.614695549
 33.12860489 -2.297590256
 55.93953323 3.602403879
 55.63157272 1.056871176
 63.01880264 -0.4457424954E-01
 63.72899628 -11.81090546
 68.36824036 7.056372643
 54.98905945 0.3296364797E-02
 60.57014847 -0.1831991412E-01
 70.24408722 18.60188675
 78.39433289 23.06697083
 79.08203125 -8.636208534
 57.89604950 -2.289351225
 34.67118073 0.7827625275
 67.19679260 12.70451069
 45.75539017 0.6775373966E-01
 77.35563660 -9.205222130
 61.56894684 11.94712830
 70.74182892 11.28051758
 60.22681046 0.1090361178
 56.40497208 0.8823373318
 67.74452972 11.31705952
 66.20739746 -11.92134666
 79.06146240 -8.612966537
 50.00708771 -0.1231667176
 62.27159882 7.589195251
 35.01439285 0.1578435749
 56.91406631 -1.703902960
 50.40837860 0.6035627723
 77.19168091 22.14723969
 74.91671753 -15.79999065
 78.83465576 17.01930428
 68.38159180 -1.252439141
 64.15350342 6.552466869
 56.41685104 3.202745676
 62.61544418 0.2126816362
 67.84143066 0.8273003101
 57.33062363 -0.2501036972E-01
 71.34644318 -0.9215691686
 59.48284912 -0.7998608351
 69.27415466 8.561558723
 59.80448532 -0.1577865034
 65.23915100 0.2789581418
 36.02234650 -1.380089521
 37.39265442 1.045138240
 39.86701584 -0.7508952618
 37.15341187 0.8193543553
 67.50717163 -16.37517929
 36.78149414 2.306644678
 65.73202515 5.345052719
 43.79104614 0.6694023609
 43.40492249 -0.9456269741
 74.48352051 25.07965660
 73.42422485 15.13027954
 72.82165527 -17.75466919
 79.12548828 -2.913779974
 77.86883545 -24.17104340
 56.32667542 -0.3420514986E-02
 62.80235291 10.71366024
 70.87332916 0.1362929866E-01
 68.43459320 -21.63736343
 63.31726456 -0.7054817080
 67.84059906 -4.373429775
 80.50602722 0.3253610805E-01
 61.51957703 6.943134785
 68.62121582 0.8450863957
 37.34119415 -3.196239710
 70.06340790 -9.084003448
 38.90444183 -1.877214909
 41.08750153 -1.407096505
 64.18395996 -1.116427779
 34.39548874 1.680954576
 75.94665527 1.522762179
 35.06156921 -1.357267976
 49.40468597 15.58854580
 75.06663513 -0.1236947775
 69.14231110 10.02703285
 50.65780640 0.4690271616E-01
 79.34929657 -4.665283203
 57.22396851 0.3986432403E-01
 79.79778290 12.23156643
 76.53863525 -12.58782291
 59.31632233 3.106712818
 60.38342285 -0.2631650865
 50.57717896 0.2393947393
 40.42547989 -1.854244709
 74.87658691 25.07539368
 64.12495422 -4.095447540
 45.76478577 0.5912958384
 52.37330627 -0.1317887194E-01
 65.99053192 -11.46899605
 63.36841965 -0.2824971080
 41.10573196 2.232928038
 55.59437561 0.2509496734E-01
 80.02908325 18.50594521
 55.53190613 -0.1279815380E-01
 72.55972290 -2.013036489
 75.30885315 1.166918278
 62.83231735 -0.1510358006
 78.33761597 0.7559778690
 66.98876953 0.4630654454
 63.53529358 -10.37597275
 38.28512573 -1.493129492
 61.05119705 -1.099853039
 69.07662964 -21.85834312
 37.16143417 -1.051419616
 46.77177429 0.2386081219
 68.34896088 -0.3720643222
 57.69061279 0.5273056682E-02
 70.73538208 7.200339794
 78.68794250 -10.40759850
 63.96131516 0.4712445736
 70.32073975 -19.98120117
 63.33072281 -5.050941467
 64.21811676 1.125895262
 54.64933777 -0.1382589340E-02
 65.59919739 7.708497047
 42.30484772 -13.44942570
 77.38456726 -12.79389954
 58.57107544 0.1023843586
 64.80639648 -13.42807770
 70.84158325 1.233433366
 46.32531738 0.9501919746
 76.46160889 9.915784836
 78.87281036 -17.59967995
 52.27925873 0.5171038583E-01
 66.67980957 -7.288882732
 60.01745224 -2.661003351
 32.63963318 -3.071354151
 66.36346436 23.92969322
 40.17154694 -4.555043697
 75.66847229 -2.088386536
 76.50812531 -1.428966403
 57.39103317 -9.920648575
 63.55383682 6.189360142
 71.71945190 17.75246239
 41.78707886 -1.748151779
 34.72475433 -1.278734088
 46.53157806 -1.008289337
 79.94120789 -11.84731102
 75.29016876 10.73150635
 59.58242798 8.350950241
 57.00646210 2.803526402
 69.68816376 0.4640203714
 51.09263611 -22.16127205
 69.27360535 -11.32290459
 52.45418549 0.2948621474E-01
 46.13642883 -0.4990160763
 57.41937637 0.1119256299E-01
 44.42346191 19.16996384
 72.77182007 8.533700943
 71.87171173 8.440727234
 44.96730804 -0.2691324651
 49.72493744 0.1343604028
 41.02623749 -0.1794306338
 61.71023560 -2.401914597
 79.11942291 -0.9260174036
 61.12140656 8.362897873
 53.71360397 8.174351692
 46.34719849 16.26918030
 55.66347885 3.159763336
 77.03086853 6.950824738
 66.47943115 -6.766176224
 54.99091721 0.3224121630
 71.13386536 16.54985046
 69.56872559 9.767912865
 50.27344513 19.50509453
 44.55690765 -0.2925505042
 68.39019012 9.704050064
 68.04315186 -7.588648796
 44.43098068 1.388492107
 75.65290070 7.703111649
 35.41966248 1.543813705
 31.52225876 1.568818688
 68.89147949 11.81578636
 55.41130066 -17.13942146
 69.60951996 -10.70960140
 79.27156067 0.9479789138
 56.79087448 -2.098533392
 71.98512268 2.342094660
 44.37059784 -0.5749167204
 56.41749573 0.5317526683E-01
 42.46089935 -0.5328909755
 33.11183929 -3.227609634
 34.52660370 1.092400312
 33.80966568 -1.904017091
 43.07735443 -0.4618233740
 69.57243347 -10.48266411
 60.56634903 -3.302965641
 55.68323898 -0.6136204116E-02
 69.80662537 -9.979808807
 57.49735260 -3.590570450
 72.90366364 16.79972649
 75.31332397 -10.92958069
 34.78609467 4.407605648
 43.15699387 -1.304833174
 71.72316742 -2.071042299
 51.06849289 0.1386552453
 39.54065323 -0.6891292930
 75.77273560 -0.5884153843
 74.17697144 -4.566864491
 38.17581177 0.2335089892
 33.09325027 1.667536974
 75.89599609 -9.504461288
 58.94104767 3.986117125
 55.88744736 -3.775304317
 67.62107849 0.5550444126
 77.64543915 -12.45564270
 79.78987122 -14.09296227
 59.66895294 -0.5398304760E-01
 69.74548340 -8.126553535
 46.32286072 0.2312308103
 82.01758575 4.648664951
 58.14032745 -4.254378796
 66.60338593 11.96782303
 46.35828781 -0.4729821682
 61.59769058 0.1944161206E-01
 64.05471039 0.3117618263
 63.20147705 5.972293854
 65.32631683 -9.068282127
 36.52518463 10.41559219
 67.11511230 -0.1288122833
 80.40853882 17.28020477
 62.00457382 -7.855191231
 39.44886780 2.296795368
 57.76638794 -6.675332069
 67.67083740 16.85825729
 62.23640060 -10.46528339
 77.70711517 7.784462929
 70.15188599 -0.1184813529
 54.53458786 0.1619775780E-01
 36.05431747 1.487785816
 77.45223236 15.56301308
 32.01017380 -0.6933882236
 54.81750870 -2.180511236
 38.85682297 3.394454718
 73.73810577 -8.790073395
 58.05947113 0.9126758575
 61.50948334 -0.1904963553
 61.30716324 -1.197377920
 77.55371857 15.19661331
 43.03528976 0.8559356332
 69.66447449 -0.1918106824
 70.45570374 1.610899091
 77.85203552 15.29955101
 62.09612274 -0.7135193348
 51.56940842 -0.3113849089E-01
 60.65466309 7.751824379
 66.97406769 -0.4846415818
 50.75832367 0.1296528336E-01
 77.59790039 -13.93263912
 33.64942169 1.724782825
 67.94683838 1.172463417
 69.96260071 10.36691284
 76.84262085 8.312764168
 56.31393433 -0.7918288000E-02
 74.98777008 -10.03745270
 61.21562958 -0.9400565177E-01
 55.58847809 0.1311211940E-01
 37.13840866 1.786759853
 54.41496277 0.5516429432E-02
 55.93421936 -0.7568670437E-02
 74.98950195 -17.80434799
 53.72082901 20.01640892
 38.19968033 -0.9474871755
 55.13473511 1.059530735
 66.45129395 -12.06901836
 49.42605209 -0.2112661004
 72.81723022 -24.95019531
 60.32313919 14.80676365
 47.66192627 -0.6668583155
 49.85523605 -0.6752436161
 53.32006836 0.2435904695E-02
 50.25960922 0.7083052397
 53.05767441 0.1546403742E-02
 57.26318741 3.937297106
 51.28203201 -0.2628152072E-01
 72.02204895 -18.25292969
 75.18876648 -0.9045534730
 72.18161011 -7.383923531
 73.19367218 1.900187135
 43.17917633 -2.949625492
 55.62120819 5.036615372
 75.37715912 16.60647392
 37.55792236 0.5342475772
 64.46530151 0.3072895706
 64.20249939 -24.37993622
 60.98733139 -8.037000656
 71.26164246 18.38087654
 65.96712494 1.551984072
 57.41739655 -1.922467947
 62.15269470 0.5706657171
 62.24969101 0.3606075048
 39.94511032 -1.862378001
 63.83985138 -0.2970587835E-01
 56.85821915 0.1373516209E-01
 47.26937866 -17.16213799
 49.91466141 17.35383987
 77.46526337 1.467134237
 44.69715118 1.404551029
 63.73743820 -7.412037849
 43.49908447 2.916904688
 80.05922699 1.218856096
 79.81437683 -17.26893425
 51.68904114 13.37511826
 70.22841644 -16.03709984
 59.50835037 10.03319550
 46.90410995 0.7254803181
 60.54319763 -2.112915993
 35.97857666 0.8623727560
 48.47255707 -0.5150521398
 62.15153503 0.2811523080
 62.27270889 -14.45791626
 80.92530060 -9.092795372
 73.29517365 -12.31222725
 39.98586655 1.601694942
 34.15177536 4.188794613
 71.53424072 -1.052033782
 68.46066284 -0.1090465635
 61.06993866 0.4041646123
 79.80722809 -7.686864376
 55.87115860 -0.2062788466E-02
 57.97463989 -2.050267220
 80.03393555 9.029483795
 44.09618759 -0.5161085129
 71.61260223 -0.2811692059
 61.17197418 -7.758697987
 48.27175140 0.3503781259
 67.89828491 0.5661311746
 71.08010864 1.198906302
 68.26329041 0.2747950852
 56.00711060 -0.1341207512E-01
 43.13997650 -0.9320901036
 73.55279541 2.030961514
 54.21229935 -2.597066879
 68.64244843 11.76040459
 66.71260834 -16.27814102
 38.49625397 -2.134689093
 73.95983887 22.45860100
 81.23843384 5.343111992
 73.24504089 -10.54264259
 61.57890320 0.3242359459
 54.84344482 -1.104278803
 77.32329559 -5.559458733
 38.02800751 2.344336033
 39.22595215 -6.906080246
 80.20280457 -2.648371935
 77.02674103 19.39920044
 43.63531494 -1.122174621
 41.46964264 0.3344092965
 50.63271332 0.4938796461
 51.53079605 -0.1130762920
 48.49804306 0.4307150841
 69.90609741 10.00730705
 78.18385315 16.74498749
 33.03450012 2.736201286
 69.67333984 -11.69938087
 50.09832001 -0.2499577552
 42.97941589 0.8944638371
 49.26969910 -0.7287855148
 32.07938385 0.5820603967
 68.17275238 1.605353951
 56.08350754 0.1277693547E-01
 65.54071045 9.944183350
 50.68604279 0.6598833948E-01
 71.91326904 -2.709896326
 40.41759109 -1.698175907
 64.04496765 -0.5231164694
 54.44003296 1.326117396
 59.68963623 -0.1712206602
 70.19688416 9.197208405
 52.22507477 0.3925095499E-01
 52.42527008 0.7612222340E-02
 66.53132629 -14.56943893
 66.86811066 7.705819130
 40.98237991 -0.1503427476
 59.47673798 1.154919624
 66.25527191 5.881014824
 75.47613525 -16.99974060
 59.02048874 -0.7456175238E-01
 51.03182983 -0.1052575558
 70.69670105 8.446880341
 37.84778595 1.476082563
 67.30175018 -10.98166275
 39.27654266 -0.6688479185
 47.62781906 0.4165304601
 49.22335052 1.825792193
 56.00437927 6.337004185
 53.76609039 0.2579050139E-01
 40.15197754 -1.903378010
 59.30281830 -0.3343383968
 73.64427185 3.019690990
 54.40769577 0.3616081551E-02
 76.38851929 8.659072876
 67.44929504 1.453656912
 68.58082581 7.529139519
 78.89396667 20.57001114
 33.38491058 -1.983714700
 66.81493378 0.4588911831
 63.12285614 12.12008381
 57.81167603 -5.004790306
 57.43390274 -4.916750431
 56.96017838 7.639591217
 53.52985001 0.8713145554E-01
 71.63970947 14.82046318
 37.60672760 -1.522633195
 79.45798492 -1.770292521
 55.10051727 -0.2039992542E-03
 61.74280548 0.2111051604E-01
 36.39007568 0.3151913285
 76.96871948 16.97677612
 57.83609390 -0.6414567679E-01
 53.19130325 -0.6037472486
 58.86432648 -8.651774406
 55.77383041 4.531315804
 49.78029251 -0.1416432261
 74.56069946 -18.29158401
 42.07888031 0.4718314707
 42.14752579 -0.1496944278
 41.66510773 1.898513556
 54.81009674 -1.286311746
 65.75019073 -1.058463573
 62.69898605 0.6038426757
 55.42979813 3.070047379
 36.23311615 -0.6771308184
 77.93791199 15.77592468
 42.11170578 -2.845314980
 72.25056458 0.6398802400
 54.65570068 -0.2469338709E-02
 49.33712387 -0.3046894260E-01
 56.47813416 7.936999321
 57.46933365 -0.6506594419
 76.25221252 -15.03225231
 79.80430603 20.99576759
 58.11076736 8.410400391
 60.49660873 -0.2545832284E-01
 78.36911774 19.98942757
 73.71344757 -24.89028549
 50.16252899 -0.3391017616
 60.82120132 0.6031290442E-01
 43.98927307 -0.2429898977
 49.36759567 0.2574038804
 57.08647919 0.5099232867E-01
 49.92499924 -0.8079772443E-01
 64.94889069 -0.3000555336
 76.88829041 17.04564667
 55.21571350 -6.228516579
 78.47801208 16.80647278
 67.20079041 0.5195412040
 40.06423187 -0.9155573249
 71.82231903 -13.00329018
 77.64252472 14.84380054
 39.74044418 0.5616099238
 41.30815125 5.631350994
 43.86770248 -1.443195343
 36.56046295 5.360390663
 40.96898651 1.818336606
 33.47633362 -1.625129819
 63.71502304 -3.042002439
 40.20468903 9.679046631
 54.82133484 -25.52236176
 38.38616562 8.948507309
 42.53344727 -0.3731188178
 63.39383316 1.542543769
 42.57814026 0.3378392756
 53.83657837 18.41169357
 35.96501160 3.652720690
 40.04494858 -9.916401863
 47.32556915 -19.52721786
 32.73091507 -0.8336995840
 41.36837006 7.723065376
 41.15324783 -1.421204686
 49.88888931 17.30699539
 37.43408966 -0.3995590806
 60.23650742 22.23815155
 34.31385422 0.1620933264
 50.25172806 -23.02675247
 64.35130310 3.280413866
 66.88831329 -28.47779846
 51.75162125 20.16297531
 44.38611603 -1.303570747
 36.27615356 -1.904186487
 42.30154037 0.1796467751
 34.91466522 6.011188507
 32.84972000 0.7168948650
 33.85477448 -0.7315748334
 36.86627579 2.597241163
 50.09136200 -13.32240486
 65.47058105 5.996528149
 40.77863312 0.7965641618
 34.72721481 -5.054409504
 43.85462189 1.561144352
 42.04394913 3.745240211
 50.49103165 -22.61371613
 39.98297119 -1.480459094
 41.30020142 0.5247657895
 63.32507324 0.6766414642E-01
 41.05059814 1.581986189
 43.27341080 -0.3911296129
 63.37369537 3.084692955
 48.41058350 16.01017380
 43.20030975 0.1887880117
 64.09772491 -3.410781860
 63.65134048 -2.181395769
 51.03349304 -11.61318398
 40.55879974 -1.689498305
 59.25424576 18.62399483
 49.52510071 -12.32041359
 34.04331970 -1.244466424
 42.46671295 -0.9769402444E-01
 36.55553818 7.048626423
 64.29521179 6.167140007
 65.20383453 6.730764389
 64.84017181 -7.467619896
 40.71982574 2.497953653
 41.49439240 2.296791077
 36.22288132 -5.039483547
 63.29048920 -4.443819046
 39.21369171 -1.014068007
 65.65797424 9.228471756
 35.69599152 2.723805189
 42.63999176 1.025746465
 39.67316437 -2.264971495
 65.68032074 -8.572431564
 40.48822784 -0.6771988273
 41.79475403 0.6758406013E-01
 33.11061096 -0.7218036652
 34.58201599 -1.068941474
 39.21986771 0.7814079523E-01
 38.59134674 -1.354174018
 43.32015610 0.1613407135
 67.22628784 -13.20997047
 35.48149872 -2.010577440
 60.31914520 -24.66741180
 34.02860641 -3.064772129
 64.64196014 8.689380646
 63.19609833 -3.957146168
 33.08936691 1.935636759
 51.70754623 17.49754715
 37.01504517 -1.445961714
 62.59112549 -2.162699699
 37.83049393 1.014918566
 42.76174927 -0.1797099970E-01
 63.08440399 -6.075921535
 50.35311508 17.52965927
 41.71623993 -1.658868790
 35.40161514 1.446913838
 62.31495667 0.7059258819
 63.03443909 6.211060047
 34.07363129 0.1359589249
 43.23777771 -0.9256873131
 41.27719116 -1.086897969
 38.95551300 -0.6426097155
 61.79409027 1.222499371
 37.95650864 -2.930059433
 40.26744080 -0.4050827324
 34.08956909 -4.285276890
 34.97688675 5.371467590
 44.18944550 -21.58261681
 37.46586227 1.967032313
 36.54855347 4.208311558
 60.05027008 27.00776672
 34.46637726 -0.9122719616E-01
 36.42922211 -6.587661743
 48.12274170 -14.48196793
 70.39289856 0.7577573657
 36.92822266 2.750310183
 37.17254639 -8.640909195
 37.24141693 0.7329373360
 35.89806366 -4.958093166
 37.97458649 -1.023292303
 33.99642181 1.811665177
 37.30338287 -3.156723738
 37.06558990 2.313746929
 37.00721741 3.504896879
 38.78811646 8.200071335
 40.80847549 -3.012242079
 37.95479202 0.2922854125
 34.90054321 -1.569828033
 37.80095673 2.403207779
 36.07471466 6.173619270
 52.10091782 28.45710182
 32.70108414 -0.1946501434
 34.25713730 -0.6324306130
 38.80355835 0.5811797380
 36.40650558 -7.585435867
 33.28712463 0.9160029888
 33.38397217 2.803921938
 37.52553940 0.3221558928
 36.84223175 0.1190649867
 46.42764282 12.95158195
 38.91592789 -0.4046361744
 37.75874329 -0.3995925784
 39.13539124 12.04760456
 35.65984344 2.588593483
 36.58229065 5.941130161
 33.44191742 -1.764262199
 38.63427353 0.4666386917E-01
 34.26045227 -3.980403900
 32.11508179 -1.158460498
 38.24498749 -2.635603189
 31.93308640 -0.1453242749
 35.58400726 -0.5557126999
 36.30278015 -0.3183245361
 35.24934006 -0.4892298579
 70.50260162 2.135511398
 69.55741119 0.8801559210
 39.34849167 0.5449100733
 40.14998245 3.196389914
 38.38378906 -7.768419743
 39.79706955 0.1758811921
 36.88281250 1.166326880
 39.48555756 0.6922599673E-01
 53.13074493 -29.70318985
 33.52532196 1.028814077
 38.20275879 0.4778949022
 35.70203018 -1.656294942
 40.84344482 3.841806889
 39.96189880 0.2355493754
 41.48780060 -13.91949081
 47.54695511 17.25474930
 72.40576172 11.42783070
 39.64296341 0.7968300581
 34.77061462 1.235528588
 36.40938568 -2.463964224
 32.78073120 -0.5728537440
 33.90245819 -3.690906048
 33.05720520 4.699017048
 41.51449585 -19.27470589
 31.21863937 -2.949012280
 30.67923546 4.724918365
 35.28876495 0.4355049431
 34.59216309 -0.4848029912
 38.85323334 -13.10242653
 35.50676727 0.8057801127
 35.69778824 -2.322516203
 33.98438263 -1.852758288
 33.32382584 -2.205516577
 33.86754227 0.5303100944
 33.31080246 1.134156227
 30.23551369 -0.2978419662
 34.04635620 1.429715753
 34.67656708 -1.335853338
 39.55227280 20.37626648
 30.41032791 3.851012945
 34.91443253 1.052166104
 35.43163681 2.573763132
 35.69914627 -0.5125259981E-01
 34.87205124 -1.375038743
 37.29625702 -4.532130241
 30.90930939 4.662544250
 31.06899261 4.215809822
 32.70262909 4.566294193
 34.00273132 -0.3875447214
 35.51327515 3.035783529
 35.01584625 0.8596136570
 35.22551346 -8.704788208
 33.28387451 4.331899643
 37.00201416 -6.932857990
 38.68418884 9.056700706
 31.29297638 3.272010803
 35.52269363 0.7252244353
 30.59716034 2.183745861
 32.60588074 -1.493337274
 32.73549652 1.841709733
 30.27407074 2.944766283
 34.33206177 -2.644537449
 30.56032562 -2.810917377
 35.41242981 -0.7454618216
 30.69848442 -0.6833528876
 35.75444794 -0.4397407174E-02
 31.84526062 -0.6420673728
 29.39890862 0.5588699579
 45.90376282 -19.97118950
 35.57914734 -0.5473683774E-01
 32.66308594 0.6950464845
 50.53295898 -30.52374649
 31.16261292 1.274311662
 31.07408524 1.635739923
 34.51713943 -0.1895635873
 34.72359085 -0.2510929406
 32.08284760 -3.407414436
 30.11672211 -2.956565619
 32.06834412 5.058886051
 33.26898193 0.7661295533
 33.77409744 -7.431358337
 32.51841736 -0.2210945487
 30.99738312 0.3897992373
 35.51946640 0.1431664228
 42.81333542 -25.50059700
 31.64454651 4.755217075
 33.27149582 -0.1134347767
 33.53126526 0.4354291558
 41.62680054 -25.30128479
 32.32867432 3.356636047
 31.28532410 -0.3358664811
 26.94044495 3.211023331
 31.70968246 2.874702930
 31.55236435 -1.694734812
 30.66698456 -0.8782776594
 29.76901627 4.513359070
 26.27431107 -4.254255295
 32.59909821 -7.814668179
 29.85802460 -0.4682732224
 30.88801193 -4.901786327
 30.73030853 0.8292844146E-01
 26.22315598 0.5123947263
 27.18314362 -3.716849804
 39.24258423 -7.260899544
 27.02934265 -0.5199216604
 34.65709686 -7.285026550
 49.11983109 20.57864380
 45.50471115 -27.95935440
 29.00568771 -0.7671430707
 29.45613098 0.2430706769
 30.04298401 0.5004994869
 36.75141144 -7.862312317
 29.72699738 2.155013084
 29.44850349 0.9634212255
 29.19331741 -0.5484241247E-01
 29.67017174 4.734109402
 28.09688187 -1.900038481
 35.90943146 -4.867875576
 36.94071960 8.052378654
 28.22141838 -4.353753567
 31.25315094 0.4609659612
 30.81098175 -1.220561385
 32.49069214 3.104975224
 29.49542236 -0.1140030697
 30.13275528 -0.7053179145
 27.68180084 4.183974743
 26.36136627 -4.092907429
 30.81641769 0.3294491675E-02
 30.98110580 0.4041994810
 27.46943855 4.669854641
 29.94103622 0.9993289113
 26.73089790 4.539900780
 27.21921158 -1.912357330
 31.88078690 0.2623971105
 29.67815971 -1.218832612
 36.46522141 19.54953384
 33.48060226 3.254510403
 30.77478409 0.4252980649
 30.68170547 -0.2803992666E-01
 30.69991684 -0.1039581094E-01
 27.47038651 -1.197760224
 38.50792313 -26.40017319
 25.22065735 -1.103185654
 33.13569641 -10.34072208
 31.75370026 5.572112560
 30.56579399 -0.9778224826
 30.16348457 3.565375328
 29.94509315 -5.298807144
 30.52524948 0.3779768944
 31.13077927 -2.653803825
 26.53069687 1.977564096
 27.75863838 -1.733319044
 31.30918694 -9.944591522
 35.80213165 12.39413834
 27.69438553 -0.6307145953
 30.72038269 0.1707758009
 30.17518234 -7.601291180
 27.47590256 -5.555975914
 32.62784576 -7.283443451
 26.88592529 -1.210161328
 28.93942070 4.044133663
 30.60891342 -0.8640829474E-01
 27.78430557 0.9186404347
 28.91679001 7.500535965
 30.81931114 -0.1168343425
 30.49083328 0.9272487164
 28.59050560 -5.852285385
 29.34070206 -3.257726192
 30.67441177 -1.043025732
 28.86616516 1.529147983
 31.17251587 1.180153131
 33.89725113 3.324325323
 35.06849289 -6.285252571
 29.24183655 -3.066312551
 21.79591751 1.845685482
 26.55200195 17.34786224
 25.43234062 -1.635432720
 28.24680710 -8.037819862
 31.49289322 8.736968994
 33.22785950 -5.794449806
 20.98826599 -0.7318984270
 23.87913513 0.6691236496
 26.78313828 0.2886448503
 24.50494003 -0.9362175316E-01
 21.62072182 0.2955254316
 28.18459129 -0.6786162853
 26.43004036 -8.422719002
 21.87357140 -1.579674602
 36.74068451 -19.15090942
 27.20808792 3.895217180
 33.99055099 3.706511021
 24.52337646 -0.5052630901
 25.58103561 -4.979335785
 23.47052002 3.796379089
 25.93811607 1.920897245
 36.26747513 9.465934753
 21.32448959 -2.107936382
 21.61825943 0.6714004278
 29.45039558 4.061019897
 20.03373146 1.499763846
 29.00289726 -2.360883236
 20.37173462 -4.263653755
 21.04704666 -1.765191197
 27.32069206 3.135603905
 23.04625130 -0.9640217423
 23.85492325 3.283648014
 31.20314598 -8.956850052
 25.34107208 -0.1851661801
 30.22828102 -2.038845301
 25.07092285 -0.1180119291
 22.61659431 5.928731918
 31.31448364 11.26435852
 25.70204926 4.520600796
 24.81269073 -3.935898304
 21.06280708 -3.927655935
 23.69581223 1.537981987
 23.39723778 6.842610836
 24.17695999 1.178967476
 24.97168350 1.332189322
 27.13442612 1.749797106
 29.01189423 2.274963379
 24.92848587 -2.623901367
 28.09348488 -1.700441360
 28.10022545 1.367180228
 22.40932465 -3.843298197
 26.40108109 8.920704842
 29.28995514 6.308191299
 21.81633377 -0.3891885579
 21.98843002 1.280759811
 29.86138535 -5.655597210
 26.12391853 0.9052785635
 21.38631248 5.973334789
 56.22480774 -2.017588615
 25.18841171 0.1609597206
 22.04091072 -1.801683426
 27.97520828 1.638875127
 24.30010223 -6.450870037
 29.27277756 2.109710455
 23.70095444 -2.013470173
 29.33340263 8.433645248
 21.50149345 -1.910669327
 19.98062325 -2.214956284
 23.80117798 -1.705135107
 30.37535858 6.992289543
 28.72149658 -10.20847702
 24.23688507 2.126528025
 24.46878433 1.150951743
 22.10089111 1.825039148
 24.33387756 1.414616585
 29.61978340 7.355862617
 25.61759949 -0.6100802422
 23.14200783 4.511307240
 28.01632690 -3.171531439
 24.74195099 -0.6647042632
 19.21962738 0.8318198919
 25.59947205 -0.2017506957
 26.83529854 -9.624178886
 26.94429016 3.458790541
 25.72006607 0.1755291671
 19.30834389 1.688955665
 24.83293724 -4.934484482
 25.03150749 0.7602117211E-01
 29.14912224 -5.388037682
 24.38902092 -2.520564795
 27.94119835 6.294054031
 25.06225395 -0.1028193254E-01
 23.06033707 -1.527104259
 26.36893654 -2.534326315
 25.19159889 0.4512436390
 53.98918915 -13.93574715
 25.58061218 -1.624930143
 62.77639771 7.552630424
 21.40580368 3.008637428
 24.24504471 -1.351803780
 24.68526077 0.1611414552
 23.73066711 -1.715588331
 25.53203583 -4.125580788
 24.74995613 3.378614426
 30.39112091 -24.20740128
 23.39422798 -0.6038637757
 24.11225128 8.451382637
 29.63381767 -11.45796204
 20.61995316 4.649148464
 38.48155212 5.099039078
 21.95868301 3.103723288
 17.86146164 6.495099545
 20.04751205 -6.937671185
 16.31103325 -1.575154305
 19.02857780 -0.4360635579E-01
 20.62169647 0.5337789655
 12.80765724 0.7549914718E-01
 20.03121567 -5.023614883
 18.74430084 0.7374681532E-01
 19.98226929 7.137841225
 20.43408775 6.594599247
 24.59866714 1.992233396
 18.29446602 5.250579834
 14.66812515 4.011204243
 31.55952454 -1.400263071
 16.97899628 -1.808646202
 21.85932922 1.779103994
 20.36968994 -2.479349375
 21.39153671 0.5544039235E-01
 23.15717125 -6.232277393
 21.36276627 -3.119022846
 25.49183083 -8.665114403
 18.87039566 -7.813872814
 20.34412766 -6.463779449
 22.30190086 -2.200773239
 20.47380447 2.126840115
 20.53293228 4.527368069
 22.95437622 -4.772388935
 29.74104881 0.9543299079
 14.84410667 3.746629238
 18.85755157 0.2390602529
 18.87751007 4.909121037
 18.14365005 -0.4259257317
 21.18644524 -4.236407280
 24.42527580 1.283754587
 17.16092873 -1.435675383
 18.83753967 -6.275110722
 25.28859520 -4.892531872
 21.55113602 1.893984199
 23.91589355 -2.583033323
 16.66013718 -21.54583740
 23.21412468 1.644692779
 20.11999512 2.432371855
 15.61926842 6.094137192
 15.78681755 3.129948854
 18.96770859 -0.1812308133
 19.37610817 0.3544782996
 20.99040222 -6.424456120
 26.28409195 3.485330582
 16.99732018 -1.141511083
 19.36976242 -7.819376945
 30.14119720 5.279528618
 18.24279022 7.141437054
 18.92210960 -0.1904470921
 21.49595070 -6.372109890
 16.84871864 0.2530182898
 19.02764320 -6.376529694
 16.76961327 -3.482792616
 20.70419312 -8.297630310
 19.42860222 1.746523499
 19.84912109 -1.150983930
 22.38310432 -5.853299618
 23.88855171 -0.6664496660
 21.29998016 -4.851937294
 24.95851135 -3.772004366
 16.81501389 -2.462809324
 20.50766182 -0.1240185201
 16.88114548 -5.729136944
 13.81655598 1.835773826
 17.01907730 -0.8029357195
 27.80381775 1.222712994
 17.79208946 0.9203086048E-01
 25.21758080 6.936848640
 23.80675507 5.241331100
 18.60976791 -0.7077369690
 27.87096405 -2.222096443
 18.85646057 0.3360569477E-01
 21.93724060 9.078441620
 15.11155224 -5.037758827
 16.66597557 0.2596705556
 24.25050735 8.057158470
 18.32466888 -0.5722639337E-01
 13.80765915 -2.790765762
 20.67508698 -4.080846786
 19.11864471 0.4949125648
 31.49946594 1.174481153
 20.03690720 2.386779070
 17.50465775 -2.763813257
 24.78390121 -1.599960446
 26.93735504 3.900469780
 18.69820786 -1.220371485
 25.98170090 2.529491901
 19.04460907 0.6506614089
 16.93859100 -1.045725346
 19.06277847 -1.574369788
 17.15063095 3.754344702
 18.66804886 -0.9245027900
 22.95420647 6.367608070
 18.60541153 -5.740865707
 29.86477280 -5.190068722
 15.51519775 1.090310574
 20.31945229 4.443312645
 18.67878342 0.6309847832
 18.43680000 1.568376660
 26.48191833 7.538862705
 19.35881615 5.907499313
 20.35003853 7.581715584
 18.60397148 6.899842739
 34.82623291 3.874442577
 24.53673553 8.955709457
 18.82193375 0.5481449887E-01
 20.57028580 -3.637519598
 18.12866974 -7.045937538
 18.72980499 -0.2789043486
 19.88645935 1.016074300
 18.28694534 -7.501934528
 25.90492058 7.849111080
 18.99898148 1.496896029
 18.68770218 0.1026399881
 19.29022598 -2.995730639
 22.19622421 -2.045706749
 23.30236626 -0.1714138687E-01
 18.93937302 -1.238850594
 20.73597145 8.342567444
 19.05828476 -0.2062104493
 17.67740250 -1.757699490
 18.74052811 -4.491596222
 18.24645615 8.328770638
 19.37019730 -2.178708315
 18.75222588 0.6864157319E-01
 18.96060753 7.289707184
 19.19146538 4.782081604
 19.09772301 1.191807866
 17.50067329 3.634856224
 19.99410439 -2.869030476
 13.66213703 2.749284983
 21.13829041 -1.804436564
 19.90435791 1.984363914
 27.44654083 1.642547250
 18.75887489 7.274404526
 25.10194016 -5.901355267
 20.48691177 -0.6154379845
 22.52747917 -6.503537655
 23.96135712 6.720491886
 14.87675095 -1.125637770
 22.63304901 -2.362002850
 28.88666153 -6.745270729
 22.26463699 5.602511883
 17.28147888 -2.165669441
 34.54761505 -26.68986511
 18.45162582 -0.4138202965
 17.23054504 5.017871857
 16.37539291 2.484639645
 21.03197479 -3.356855869
 17.14375687 -3.537477255
 19.12023544 -0.6914859414
 14.21417141 -3.306070805
 15.59161663 -2.968391895
 13.56086254 -4.472968102
 32.80555344 -12.72957039
 22.29282379 -2.471141100
 25.80043793 3.226455927
 28.21554947 -0.6894890666
 14.28321743 -20.65032196
 17.51649666 -7.243304253
 19.01654434 -0.6725906134
 13.28282928 -0.5605069175E-01
 10.14498711 -0.4072107673
 10.80468273 1.056948423
 17.43055725 4.124732494
 17.29556847 -2.550867796
 13.12717438 -1.204246879
 9.422878265 1.092257261
 16.69152260 -6.425195694
 12.09811497 -0.5294049978
 12.52065468 0.1706404537
 7.336252213 -2.238264561
 10.18246269 0.7426375151
 11.77434731 -0.3131991625E-01
 3.742450714 -9.085024834
 8.326602936 -0.6435617805
 12.67678165 2.166335583
 10.33527660 1.868006706
 16.21565247 -3.828916550
 9.800674438 -0.2228696793
 10.92177773 1.042278528
 9.473199844 0.7383559346
 11.97196007 -2.429555893
 12.38260651 0.5748397708
 12.04642773 -0.6573116779
 12.18899918 -0.5179449916
 8.787280083 -0.2778792679
 10.83261967 -0.6100533605
 8.273118019 5.917806625
 11.13850784 -0.1650961488
 14.28176498 7.901697159
 12.05836487 -4.506877422
 15.69030952 -7.255185127
 15.71964264 -1.959368825
 13.40234375 0.1811222136
 9.651614189 -3.596188068
 13.87032127 4.815158844
 14.67998695 0.9194898009
 5.550540924 -3.083172083
 12.55599308 -0.4366568029
 14.28025341 3.678036690
 7.669843674 6.196769714
 13.24922276 -7.376536369
 5.828304291 1.190003753
 11.88355732 0.1455669999
 6.488233566 18.54444885
 10.93374538 2.088879824
 8.528731346 -1.864837766
 19.89157677 0.8579035997
 16.46259308 3.456607580
 10.75122261 0.2836375833
 9.634646416 0.2290765792
 9.690391541 1.228151202
 6.999974251 3.705157518
 12.65956593 -1.323520303
 7.035670280 -2.784178257
 11.64809895 -1.229192734
 15.92061996 -5.663976669
 11.22486401 -5.286929607
 12.59726620 -3.037775040
 7.246645927 3.470640898
 14.01748848 -7.563704967
 8.546889305 2.644678831
 12.00529766 -1.219870567
 12.22495461 0.5528255701
 8.953935623 -1.224295259
 11.49918556 -4.426275253
 9.594795227 -0.5664584637
 12.22231102 0.2481477410
 9.635170937 5.605669975
 12.93064690 -3.882814169
 15.12284660 -3.180681705
 7.339244843 1.806478381
 10.27260303 1.316086531
 13.43994141 -5.378025055
 17.92891693 -1.130888343
 9.053987503 0.3618063629
 8.032792091 -6.482928276
 12.54249859 -3.109913111
 15.16724110 -0.5642284751
 9.981844902 3.305059671
 16.56989670 0.3933318257
 11.81023598 1.046908259
 20.32399368 3.750235796
 14.49599266 -7.140777111
 9.998491287 -2.111177921
 20.04817963 -2.254439354
 13.17950821 -7.113476753
 15.12497330 2.397588253
 9.326434135 0.8348315954
 11.57701111 -4.030682087
 15.68203926 1.217657566
 12.59330559 1.560861588
 11.71473980 -0.2229190897E-02
 9.901041031 -5.844897270
 5.910594940 -3.427705050
 12.19360256 -0.4692478180
 16.81978035 1.412016034
 11.00530434 0.2283419669
 16.69169044 3.919458866
 7.332182884 0.3772618994E-01
 6.440504074 -5.187660694
 10.45687389 1.066413641
 5.073684692 0.2980433591E-01
 5.399139404 1.422148705
 12.93665504 -0.2920801640
 11.39673805 -0.3757465780
 10.05332661 -0.8236081600
 11.90078449 0.3584525883
 15.44649124 0.9759128690
 9.928617477 -0.9848905802
 10.37249184 1.269715667
 12.23894596 -6.759624004
 11.24146366 0.1099010482
 7.409602165 0.2898517251
 11.98776722 0.3004095852
 10.07306004 -1.769046783
 8.064481735 -4.074767590
 12.08374500 -2.858949184
 7.687153816 -2.513522625
 9.894245148 2.191765070
 12.78218937 -3.810921431
 11.66567516 -0.2876814641E-01
 12.72750568 -1.029048324
 12.22461128 -0.5011449456
 17.09948158 -1.580705881
 8.713763237 0.6209468842
 12.18022728 0.3521909416
 13.52188873 4.656826973
 11.78853512 -0.5674197897E-01
 6.730352402 3.839069605
 12.55401230 3.054969072
 10.28130054 1.580348015
 15.90090561 0.8087885380E-01
 8.693004608 0.9801259041
 16.96775818 1.186942458
 12.13576698 0.4991522133
 10.63537502 -15.87829590
 11.82991028 0.6737851351E-01
 15.07297134 -4.718784332
 9.252682686 -3.887376547
 9.506211281 -0.2611805499
 7.445381165 0.5347519517
 14.08480453 -1.224457502
 10.05756664 -1.991215587
 11.76957321 2.551438570
 6.492507935 -19.06649399
 19.03631592 -5.701789379
 12.11055088 -0.5257191658
 16.80173874 -2.054514647
 17.96061134 -0.8079319447E-01
 11.66934299 0.8752160072
 4.818859100 -1.492515683
 7.607462883 -5.844506264
 10.85907459 2.466857672
 16.07812119 -5.907191277
 6.762269974 1.977855206
 7.352253914 4.828012466
 14.45731735 7.544704914
 10.39988708 -2.308752537
 12.37351322 0.6857506633
 10.74065113 0.8155679703
 10.12003708 3.369825363
 11.95675850 -1.356581688
 9.507916451 -3.212091923
 8.128751755 -1.632720947
 10.42007923 3.463795662
 14.21747112 3.050676823
 9.856939316 -7.452714443
 15.89219093 -3.034225702
 23.97509384 -24.45529938
 8.436147690 0.5144577026
 11.64275551 0.7554745674
 14.80838680 1.669080496
 12.28954029 2.231571198
 15.94422913 -3.740222931
 14.17773247 -0.7831179500
 11.85925198 -0.1760961860E-01
 9.156456947 -6.937059879
 30.69835281 4.250767231
 8.608493805 -0.9221373200
 11.82939816 -0.5897182226E-01
 7.766753197 2.892866135
 11.99475098 -0.1931067109
 10.00524044 -0.4578099549
 6.629608154 -0.2749023736
 19.15025330 0.8386216760
 13.23462200 -3.319700480
 12.14957428 4.120529652
 12.14957428 4.120529652
 12.14957428 4.120529652