3
PT FDCHI2 HVCHI2DOFTOT
22 12 9
500 1000 1500 2000 2500 3000 4000 5000 6000 7000 8000 9000 10000 11000 12000 13000 14000 15000 16000 17500 20000 25000
100 200 300 400 500 600 700 800 900 1000 1500 2000
1 2 3 4 5 6 7 8 9
1000
27 1
28 1
36 2
37 1
45 1
46 1
54 1
55 122
63 30
64 1
72 1
73 1
81 2
82 2
90 283
91 2
99 4
100 3
101 1
102 1
135 21
136 1
144 2
145 1
153 98
154 1
162 4
163 2
171 228
172 1
180 2
181 1
189 3
190 2
198 179
199 9
207 585
208 17
209 1
210 1
243 49
244 1
252 5
253 110
261 108
262 5
270 109
271 6
279 12
280 5
288 13
289 8
297 19
298 11
306 885
307 352
308 6
309 1
315 933
316 434
317 17
318 7
319 2
334 1
344 34
351 391
352 6
360 213
361 8
369 43
370 13
378 76
379 16
387 274
388 26
396 74
397 33
405 211
406 49
407 145
408 185
414 821
415 222
416 14
417 7
418 2
419 1
420 1
423 942
424 683
425 33
426 263
427 5
428 3
429 2
430 1
441 1
450 10
459 447
460 14
468 329
469 50
470 2
471 1
477 490
478 235
479 9
480 125
486 168
487 73
488 3
489 2
490 1
495 332
496 211
497 5
498 2
499 1
504 409
505 120
506 5
507 2
508 2
513 290
514 192
515 12
516 3
517 182
522 765
523 497
524 241
525 11
526 5
527 1
528 1
531 788
532 719
533 424
534 22
535 7
536 3
537 2
538 1
549 17
550 2
558 54
559 5
567 404
568 60
569 4
570 3
576 740
577 317
578 19
579 1
585 694
586 337
587 36
588 1
594 782
595 257
596 12
597 93
598 2
599 1
603 788
604 653
605 48
606 167
607 2
608 1
612 721
613 440
614 21
615 59
616 4
617 1
621 905
622 784
623 42
624 117
625 7
626 2
627 1
628 1
630 915
631 837
632 610
633 50
634 12
635 234
636 3
637 1
639 939
640 857
641 304
642 205
643 10
644 69
645 3
646 1
648 4
649 1
657 112
658 4
666 153
667 66
675 483
676 61
684 581
685 172
686 4
687 1
693 645
694 271
695 15
696 2
702 740
703 300
704 18
705 4
706 1
707 1
711 704
712 342
713 17
714 6
715 1
716 1
720 688
721 564
722 20
723 7
724 2
725 1
729 818
730 648
731 33
732 13
733 7
734 4
735 3
736 2
737 2
738 821
739 601
740 142
741 16
742 78
743 4
744 3
745 2
746 2
747 847
748 780
749 260
750 27
751 17
752 19
753 4
754 2
755 2
756 33
757 3
765 526
766 22
767 1
768 1
774 602
775 61
776 1
777 1
783 729
784 175
785 1
786 1
787 2
788 1
792 739
793 439
794 10
795 5
796 2
797 2
801 735
802 458
803 20
804 9
805 2
806 2
810 696
811 503
812 25
813 12
814 3
815 3
819 766
820 623
821 31
822 81
823 4
824 4
825 1
828 702
829 606
830 129
831 84
832 3
833 3
837 853
838 682
839 43
840 17
841 78
842 4
843 1
844 1
845 1
846 860
847 773
848 86
849 26
850 9
851 5
852 2
853 1
854 1
855 889
856 863
857 490
858 47
859 26
860 13
861 4
862 2
863 1
864 198
865 20
866 2
867 1
868 1
873 596
874 52
875 3
876 2
877 1
882 694
883 203
884 3
885 2
886 1
891 808
892 214
893 9
894 4
895 3
896 2
900 772
901 500
902 22
903 12
904 7
905 4
909 804
910 737
911 36
912 18
913 8
914 4
918 829
919 782
920 228
921 22
922 9
923 5
927 817
928 773
929 564
930 37
931 15
932 7
933 1
936 778
937 725
938 339
939 32
940 13
941 5
945 908
946 790
947 84
948 33
949 42
950 6
951 1
952 1
953 1
954 912
955 876
956 133
957 167
958 188
959 12
960 4
961 4
962 1
963 943
964 907
965 892
966 409
967 365
968 78
969 43
970 67
971 4
972 559
973 36
974 4
975 1
976 1
981 627
982 90
983 9
984 4
985 3
990 758
991 206
992 14
993 4
994 3
995 5
999 803
1000 384
1001 19
1002 7
1003 4
1004 2
1008 757
1009 662
1010 35
1011 15
1012 255
1013 5
1014 1
1015 1
1017 754
1018 736
1019 198
1020 23
1021 264
1022 7
1023 1
1024 1
1026 786
1027 745
1028 381
1029 26
1030 19
1031 6
1032 1
1033 1
1035 793
1036 696
1037 415
1038 147
1039 103
1040 7
1041 2
1042 2
1044 770
1045 708
1046 275
1047 95
1048 21
1049 7
1050 1
1051 2
1053 858
1054 766
1055 149
1056 37
1057 22
1058 9
1059 3
1060 11
1061 5
1062 872
1063 842
1064 464
1065 108
1066 36
1067 18
1068 9
1069 35
1070 9
1071 899
1072 861
1073 848
1074 757
1075 328
1076 169
1077 235
1078 541
1079 73
1080 699
1081 89
1082 11
1083 3
1084 1
1087 117
1089 731
1090 228
1091 25
1092 14
1093 7
1094 2
1095 1
1096 2
1098 811
1099 332
1100 33
1101 27
1102 7
1103 2
1104 1
1105 18
1107 820
1108 482
1109 37
1110 51
1111 97
1112 3
1113 1
1114 19
1115 9
1116 804
1117 644
1118 131
1119 15
1120 10
1121 257
1122 348
1123 3
1125 776
1126 733
1127 54
1128 292
1129 20
1130 9
1131 2
1132 1
1134 818
1135 772
1136 354
1137 40
1138 12
1139 6
1140 1
1141 1
1143 821
1144 767
1145 355
1146 61
1147 289
1148 11
1149 1
1150 1
1152 802
1153 749
1154 155
1155 64
1156 160
1157 23
1158 1
1159 1
1161 873
1162 848
1163 322
1164 61
1165 262
1166 174
1167 6
1168 5
1169 1
1170 894
1171 862
1172 526
1173 227
1174 63
1175 32
1176 19
1177 23
1178 3
1179 921
1180 889
1181 845
1182 757
1183 703
1184 479
1185 394
1186 645
1187 37
1188 830
1189 136
1190 21
1191 11
1192 4
1193 4
1197 751
1198 492
1199 41
1200 22
1201 10
1202 3
1203 1
1204 5
1206 842
1207 401
1208 89
1209 27
1210 10
1211 3
1212 6
1213 247
1214 24
1215 846
1216 658
1217 52
1218 25
1219 9
1220 5
1221 2
1222 434
1223 99
1224 821
1225 674
1226 45
1227 20
1228 11
1229 7
1230 1
1231 15
1233 800
1234 738
1235 63
1236 41
1237 11
1238 6
1239 1
1240 8
1242 855
1243 817
1244 230
1245 185
1246 15
1247 9
1248 1
1249 6
1251 827
1252 773
1253 115
1254 43
1255 20
1256 21
1257 1
1258 5
1260 820
1261 785
1262 117
1263 48
1264 34
1265 42
1266 1
1267 4
1269 910
1270 874
1271 165
1272 60
1273 34
1274 341
1275 10
1276 8
1277 1
1278 929
1279 899
1280 696
1281 328
1282 81
1283 347
1284 48
1285 32
1286 1
1287 961
1288 928
1289 893
1290 799
1291 618
1292 462
1293 679
1294 671
1295 6
1296 785
1297 113
1298 21
1299 10
1300 5
1301 2
1305 757
1306 253
1307 92
1308 21
1309 10
1310 4
1311 1
1314 822
1315 465
1316 57
1317 26
1318 10
1319 4
1320 1
1321 34
1322 7
1323 827
1324 557
1325 58
1326 234
1327 17
1328 301
1329 7
1330 17
1331 9
1332 812
1333 658
1334 183
1335 239
1336 21
1337 33
1338 1
1339 1
1341 796
1342 761
1343 94
1344 266
1345 37
1346 6
1347 1
1348 1
1350 834
1351 780
1352 97
1353 131
1354 272
1355 36
1356 8
1357 5
1358 3
1359 809
1360 775
1361 163
1362 285
1363 77
1364 10
1365 2
1366 1
1368 803
1369 780
1370 320
1371 369
1372 292
1373 31
1374 9
1375 3
1377 886
1378 860
1379 332
1380 202
1381 323
1382 39
1383 13
1384 6
1385 1
1386 908
1387 873
1388 503
1389 194
1390 125
1391 64
1392 63
1393 40
1394 2
1395 934
1396 902
1397 854
1398 795
1399 806
1400 474
1401 481
1402 484
1403 6
1404 789
1405 167
1406 47
1407 12
1408 7
1409 3
1413 784
1414 336
1415 156
1416 27
1417 14
1418 6
1419 1
1422 852
1423 543
1424 91
1425 37
1426 20
1427 19
1428 2
1429 19
1430 4
1431 852
1432 672
1433 81
1434 42
1435 278
1436 114
1437 4
1438 2
1439 1
1440 846
1441 775
1442 332
1443 80
1444 125
1445 264
1446 37
1447 7
1448 4
1449 830
1450 802
1451 134
1452 97
1453 21
1454 28
1455 1
1456 4
1457 3
1458 880
1459 820
1460 159
1461 268
1462 69
1463 11
1464 7
1465 8
1466 5
1467 855
1468 813
1469 432
1470 196
1471 60
1472 14
1473 5
1474 5
1475 3
1476 850
1477 823
1478 276
1479 157
1480 49
1481 17
1482 6
1483 6
1484 3
1485 927
1486 892
1487 647
1488 442
1489 111
1490 46
1491 34
1492 15
1493 4
1494 941
1495 882
1496 740
1497 446
1498 204
1499 120
1500 162
1501 88
1502 11
1503 963
1504 931
1505 893
1506 837
1507 821
1508 822
1509 858
1510 754
1511 18
1512 879
1513 199
1514 39
1515 21
1516 13
1517 3
1521 813
1522 336
1523 263
1524 44
1525 16
1526 8
1527 1
1530 868
1531 617
1532 255
1533 281
1534 99
1535 336
1536 49
1537 7
1538 1
1539 880
1540 678
1541 318
1542 90
1543 44
1544 116
1545 17
1546 2
1548 865
1549 782
1550 207
1551 67
1552 59
1553 268
1554 76
1555 5
1556 3
1557 846
1558 792
1559 307
1560 101
1561 36
1562 63
1563 23
1564 2
1566 888
1567 791
1568 202
1569 100
1570 22
1571 39
1572 32
1573 7
1574 3
1575 859
1576 790
1577 582
1578 179
1579 72
1580 42
1581 43
1582 8
1583 2
1584 860
1585 816
1586 412
1587 185
1588 69
1589 44
1590 57
1591 10
1592 2
1593 939
1594 901
1595 574
1596 478
1597 160
1598 102
1599 152
1600 24
1601 4
1602 955
1603 918
1604 687
1605 371
1606 393
1607 300
1608 402
1609 135
1610 18
1611 977
1612 942
1613 916
1614 828
1615 738
1616 845
1617 812
1618 688
1619 17
1620 896
1621 172
1622 136
1623 62
1624 8
1625 3
1629 827
1630 381
1631 338
1632 174
1633 18
1634 6
1635 1
1638 887
1639 659
1640 348
1641 87
1642 25
1643 21
1644 5
1645 3
1647 897
1648 725
1649 190
1650 60
1651 23
1652 18
1653 9
1654 2
1656 875
1657 805
1658 152
1659 57
1660 31
1661 42
1662 54
1663 9
1664 4
1665 858
1666 815
1667 155
1668 66
1669 18
1670 15
1671 46
1672 13
1673 7
1674 901
1675 797
1676 144
1677 67
1678 22
1679 16
1680 70
1681 19
1682 10
1683 862
1684 812
1685 337
1686 119
1687 87
1688 34
1689 96
1690 24
1691 11
1692 871
1693 813
1694 292
1695 142
1696 58
1697 34
1698 118
1699 30
1700 12
1701 945
1702 901
1703 651
1704 243
1705 153
1706 173
1707 322
1708 77
1709 32
1710 965
1711 924
1712 748
1713 277
1714 229
1715 179
1716 295
1717 102
1718 16
1719 984
1720 947
1721 930
1722 858
1723 780
1724 824
1725 816
1726 666
1727 17
1728 916
1729 236
1730 86
1731 19
1732 9
1733 4
1737 829
1738 402
1739 355
1740 61
1741 17
1742 7
1743 17
1744 2
1746 897
1747 696
1748 425
1749 96
1750 26
1751 17
1752 7
1753 4
1754 2
1755 891
1756 669
1757 239
1758 78
1759 30
1760 22
1761 6
1762 2
1763 1
1764 884
1765 806
1766 338
1767 134
1768 76
1769 47
1770 49
1771 7
1772 4
1773 854
1774 797
1775 182
1776 80
1777 41
1778 21
1779 33
1780 8
1781 5
1782 912
1783 824
1784 155
1785 87
1786 73
1787 35
1788 62
1789 13
1790 8
1791 874
1792 825
1793 310
1794 171
1795 240
1796 75
1797 86
1798 17
1799 9
1800 880
1801 823
1802 315
1803 244
1804 173
1805 62
1806 95
1807 22
1808 10
1809 964
1810 911
1811 588
1812 312
1813 405
1814 222
1815 221
1816 55
1817 24
1818 970
1819 910
1820 678
1821 292
1822 245
1823 175
1824 249
1825 94
1826 12
1827 993
1828 958
1829 922
1830 852
1831 807
1832 830
1833 823
1834 684
1835 18
1836 894
1837 309
1838 64
1839 27
1840 9
1841 4
1842 69
1843 5
1844 5
1845 837
1846 512
1847 352
1848 87
1849 45
1850 83
1851 316
1852 47
1853 30
1854 911
1855 665
1856 506
1857 132
1858 37
1859 26
1860 98
1861 19
1862 12
1863 911
1864 703
1865 250
1866 93
1867 33
1868 43
1869 48
1870 6
1871 3
1872 905
1873 830
1874 204
1875 97
1876 69
1877 73
1878 92
1879 11
1880 5
1881 876
1882 838
1883 151
1884 91
1885 41
1886 56
1887 54
1888 7
1889 2
1890 917
1891 834
1892 145
1893 84
1894 47
1895 71
1896 80
1897 13
1898 5
1899 876
1900 836
1901 307
1902 143
1903 124
1904 115
1905 91
1906 18
1907 6
1908 881
1909 836
1910 302
1911 218
1912 116
1913 134
1914 106
1915 23
1916 7
1917 965
1918 924
1919 460
1920 401
1921 323
1922 400
1923 261
1924 71
1925 22
1926 974
1927 908
1928 586
1929 351
1930 236
1931 228
1932 267
1933 103
1934 12
1935 996
1936 961
1937 949
1938 870
1939 838
1940 900
1941 871
1942 791
1943 25
1944 953
1945 246
1946 214
1947 303
1948 32
1949 7
1950 2
1953 862
1954 527
1955 310
1956 652
1957 370
1958 105
1959 110
1960 12
1961 7
1962 932
1963 709
1964 640
1965 319
1966 133
1967 49
1968 43
1969 6
1970 2
1971 921
1972 633
1973 412
1974 420
1975 182
1976 122
1977 70
1978 10
1979 5
1980 910
1981 842
1982 331
1983 566
1984 381
1985 154
1986 173
1987 23
1988 12
1989 882
1990 841
1991 222
1992 267
1993 166
1994 82
1995 100
1996 19
1997 9
1998 922
1999 857
2000 204
2001 180
2002 132
2003 78
2004 117
2005 22
2006 11
2007 891
2008 842
2009 685
2010 299
2011 195
2012 98
2013 113
2014 23
2015 10
2016 884
2017 822
2018 463
2019 289
2020 147
2021 104
2022 121
2023 27
2024 12
2025 967
2026 914
2027 622
2028 444
2029 262
2030 235
2031 210
2032 55
2033 22
2034 979
2035 946
2036 686
2037 466
2038 299
2039 247
2040 283
2041 114
2042 18
2043 997
2044 961
2045 976
2046 881
2047 909
2048 902
2049 906
2050 816
2051 30
2052 902
2053 317
2054 89
2055 36
2056 14
2057 5
2058 10
2061 852
2062 592
2063 307
2064 146
2065 95
2066 75
2067 79
2068 3
2069 1
2070 926
2071 724
2072 515
2073 210
2074 77
2075 62
2076 71
2077 12
2078 7
2079 934
2080 635
2081 453
2082 283
2083 164
2084 196
2085 137
2086 23
2087 16
2088 912
2089 811
2090 469
2091 688
2092 299
2093 283
2094 370
2095 59
2096 40
2097 894
2098 830
2099 390
2100 449
2101 160
2102 162
2103 249
2104 50
2105 33
2106 937
2107 858
2108 236
2109 272
2110 119
2111 151
2112 260
2113 50
2114 33
2115 886
2116 837
2117 511
2118 336
2119 156
2120 127
2121 212
2122 47
2123 27
2124 889
2125 824
2126 432
2127 388
2128 148
2129 130
2130 209
2131 45
2132 26
2133 975
2134 934
2135 503
2136 614
2137 302
2138 243
2139 291
2140 68
2141 31
2142 981
2143 919
2144 823
2145 453
2146 454
2147 395
2148 472
2149 158
2150 29
2151 1000
2152 964
2153 976
2154 905
2155 910
2156 913
2157 923
2158 745
2159 24
2160 626
2161 184
2162 227
2163 36
2164 14
2165 10
2166 2
2169 824
2170 568
2171 366
2172 169
2173 113
2174 216
2175 58
2176 5
2177 5
2178 921
2179 703
2180 395
2181 232
2182 107
2183 189
2184 62
2185 12
2186 9
2187 923
2188 616
2189 298
2190 270
2191 212
2192 357
2193 147
2194 28
2195 21
2196 917
2197 800
2198 420
2199 598
2200 262
2201 275
2202 305
2203 50
2204 35
2205 893
2206 769
2207 440
2208 413
2209 183
2210 199
2211 262
2212 54
2213 38
2214 939
2215 839
2216 310
2217 287
2218 182
2219 225
2220 317
2221 59
2222 39
2223 884
2224 841
2225 555
2226 312
2227 197
2228 166
2229 225
2230 47
2231 28
2232 888
2233 822
2234 476
2235 336
2236 191
2237 142
2238 193
2239 41
2240 24
2241 971
2242 928
2243 447
2244 410
2245 388
2246 215
2247 222
2248 56
2249 26
2250 978
2251 919
2252 776
2253 463
2254 518
2255 355
2256 392
2257 155
2258 25
2259 997
2260 960
2261 982
2262 911
2263 931
2264 960
2265 964
2266 764
2267 21
2268 641
2269 189
2270 293
2271 113
2272 80
2273 141
2274 36
2275 14
2276 14
2277 749
2278 542
2279 216
2280 186
2281 151
2282 344
2283 98
2284 30
2285 28
2286 892
2287 688
2288 234
2289 436
2290 200
2291 318
2292 117
2293 38
2294 31
2295 839
2296 583
2297 198
2298 287
2299 196
2300 321
2301 143
2302 41
2303 34
2304 893
2305 792
2306 186
2307 242
2308 172
2309 200
2310 247
2311 61
2312 47
2313 737
2314 668
2315 234
2316 226
2317 168
2318 184
2319 258
2320 66
2321 50
2322 856
2323 766
2324 253
2325 219
2326 221
2327 265
2328 360
2329 83
2330 60
2331 747
2332 700
2333 483
2334 250
2335 237
2336 205
2337 267
2338 69
2339 47
2340 878
2341 797
2342 336
2343 237
2344 228
2345 189
2346 239
2347 62
2348 41
2349 970
2350 904
2351 340
2352 306
2353 430
2354 258
2355 262
2356 74
2357 40
2358 968
2359 886
2360 440
2361 279
2362 328
2363 222
2364 269
2365 126
2366 28
2367 1000
2368 964
2369 968
2370 870
2371 865
2372 918
2373 917
2374 730
2375 21

