6
ipchi2 pt_sum m_corrected gamma_pt fdchi2 vtx_chi2
6 6 4 3 5 4
-3.0 0.0 0.5 1.0 1.5 3.5
3000 5000 9000 11000 13000 19000
1000.0 3000.0 4000.0 7500.0
2000 2800 4200
0.0 2.0 2.5 3.0 4.5
-6 0.5 1.0 1.5
10000
0 2414
1 3898
2 1525
3 1723
4 2409
5 3892
6 1525
7 1705
8 2210
9 3847
10 1883
11 2073
12 2363
13 4031
14 2099
15 2268
16 5158
17 6920
18 4894
19 4822
20 2527
21 4001
22 1629
23 1589
24 2522
25 3996
26 1629
27 1571
28 2323
29 3950
30 1987
31 1939
32 2892
33 4550
34 2619
35 2550
36 5687
37 7439
38 5413
39 5104
40 4654
41 7020
42 4357
43 4285
44 4649
45 7015
46 4357
47 4267
48 4440
49 6959
50 4705
51 4625
52 5057
53 7607
54 5384
55 5283
56 7852
57 10496
58 8179
59 7837
60 9203
61 9440
62 6966
63 7406
64 9304
65 9537
66 7069
67 7378
68 9517
69 9904
70 7773
71 8092
72 9792
73 10209
74 8111
75 8366
76 9423
77 9943
78 7820
79 7836
80 9231
81 9459
82 6983
83 7180
84 9333
85 9556
86 7086
87 7152
88 9565
89 9942
90 7809
91 7886
92 10305
93 10713
94 8612
95 8625
96 10032
97 10542
98 8417
99 8190
100 9398
101 9616
102 7081
103 7247
104 9499
105 9713
106 7184
107 7219
108 9722
109 10089
110 7898
111 7942
112 10535
113 10933
114 8773
115 8755
116 10292
117 10793
118 8609
119 8350
120 11193
121 11486
122 8747
123 8089
124 11343
125 11632
126 8888
127 8058
128 11909
129 12351
130 9693
131 8855
132 12099
133 12572
134 9945
135 9044
136 11039
137 11556
138 9042
139 8197
140 11596
141 11880
142 9139
143 8476
144 11747
145 12027
146 9280
147 8444
148 12336
149 12769
150 10108
151 9265
152 12994
153 13458
154 10829
155 9922
156 12060
157 12568
158 10052
159 9201
160 11807
161 12081
162 9460
163 8765
164 11957
165 12228
166 9601
167 8733
168 12536
169 12960
170 10419
171 9543
172 13268
173 13722
174 11213
175 10274
176 12369
177 12867
178 10472
179 9588
180 9395
181 9666
182 7378
183 6644
184 9513
185 9780
186 7494
187 6587
188 10128
189 10549
190 8348
191 7464
192 9864
193 10316
194 8175
195 7302
196 8838
197 9333
198 7306
199 6488
200 10249
201 10511
202 8282
203 7543
204 10367
205 10625
206 8398
207 7486
208 11006
209 11417
210 9276
211 8387
212 11209
213 11652
214 9571
215 8692
216 10309
217 10795
218 8828
219 8005
220 10488
221 10740
222 8631
223 7827
224 10605
225 10854
226 8747
227 7770
228 11234
229 11636
230 9615
231 8661
232 11463
233 11896
234 9935
235 8992
236 10599
237 11075
238 9228
239 8340
240 2354
241 3856
242 1484
243 1565
244 2348
245 3851
246 1484
247 1548
248 2150
249 3805
250 1842
251 1915
252 2254
253 3941
254 2009
255 2061
256 5199
257 6980
258 4954
259 4766
260 2467
261 3960
262 1588
263 1432
264 2461
265 3955
266 1588
267 1414
268 2263
269 3909
270 1946
271 1782
272 2783
273 4460
274 2529
275 2344
276 5728
277 7500
278 5474
279 5048
280 4594
281 6979
282 4315
283 4127
284 4588
285 6973
286 4316
287 4110
288 4380
289 6917
290 4663
291 4467
292 4948
293 7517
294 5295
295 5077
296 7893
297 10556
298 8239
299 7782
300 8667
301 8270
302 6695
303 6603
304 8833
305 8433
306 6864
307 6641
308 8831
309 8584
310 7352
311 7139
312 9103
313 8887
314 7687
315 7411
316 9604
317 9490
318 8266
319 7749
320 8760
321 8354
322 6776
323 6442
324 8926
325 8517
326 6945
327 6479
328 8943
329 8687
330 7453
331 6997
332 9680
333 9455
334 8253
335 7734
336 10277
337 10154
338 8928
339 8168
340 8890
341 8475
342 6839
343 6472
344 9057
345 8638
346 7007
347 6509
348 9063
349 8798
350 7505
351 7017
352 9874
353 9639
354 8378
355 7827
356 10500
357 10368
358 9083
359 8291
360 11776
361 11432
362 9593
363 8402
364 11995
365 11648
366 9803
367 8440
368 12268
369 12074
370 10314
371 8944
372 12456
373 12292
374 10564
375 9131
376 12186
377 12066
378 10452
379 9073
380 12244
381 11891
382 10049
383 8853
384 12463
385 12106
386 10259
387 8890
388 12759
389 12556
390 10793
391 9418
392 13415
393 13242
394 11512
395 10073
396 13271
397 13142
398 11526
399 10142
400 12418
401 12055
402 10333
403 9106
404 12637
405 12271
406 10543
407 9143
408 12923
409 12710
410 11068
411 9660
412 13652
413 13470
414 11860
415 10389
416 13544
417 13405
418 11909
419 10493
420 10271
421 9906
422 8516
423 7405
424 10458
425 10089
426 8701
427 7416
428 10780
429 10564
430 9262
431 8001
432 10699
433 10514
434 9273
435 8021
436 10463
437 10322
438 9194
439 7998
440 11190
441 10815
442 9485
443 8368
444 11376
445 10998
446 9670
447 8380
448 11722
449 11497
450 10254
451 8988
452 12109
453 11915
454 10733
455 9476
456 11999
457 11849
458 10780
459 9579
460 11392
461 11008
462 9798
463 8616
464 11578
465 11190
466 9983
467 8628
468 11914
469 11679
470 10557
471 9225
472 12326
473 12123
474 11061
475 9740
476 12252
477 12092
478 11144
479 9878
480 2579
481 4082
482 2126
483 2191
484 2578
485 4081
486 2131
487 2205
488 2231
489 3886
490 2340
491 2424
492 2335
493 4022
494 2507
495 2570
496 5280
497 7061
498 5452
499 5274
500 2692
501 4186
502 2230
503 2058
504 2691
505 4185
506 2235
507 2071
508 2344
509 3990
510 2444
511 2290
512 2864
513 4541
514 3027
515 2852
516 5809
517 7581
518 5972
519 5557
520 3166
521 5551
522 3305
523 3119
524 3160
525 5544
526 3304
527 3127
528 2802
529 5340
530 3502
531 3335
532 3370
533 5939
534 4134
535 3945
536 6315
537 8978
538 7078
539 6650
540 8976
541 8579
542 7421
543 7313
544 9174
545 8774
546 7621
547 7409
548 9023
549 8775
550 7961
551 7758
552 9295
553 9079
554 8296
555 8030
556 9795
557 9682
558 8875
559 8368
560 9069
561 8663
562 7502
563 7151
564 9267
565 8857
566 7702
567 7247
568 9135
569 8878
570 8061
571 7616
572 9872
573 9646
574 8861
575 8353
576 10468
577 10345
578 9536
579 8787
580 9092
581 8677
582 7458
583 7093
584 9285
585 8866
586 7652
587 7184
588 9143
589 8877
590 8001
591 7542
592 9953
593 9718
594 8874
595 8352
596 10580
597 10447
598 9579
599 8817
600 12239
601 11896
602 10473
603 9303
604 12509
605 12161
606 10733
607 9417
608 12633
609 12438
610 11095
611 9772
612 12820
613 12657
614 11346
615 9959
616 12550
617 12431
618 11233
619 9902
620 12707
621 12354
622 10929
623 9754
624 12977
625 12620
626 11189
627 9868
628 13124
629 12920
630 11575
631 10246
632 13780
633 13607
634 12293
635 10901
636 13636
637 13507
638 12307
639 10970
640 12725
641 12363
642 11057
643 9868
644 12989
645 12623
646 11312
647 9977
648 13126
649 12913
650 11687
651 10345
652 13855
653 13673
654 12479
655 11074
656 13747
657 13608
658 12528
659 11178
660 10953
661 10588
662 9615
663 8524
664 11190
665 10821
666 9850
667 8612
668 11430
669 11214
670 10329
671 9114
672 11349
673 11164
674 10339
675 9135
676 11113
677 10972
678 10261
679 9112
680 11872
681 11497
682 10584
683 9487
684 12108
685 11730
686 10819
687 9576
688 12372
689 12146
690 11321
691 10101
692 12759
693 12564
694 11799
695 10590
696 12649
697 12498
698 11847
699 10692
700 11954
701 11570
702 10777
703 9634
704 12185
705 11797
706 11006
707 9717
708 12438
709 12204
710 11498
711 10232
712 12851
713 12647
714 12002
715 10746
716 12777
717 12617
718 12085
719 10884
720 2584
721 4087
722 2062
723 2115
724 2612
725 4114
726 2095
727 2157
728 2264
729 3920
730 2304
731 2376
732 2360
733 4047
734 2472
735 2522
736 5306
737 7087
738 5416
739 5227
740 2782
741 4276
742 2251
743 2067
744 2810
745 4303
746 2284
747 2109
748 2462
749 4108
750 2493
751 2328
752 2974
753 4652
754 3076
755 2889
756 5920
757 7691
758 6021
759 5594
760 3177
761 5562
762 3312
763 3141
764 3199
765 5584
766 3339
767 3178
768 2841
769 5379
770 3538
771 3386
772 3401
773 5970
774 4169
775 3996
776 6347
777 9010
778 7114
779 6701
780 9157
781 8785
782 7558
783 7437
784 9384
785 9008
786 7786
787 7562
788 9232
789 9010
790 8126
791 7911
792 9470
793 9279
794 8435
795 8157
796 9971
797 9882
798 9014
799 8495
800 9337
801 8956
802 7726
803 7363
804 9564
805 9179
806 7955
807 7488
808 9432
809 9200
810 8314
811 7856
812 10135
813 9934
814 9087
815 8567
816 10731
817 10633
818 9762
819 9002
820 9172
821 8782
822 7558
823 7209
824 9393
825 8999
826 7781
827 7328
828 9251
829 9010
830 8130
831 7686
832 10027
833 9817
834 8977
835 8470
836 10653
837 10546
838 9682
839 8935
840 12422
841 12103
842 10593
843 9411
844 12721
845 12398
846 10882
847 9554
848 12844
849 12675
850 11244
851 9909
852 12998
853 12859
854 11469
855 10070
856 12728
857 12633
858 11356
859 10013
860 12987
861 12659
862 11146
863 9959
864 13285
865 12953
866 11435
867 10102
868 13432
869 13253
870 11821
871 10480
872 14054
873 13906
874 12513
875 11109
876 13910
877 13806
878 12527
879 11178
880 12816
881 12478
882 11151
883 9977
884 13108
885 12767
886 11434
887 10114
888 13245
889 13057
890 11809
891 10483
892 13940
893 13783
894 12575
895 11185
896 13832
897 13718
898 12624
899 11289
900 11135
901 10795
902 9735
903 8631
904 11400
905 11056
906 9998
907 8748
908 11640
909 11449
910 10477
911 9250
912 11525
913 11365
914 10461
915 9245
916 11289
917 11173
918 10382
919 9221
920 12150
921 11800
922 10800
923 9691
924 12415
925 12061
926 11063
927 9808
928 12678
929 12478
930 11565
931 10333
932 13032
933 12862
934 12018
935 10796
936 12922
937 12796
938 12065
939 10899
940 11967
941 11608
942 10792
943 9664
944 12226
945 11863
946 11050
947 9776
948 12479
949 12269
950 11542
951 10291
952 12858
953 12679
954 12020
955 10779
956 12784
957 12648
958 12103
959 10917
960 2451
961 3953
962 2142
963 2225
964 2595
965 4073
966 2263
967 2344
968 2366
969 3997
970 2590
971 2671
972 2462
973 4124
974 2757
975 2817
976 5408
977 7164
978 5702
979 5521
980 2649
981 4142
982 2331
983 2176
984 2793
985 4262
986 2451
987 2295
988 2564
989 4186
990 2778
991 2622
992 3076
993 4729
994 3362
995 3184
996 6022
997 7768
998 6306
999 5888
1000 3000
1001 5385
1002 3348
1003 3207
1004 3139
1005 5499
1006 3463
1007 3320
1008 2943
1009 5456
1010 3823
1011 3681
1012 3503
1013 6047
1014 4454
1015 4290
1016 6448
1017 9087
1018 7399
1019 6995
1020 8988
1021 8607
1022 7594
1023 7502
1024 9425
1025 9016
1026 8003
1027 7797
1028 9424
1029 9168
1030 8493
1031 8287
1032 9635
1033 9410
1034 8775
1035 8506
1036 10101
1037 9978
1038 9319
1039 8809
1040 9176
1041 8786
1042 7770
1043 7436
1044 9614
1045 9195
1046 8179
1047 7731
1048 9632
1049 9367
1050 8689
1051 8240
1052 10308
1053 10074
1054 9436
1055 8924
1056 10869
1057 10738
1058 10075
1059 9324
1060 8947
1061 8547
1062 7538
1063 7218
1064 9378
1065 8951
1066 7941
1067 7507
1068 9430
1069 9155
1070 8484
1071 8049
1072 10180
1073 9936
1074 9304
1075 8807
1076 10771
1077 10630
1078 9974
1079 9236
1080 12369
1081 11976
1082 10680
1083 9508
1084 12905
1085 12484
1086 11177
1087 9848
1088 13189
1089 12920
1090 11699
1091 10353
1092 13315
1093 13078
1094 11896
1095 10487
1096 13010
1097 12817
1098 11748
1099 10395
1100 12942
1101 12539
1102 11241
1103 10063
1104 13478
1105 13047
1106 11738
1107 10404
1108 13785
1109 13507
1110 12283
1111 10932
1112 14380
1113 14133
1114 12949
1115 11535
1116 14201
1117 13998
1118 12927
1119 11568
1120 12706
1121 12294
1122 11181
1123 10017
1124 13237
1125 12797
1126 11672
1127 10352
1128 13577
1129 13290
1130 12251
1131 10914
1132 14245
1133 13989
1134 12990
1135 11590
1136 14102
1137 13890
1138 13004
1139 11659
1140 11087
1141 10672
1142 9826
1143 8732
1144 11590
1145 11147
1146 10298
1147 9048
1148 12017
1149 11728
1150 10964
1151 9727
1152 11875
1153 11617
1154 10921
1155 9695
1156 11605
1157 11389
1158 10807
1159 9636
1160 12110
1161 11686
1162 10899
1163 9801
1164 12613
1165 12161
1166 11371
1167 10116
1168 13064
1169 12765
1170 12060
1171 10819
1172 13390
1173 13122
1174 12486
1175 11255
1176 13245
1177 13021
1178 12498
1179 11322
1180 11862
1181 11429
1182 10828
1183 9710
1184 12360
1185 11898
1186 11293
1187 10019
1188 12844
1189 12535
1190 12016
1191 10755
1192 13196
1193 12918
1194 12467
1195 11217
1196 13086
1197 12853
1198 12515
1199 11320
1200 2766
1201 4144
1202 2524
1203 2606
1204 2910
1205 4264
1206 2644
1207 2725
1208 2914
1209 4483
1210 3267
1211 3348
1212 3190
1213 4790
1214 3614
1215 3673
1216 6036
1217 7730
1218 6459
1219 6279
1220 2976
1221 4345
1222 2725
1223 2570
1224 3121
1225 4465
1226 2845
1227 2689
1228 3125
1229 4684
1230 3468
1231 3312
1232 3817
1233 5407
1234 4231
1235 4053
1236 6663
1237 8347
1238 7076
1239 6658
1240 3187
1241 5447
1242 3602
1243 3460
1244 3325
1245 5561
1246 3716
1247 3574
1248 3363
1249 5814
1250 4372
1251 4230
1252 4103
1253 6585
1254 5183
1255 5019
1256 6949
1257 9525
1258 8028
1259 7624
1260 9092
1261 8877
1262 7884
1263 7759
1264 9525
1265 9281
1266 8289
1267 8049
1268 9556
1269 9527
1270 8873
1271 8633
1272 9977
1273 9980
1274 9365
1275 9062
1276 10295
1277 10400
1278 9762
1279 9218
1280 9642
1281 9417
1282 8423
1283 8055
1284 10075
1285 9822
1286 8827
1287 8345
1288 10125
1289 10087
1290 9430
1291 8948
1292 11012
1293 11005
1294 10388
1295 9842
1296 11426
1297 11521
1298 10880
1299 10094
1300 9441
1301 9207
1302 8219
1303 7864
1304 9868
1305 9605
1306 8617
1307 8149
1308 9951
1309 9904
1310 9254
1311 8785
1312 10911
1313 10895
1314 10285
1315 9753
1316 11355
1317 11442
1318 10807
1319 10035
1320 12489
1321 12303
1322 11028
1323 9822
1324 13021
1325 12806
1326 11520
1327 10158
1328 13336
1329 13337
1330 12136
1331 10757
1332 13676
1333 13708
1334 12547
1335 11104
1336 13216
1337 13291
1338 12243
1339 10856
1340 13499
1341 13303
1342 12026
1343 10815
1344 14031
1345 13807
1346 12519
1347 11151
1348 14370
1349 14361
1350 13158
1351 11773
1352 15178
1353 15200
1354 14037
1355 12589
1356 14843
1357 14909
1358 13859
1359 12466
1360 13309
1361 13104
1362 12012
1363 10814
1364 13835
1365 13602
1366 12499
1367 11145
1368 14208
1369 14189
1370 13172
1371 11800
1372 15089
1373 15102
1374 14124
1375 12690
1376 14790
1377 14846
1378 13982
1379 12603
1380 11064
1381 10856
1382 10031
1383 8903
1384 11563
1385 11326
1386 10498
1387 9214
1388 12022
1389 12001
1390 11258
1391 9987
1392 12093
1393 12103
1394 11429
1395 10168
1396 11666
1397 11720
1398 11159
1399 9954
1400 12512
1401 12295
1402 11529
1403 10396
1404 13010
1405 12765
1406 11996
1407 10707
1408 13493
1409 13462
1410 12779
1411 11503
1412 14033
1413 14033
1414 13418
1415 12153
1416 13732
1417 13776
1418 13275
1419 12064
1420 12310
1421 12083
1422 11503
1423 10351
1424 12803
1425 12548
1426 11964
1427 10656
1428 13319
1429 13279
1430 12781
1431 11486
1432 13884
1433 13875
1434 13446
1435 12161
1436 13618
1437 13653
1438 13337
1439 12108
1440 2777
1441 4146
1442 1764
1443 1992
1444 2795
1445 4164
1446 1765
1447 1974
1448 2594
1449 4115
1450 2123
1451 2342
1452 2734
1453 4299
1454 2339
1455 2536
1456 5482
1457 7141
1458 5125
1459 5083
1460 2621
1461 3985
1462 1676
1463 1671
1464 2647
1465 4012
1466 1684
1467 1661
1468 2445
1469 3963
1470 2042
1471 2029
1472 2581
1473 4143
1474 2253
1475 2219
1476 5380
1477 7035
1478 5090
1479 4816
1480 4647
1481 6903
1482 4335
1483 4298
1484 4673
1485 6930
1486 4344
1487 4288
1488 4461
1489 6871
1490 4691
1491 4646
1492 4645
1493 7098
1494 4951
1495 4884
1496 7444
1497 9990
1498 7787
1499 7481
1500 9492
1501 9589
1502 7167
1503 7637
1504 9648
1505 9741
1506 7301
1507 7640
1508 9823
1509 10069
1510 7971
1511 8320
1512 10066
1513 10355
1514 8288
1515 8574
1516 9658
1517 10050
1518 7998
1519 8043
1520 9067
1521 9160
1522 6807
1523 7040
1524 9231
1525 9320
1526 6950
1527 7051
1528 9426
1529 9668
1530 7639
1531 7750
1532 9713
1533 9998
1534 8001
1535 8049
1536 9451
1537 9839
1538 7856
1539 7664
1540 9078
1541 9162
1542 6782
1543 6983
1544 9242
1545 9322
1546 6925
1547 6994
1548 9427
1549 9660
1550 7604
1551 7683
1552 9787
1553 10063
1554 8039
1555 8055
1556 9555
1557 9934
1558 7925
1559 7701
1560 11449
1561 11602
1562 8988
1563 8360
1564 11655
1565 11804
1566 9161
1567 8360
1568 12183
1569 12485
1570 9930
1571 9122
1572 12340
1573 12686
1574 10163
1575 9291
1576 11241
1577 11630
1578 9260
1579 8444
1580 11357
1581 11506
1582 8960
1583 8332
1584 11571
1585 11716
1586 9142
1587 8340
1588 12122
1589 12420
1590 9934
1591 9126
1592 12327
1593 12669
1594 10215
1595 9343
1596 11404
1597 11790
1598 9488
1599 8672
1600 11411
1601 11551
1602 9158
1603 8498
1604 11625
1605 11761
1606 9339
1607 8506
1608 12166
1609 12455
1610 10122
1611 9281
1612 12445
1613 12777
1614 10476
1615 9572
1616 11558
1617 11934
1618 9785
1619 8936
1620 9864
1621 9995
1622 7810
1623 7071
1624 10036
1625 10164
1626 7958
1627 7046
1628 10574
1629 10854
1630 8737
1631 7848
1632 10264
1633 10588
1634 8531
1635 7652
1636 9199
1637 9567
1638 7662
1639 6839
1640 10483
1641 10610
1642 8557
1643 7817
1644 10664
1645 10787
1646 8712
1647 7800
1648 11224
1649 11501
1650 9515
1651 8626
1652 10963
1653 11283
1654 9356
1655 8478
1656 10074
1657 10437
1658 8664
1659 7840
1660 10729
1661 10847
1662 8946
1663 8142
1664 10910
1665 11024
1666 9102
1667 8125
1668 11460
1669 11728
1670 9894
1671 8940
1672 11224
1673 11535
1674 9761
1675 8818
1676 10371
1677 10725
1678 9104
1679 8216
1680 2729
1681 4116
1682 1723
1683 1834
1684 2747
1685 4135
1686 1723
1687 1817
1688 2545
1689 4086
1690 2081
1691 2184
1692 2637
1693 4221
1694 2249
1695 2330
1696 5536
1697 7214
1698 5186
1699 5027
1700 2572
1701 3956
1702 1634
1703 1513
1704 2598
1705 3982
1706 1643
1707 1504
1708 2397
1709 3934
1710 2001
1711 1872
1712 2484
1713 4064
1714 2164
1715 2013
1716 5433
1717 7107
1718 5151
1719 4760
1720 4598
1721 6874
1722 4294
1723 4140
1724 4625
1725 6900
1726 4302
1727 4131
1728 4413
1729 6841
1730 4650
1731 4489
1732 4548
1733 7020
1734 4861
1735 4678
1736 7497
1737 10063
1738 7848
1739 7425
1740 8936
1741 8400
1742 6865
1743 6803
1744 9158
1745 8618
1746 7065
1747 6872
1748 9118
1749 8731
1750 7519
1751 7335
1752 9358
1753 9014
1754 7834
1755 7587
1756 9819
1757 9578
1758 8413
1759 7926
1760 8576
1761 8036
1762 6570
1763 6270
1764 8806
1765 8262
1766 6778
1767 6347
1768 8785
1769 8394
1770 7251
1771 6830
1772 9069
1773 8721
1774 7611
1775 7126
1776 9677
1777 9432
1778 8336
1779 7611
1780 8550
1781 8001
1782 6509
1783 6177
1784 8780
1785 8227
1786 6717
1787 6254
1788 8749
1789 8349
1790 7180
1791 6727
1792 9107
1793 8750
1794 7613
1795 7096
1796 9745
1797 9490
1798 8368
1799 7611
1800 12013
1801 11529
1802 9802
1803 8642
1804 12287
1805 11800
1806 10044
1807 8710
1808 12522
1809 12188
1810 10520
1811 9180
1812 12678
1813 12387
1814 10751
1815 9347
1816 12369
1817 12121
1818 10638
1819 9289
1820 11985
1821 11497
1822 9839
1823 8679
1824 12267
1825 11776
1826 10089
1827 8755
1828 12526
1829 12187
1830 10589
1831 9248
1832 12729
1833 12434
1834 10867
1835 9463
1836 12596
1837 12345
1838 10931
1839 9582
1840 12003
1841 11506
1842 10001
1843 8808
1844 12286
1845 11785
1846 10250
1847 8884
1848 12534
1849 12186
1850 10740
1851 9367
1852 12810
1853 12506
1854 11092
1855 9655
1856 12713
1857 12453
1858 11191
1859 9810
1860 10721
1861 10216
1862 8918
1863 7801
1864 10962
1865 10453
1866 9134
1867 7844
1868 11206
1869 10850
1870 9620
1871 8353
1872 11080
1873 10767
1874 9597
1875 8341
1876 10805
1877 10536
1878 9518
1879 8318
1880 11404
1881 10895
1882 9728
1883 8611
1884 11654
1885 11141
1886 9953
1887 8663
1888 11921
1889 11562
1890 10462
1891 9195
1892 11843
1893 11526
1894 10487
1895 9231
1896 11744
1897 11471
1898 10585
1899 9384
1900 11614
1901 11096
1902 10081
1903 8899
1904 11863
1905 11341
1906 10306
1907 8951
1908 12121
1909 11752
1910 10805
1911 9473
1912 12068
1913 11742
1914 10855
1915 9534
1916 12005
1917 11723
1918 10988
1919 9722
1920 2799
1921 4187
1922 2352
1923 2447
1924 2822
1925 4209
1926 2357
1927 2461
1928 2471
1929 4012
1930 2566
1931 2680
1932 2563
1933 4147
1934 2733
1935 2826
1936 5461
1937 7140
1938 5670
1939 5522
1940 2611
1941 3995
1942 2232
1943 2094
1944 2642
1945 4025
1946 2245
1947 2116
1948 2291
1949 3828
1950 2454
1951 2335
1952 2378
1953 3959
1954 2616
1955 2476
1956 5327
1957 7001
1958 5604
1959 5223
1960 2984
1961 5259
1962 3238
1963 3087
1964 3009
1965 5284
1966 3245
1967 3103
1968 2648
1969 5077
1970 3444
1971 3312
1972 2784
1973 5255
1974 3655
1975 3501
1976 5732
1977 8298
1978 6642
1979 6248
1980 9048
1981 8512
1982 7536
1983 7457
1984 9302
1985 8761
1986 7767
1987 7585
1988 9112
1989 8725
1990 8072
1991 7899
1992 9352
1993 9008
1994 8387
1995 8151
1996 9814
1997 9573
1998 8966
1999 8490
2000 8656
2001 8116
2002 7209
2003 6893
2004 8918
2005 8374
2006 7449
2007 7028
2008 8748
2009 8357
2010 7773
2011 7362
2012 9032
2013 8684
2014 8132
2015 7659
2016 9640
2017 9395
2018 8858
2019 8143
2020 8524
2021 7975
2022 7042
2023 6712
2024 8780
2025 8227
2026 7276
2027 6841
2028 8600
2029 8200
2030 7589
2031 7165
2032 8958
2033 8601
2034 8022
2035 7535
2036 9595
2037 9341
2038 8778
2039 8050
2040 12280
2041 11796
2042 10627
2043 9487
2044 12604
2045 12117
2046 10919
2047 9633
2048 12690
2049 12356
2050 11247
2051 9953
2052 12845
2053 12554
2054 11477
2055 10120
2056 12537
2057 12289
2058 11365
2059 10063
2060 12220
2061 11732
2062 10633
2063 9492
2064 12552
2065 12061
2066 10933
2067 9646
2068 12662
2069 12323
2070 11284
2071 9990
2072 12865
2073 12570
2074 11562
2075 10205
2076 12732
2077 12481
2078 11626
2079 10323
2080 12082
2081 11585
2082 10638
2083 9483
2084 12409
2085 11908
2086 10932
2087 9632
2088 12508
2089 12160
2090 11273
2091 9965
2092 12784
2093 12480
2094 11624
2095 10253
2096 12687
2097 12427
2098 11724
2099 10408
2100 11219
2101 10714
2102 9975
2103 8878
2104 11511
2105 11002
2106 10241
2107 8998
2108 11672
2109 11317
2110 10645
2111 9425
2112 11546
2113 11233
2114 10622
2115 9413
2116 11271
2117 11002
2118 10543
2119 9389
2120 11871
2121 11362
2122 10754
2123 9657
2124 12171
2125 11658
2126 11029
2127 9785
2128 12356
2129 11996
2130 11455
2131 10235
2132 12277
2133 11961
2134 11480
2135 10271
2136 12179
2137 11906
2138 11578
2139 10424
2140 11961
2141 11443
2142 10987
2143 9844
2144 12255
2145 11733
2146 11256
2147 9967
2148 12430
2149 12061
2150 11673
2151 10406
2152 12377
2153 12051
2154 11723
2155 10467
2156 12314
2157 12032
2158 11856
2159 10656
2160 2758
2161 4145
2162 2242
2163 2324
2164 2808
2165 4196
2166 2275
2167 2366
2168 2458
2169 3999
2170 2484
2171 2585
2172 2542
2173 4126
2174 2651
2175 2731
2176 5440
2177 7118
2178 5588
2179 5428
2180 2701
2181 4085
2182 2253
2183 2103
2184 2760
2185 4144
2186 2294
2187 2154
2188 2409
2189 3946
2190 2503
2191 2372
2192 2489
2193 4069
2194 2666
2195 2514
2196 5438
2197 7112
2198 5653
2199 5261
2200 2995
2201 5270
2202 3245
2203 3109
2204 3048
2205 5324
2206 3281
2207 3154
2208 2687
2209 5116
2210 3480
2211 3363
2212 2815
2213 5287
2214 3690
2215 3552
2216 5764
2217 8329
2218 6677
2219 6299
2220 9188
2221 8677
2222 7631
2223 7541
2224 9470
2225 8954
2226 7891
2227 7696
2228 9280
2229 8918
2230 8196
2231 8011
2232 9486
2233 9167
2234 8485
2235 8237
2236 9948
2237 9732
2238 9064
2239 8575
2240 8930
2241 8414
2242 7438
2243 7110
2244 9220
2245 8700
2246 7706
2247 7274
2248 9049
2249 8683
2250 8030
2251 7608
2252 9300
2253 8977
2254 8364
2255 7878
2256 9908
2257 9687
2258 9089
2259 8363
2260 8609
2261 8084
2262 7147
2263 6833
2264 8893
2265 8364
2266 7409
2267 6991
2268 8713
2269 8337
2270 7723
2271 7315
2272 9037
2273 8705
2274 8130
2275 7658
2276 9674
2277 9445
2278 8885
2279 8173
2280 12421
2281 11963
2282 10707
2283 9554
2284 12774
2285 12312
2286 11027
2287 9728
2288 12860
2289 12550
2290 11354
2291 10049
2292 12982
2293 12715
2294 11559
2295 10190
2296 12673
2297 12450
2298 11446
2299 10132
2300 12505
2301 12042
2302 10855
2303 9703
2304 12866
2305 12399
2306 11184
2307 9885
2308 12975
2309 12661
2310 11534
2311 10229
2312 13144
2313 12874
2314 11787
2315 10417
2316 13012
2317 12785
2318 11850
2319 10536
2320 12178
2321 11706
2322 10737
2323 9598
2324 12533
2325 12057
2326 11060
2327 9775
2328 12632
2329 12309
2330 11400
2331 10108
2332 12875
2333 12595
2334 11726
2335 10370
2336 12778
2337 12542
2338 11825
2339 10525
2340 11360
2341 10879
2342 10053
2343 8944
2344 11679
2345 11195
2346 10348
2347 9093
2348 11841
2349 11510
2350 10751
2351 9519
2352 11681
2353 11393
2354 10702
2355 9481
2356 11406
2357 11162
2358 10624
2359 9458
2360 12154
2361 11670
2362 10975
2363 9866
2364 12483
2365 11994
2366 11278
2367 10023
2368 12668
2369 12333
2370 11705
2371 10473
2372 12555
2373 12263
2374 11704
2375 10482
2376 12457
2377 12209
2378 11801
2379 10635
2380 11979
2381 11485
2382 11007
2383 9880
2384 12301
2385 11804
2386 11305
2387 10031
2388 12476
2389 12132
2390 11721
2391 10471
2392 12389
2393 12088
2394 11746
2395 10506
2396 12326
2397 12069
2398 11879
2399 10694
2400 2653
2401 4040
2402 2345
2403 2457
2404 2821
2405 4184
2406 2465
2407 2576
2408 2588
2409 4104
2410 2792
2411 2903
2412 2672
2413 4232
2414 2959
2415 3049
2416 5571
2417 7224
2418 5896
2419 5745
2420 2596
2421 3980
2422 2356
2423 2235
2424 2772
2425 4132
2426 2484
2427 2363
2428 2540
2429 4052
2430 2811
2431 2690
2432 2619
2433 4175
2434 2974
2435 2831
2436 5568
2437 7218
2438 5961
2439 5578
2440 2846
2441 5122
2442 3305
2443 3198
2444 3017
2445 5268
2446 3427
2447 3320
2448 2818
2449 5222
2450 3788
2451 3680
2452 2945
2453 5393
2454 3999
2455 3869
2456 5894
2457 8435
2458 6986
2459 6616
2460 9131
2461 8611
2462 7773
2463 7712
2464 9624
2465 9075
2466 8214
2467 8038
2468 9585
2469 9189
2470 8669
2471 8493
2472 9764
2473 9411
2474 8931
2475 8692
2476 10190
2477 9940
2478 9475
2479 8995
2480 8881
2481 8356
2482 7588
2483 7289
2484 9382
2485 8829
2486 8037
2487 7624
2488 9362
2489 8962
2490 8512
2491 8098
2492 9585
2493 9229
2494 8818
2495 8341
2496 10158
2497 9904
2498 9508
2499 8791
2500 8496
2501 7962
2502 7233
2503 6947
2504 8991
2505 8428
2506 7676
2507 7276
2508 9004
2509 8595
2510 8184
2511 7784
2512 9302
2513 8936
2514 8564
2515 8101
2516 9904
2517 9641
2518 9284
2519 8580
2520 12480
2521 11947
2522 10899
2523 9757
2524 13071
2525 12510
2526 11427
2527 10129
2528 13317
2529 12908
2530 11915
2531 10599
2532 13411
2533 13046
2534 12092
2535 10713
2536 13067
2537 12746
2538 11945
2539 10621
2540 12571
2541 12035
2542 11056
2543 9913
2544 13171
2545 12606
2546 11593
2547 10294
2548 13440
2549 13028
2550 12103
2551 10787
2552 13582
2553 13213
2554 12329
2555 10949
2556 13415
2557 13089
2558 12357
2559 11033
2560 12180
2561 11634
2562 10873
2563 9744
2564 12774
2565 12199
2566 11404
2567 10119
2568 13076
2569 12655
2570 11948
2571 10646
2572 13292
2573 12914
2574 12247
2575 10881
2576 13160
2577 12825
2578 12311
2579 11001
2580 11400
2581 10846
2582 10228
2583 9129
2584 11958
2585 11376
2586 10730
2587 9476
2588 12308
2589 11878
2590 11321
2591 10080
2592 12120
2593 11734
2594 11246
2595 10015
2596 11811
2597 11468
2598 11132
2599 9956
2600 12203
2601 11645
2602 11158
2603 10059
2604 12770
2605 12183
2606 11669
2607 10414
2608 13142
2609 12709
2610 12283
2611 11041
2612 13003
2613 12613
2614 12255
2615 11024
2616 12869
2617 12523
2618 12318
2619 11142
2620 11963
2621 11396
2622 11126
2623 10008
2624 12524
2625 11928
2626 11632
2627 10358
2628 12930
2629 12487
2630 12279
2631 11018
2632 12816
2633 12416
2634 12277
2635 11026
2636 12718
2637 12362
2638 12375
2639 11180
2640 2968
2641 4231
2642 2726
2643 2838
2644 3136
2645 4374
2646 2847
2647 2957
2648 3137
2649 4590
2650 3469
2651 3580
2652 3400
2653 4897
2654 3816
2655 3905
2656 6200
2657 7791
2658 6654
2659 6503
2660 2972
2661 4231
2662 2798
2663 2678
2664 3148
2665 4383
2666 2927
2667 2805
2668 3149
2669 4599
2670 3549
2671 3428
2672 3408
2673 4901
2674 3892
2675 3749
2676 6258
2677 7845
2678 6779
2679 6396
2680 3081
2681 5232
2682 3606
2683 3500
2684 3252
2685 5378
2686 3729
2687 3621
2688 3286
2689 5628
2690 4385
2691 4277
2692 3593
2693 5978
2694 4775
2695 4646
2696 6443
2697 8921
2698 7663
2699 7293
2700 9293
2701 8937
2702 8121
2703 8025
2704 9780
2705 9397
2706 8557
2707 8347
2708 9773
2709 9604
2710 9106
2711 8896
2712 10163
2713 10038
2714 9579
2715 9305
2716 10442
2717 10419
2718 9975
2719 9461
2720 9452
2721 9093
2722 8346
2723 8013
2724 9948
2725 9561
2726 8790
2727 8343
2728 9960
2729 9788
2730 9359
2731 8911
2732 10395
2733 10265
2734 9876
2735 9365
2736 10820
2737 10793
2738 10419
2739 9667
2740 9095
2741 8726
2742 8019
2743 7699
2744 9585
2745 9188
2746 8457
2747 8023
2748 9631
2749 9449
2750 9059
2751 8625
2752 10139
2753 10000
2754 9650
2755 9152
2756 10594
2757 10558
2758 10222
2759 9484
2760 12657
2761 12331
2762 11305
2763 10128
2764 13244
2765 12889
2766 11828
2767 10495
2768 13521
2769 13382
2770 12409
2771 11059
2772 13830
2773 13733
2774 12801
2775 11387
2776 13330
2777 13277
2778 12497
2779 11139
2780 13234
2781 12904
2782 11947
2783 10770
2784 13829
2785 13470
2786 12479
2787 11146
2788 14130
2789 13986
2790 13083
2791 11733
2792 14486
2793 14385
2794 13522
2795 12108
2796 14162
2797 14105
2798 13395
2799 12036
2800 12889
2801 12549
2802 11810
2803 10646
2804 13478
2805 13110
2806 12336
2807 11017
2808 13812
2809 13659
2810 12974
2811 11637
2812 14241
2813 14132
2814 13486
2815 12086
2816 13953
2817 13887
2818 13394
2819 12049
2820 11435
2821 11087
2822 10490
2823 9357
2824 11988
2825 11612
2826 10988
2827 9699
2828 12369
2829 12208
2830 11673
2831 10397
2832 12396
2833 12278
2834 11811
2835 10545
2836 11930
2837 11855
2838 11541
2839 10331
2840 12710
2841 12359
2842 11893
2843 10760
2844 13272
2845 12892
2846 12400
2847 11110
2848 13677
2849 13512
2850 13108
2851 11831
2852 13751
2853 13629
2854 13293
2855 12027
2856 13461
2857 13383
2858 13200
2859 11989
2860 12516
2861 12155
2862 11907
2863 10755
2864 13072
2865 12683
2866 12408
2867 11100
2868 13510
2869 13336
2870 13149
2871 11854
2872 13610
2873 13479
2874 13360
2875 12076
2876 13355
2877 13268
2878 13302
2879 12073
2880 2015
2881 3332
2882 1295
2883 1523
2884 2256
2885 3573
2886 1500
2887 1613
2888 2226
2889 3696
2890 2030
2891 2153
2892 2310
2893 3780
2894 2106
2895 2208
2896 5228
2897 6792
2898 5063
2899 4924
2900 1881
2901 3194
2902 1229
2903 1224
2904 2130
2905 3443
2906 1442
2907 1323
2908 2101
2909 3567
2910 1972
2911 1863
2912 2180
2913 3646
2914 2043
2915 1913
2916 5148
2917 6708
2918 5050
2919 4679
2920 3907
2921 6112
2922 3889
2923 3851
2924 4156
2925 6361
2926 4101
2927 3950
2928 4117
2929 6474
2930 4622
2931 4480
2932 4244
2933 6601
2934 4741
2935 4578
2936 7212
2937 9664
2938 7747
2939 7344
2940 8727
2941 8697
2942 6633
2943 7103
2944 9151
2945 9117
2946 7017
2947 7260
2948 9499
2949 9618
2950 7859
2951 8112
2952 9742
2953 9860
2954 8094
2955 8283
2956 9504
2957 9725
2958 7973
2959 7922
2960 8361
2961 8327
2962 6333
2963 6565
2964 8794
2965 8755
2966 6725
2967 6730
2968 9161
2969 9276
2970 7586
2971 7601
2972 9448
2973 9562
2974 7865
2975 7817
2976 9356
2977 9573
2978 7891
2979 7602
2980 8372
2981 8328
2982 6308
2983 6508
2984 8805
2985 8757
2986 6700
2987 6673
2988 9162
2989 9267
2990 7551
2991 7534
2992 9522
2993 9627
2994 7904
2995 7823
2996 9460
2997 9668
2998 7959
2999 7639
3000 10163
3001 10189
3002 8097
3003 7469
3004 10637
3005 10658
3006 8519
3007 7622
3008 11417
3009 11592
3010 9541
3011 8636
3012 11632
3013 11807
3014 9748
3015 8780
3016 10533
3017 10751
3018 8845
3019 7932
3020 10222
3021 10244
3022 8221
3023 7593
3024 10705
3025 10722
3026 8652
3027 7754
3028 11508
3029 11679
3030 9697
3031 8792
3032 11771
3033 11941
3034 9952
3035 8984
3036 10848
3037 11062
3038 9225
3039 8312
3040 10406
3041 10418
3042 8548
3043 7888
3044 10888
3045 10897
3046 8979
3047 8049
3048 11682
3049 11843
3050 10014
3051 9077
3052 12018
3053 12179
3054 10342
3055 9342
3056 11131
3057 11335
3058 9651
3059 8706
3060 9100
3061 9286
3062 7438
3063 6699
3064 9541
3065 9723
3066 7835
3067 6827
3068 10044
3069 10379
3070 8580
3071 7595
3072 9792
3073 10127
3074 8348
3075 7374
3076 8727
3077 9105
3078 7479
3079 6560
3080 9871
3081 10053
3082 8336
3083 7597
3084 10320
3085 10498
3086 8742
3087 7733
3088 10847
3089 11178
3090 9510
3091 8525
3092 10642
3093 10973
3094 9326
3095 8351
3096 9753
3097 10128
3098 8633
3099 7714
3100 10252
3101 10425
3102 8861
3103 8057
3104 10702
3105 10870
3106 9266
3107 8193
3108 11218
3109 11539
3110 10024
3111 8974
3112 11039
3113 11360
3114 9865
3115 8826
3116 10185
3117 10550
3118 9208
3119 8224
3120 1966
3121 3302
3122 1254
3123 1365
3124 2207
3125 3543
3126 1459
3127 1456
3128 2178
3129 3667
3130 1989
3131 1996
3132 2213
3133 3702
3134 2016
3135 2002
3136 5281
3137 6864
3138 5123
3139 4868
3140 1832
3141 3164
3142 1188
3143 1067
3144 2081
3145 3414
3146 1401
3147 1165
3148 2052
3149 3537
3150 1931
3151 1706
3152 2082
3153 3568
3154 1953
3155 1707
3156 5201
3157 6780
3158 5111
3159 4623
3160 3858
3161 6082
3162 3847
3163 3694
3164 4108
3165 6331
3166 4060
3167 3793
3168 4068
3169 6445
3170 4580
3171 4323
3172 4146
3173 6523
3174 4651
3175 4372
3176 7265
3177 9736
3178 7808
3179 7289
3180 8217
3181 7553
3182 6377
3183 6314
3184 8707
3185 8039
3186 6827
3187 6537
3188 8839
3189 8324
3190 7453
3191 7173
3192 9079
3193 8564
3194 7685
3195 7341
3196 9710
3197 9298
3198 8433
3199 7850
3200 7915
3201 7247
3202 6140
3203 5840
3204 8413
3205 7742
3206 6598
3207 6071
3208 8565
3209 8046
3210 7244
3211 6726
3212 8849
3213 8331
3214 7520
3215 6940
3216 9627
3217 9211
3218 8415
3219 7594
3220 7890
3221 7213
3222 6079
3223 5747
3224 8388
3225 7707
3226 6537
3227 5978
3228 8529
3229 8001
3230 7173
3231 6623
3232 8887
3233 8359
3234 7522
3235 6910
3236 9695
3237 9269
3238 8447
3239 7594
3240 10819
3241 10208
3242 9003
3243 7842
3244 11361
3245 10746
3246 9494
3247 8064
3248 11849
3249 11387
3250 10223
3251 8786
3252 12061
3253 11599
3254 10427
3255 8927
3256 11752
3257 11334
3258 10315
3259 8870
3260 10942
3261 10327
3262 9191
3263 8031
3264 11493
3265 10874
3266 9691
3267 8261
3268 12004
3269 11538
3270 10443
3271 9006
3272 12264
3273 11798
3274 10695
3275 9195
3276 12132
3277 11709
3278 10759
3279 9314
3280 11090
3281 10465
3282 9482
3283 8289
3284 11641
3285 11012
3286 9982
3287 8519
3288 12141
3289 11666
3290 10723
3291 9254
3292 12475
3293 11999
3294 11049
3295 9517
3296 12378
3297 11946
3298 11148
3299 9671
3300 10049
3301 9598
3302 8637
3303 7521
3304 10558
3305 10104
3306 9103
3307 7717
3308 10769
3309 10467
3310 9555
3311 8192
3312 10699
3313 10398
3314 9506
3315 8154
3316 10425
3317 10166
3318 9428
3319 8131
3320 10884
3321 10429
3322 9600
3323 8483
3324 11402
3325 10943
3326 10074
3327 8688
3328 11635
3329 11330
3330 10549
3331 9186
3332 11614
3333 11308
3334 10548
3335 9196
3336 11515
3337 11253
3338 10646
3339 9348
3340 11229
3341 10765
3342 10088
3343 8906
3344 11747
3345 11279
3346 10562
3347 9111
3348 11970
3349 11655
3350 11027
3351 9599
3352 11974
3353 11659
3354 11051
3355 9634
3356 11911
3357 11640
3358 11185
3359 9822
3360 2020
3361 3356
3362 1867
3363 1961
3364 2265
3365 3601
3366 2076
3367 2083
3368 2087
3369 3576
3370 2457
3371 2474
3372 2122
3373 3611
3374 2484
3375 2480
3376 5190
3377 6773
3378 5591
3379 5347
3380 1854
3381 3186
3382 1769
3383 1631
3384 2108
3385 3440
3386 1986
3387 1761
3388 1929
3389 3415
3390 2367
3391 2152
3392 1960
3393 3445
3394 2390
3395 2153
3396 5079
3397 6658
3398 5547
3399 5070
3400 2227
3401 4451
3402 2775
3403 2624
3404 2475
3405 4699
3406 2986
3407 2748
3408 2287
3409 4663
3410 3358
3411 3129
3412 2365
3413 4742
3414 3428
3415 3178
3416 5484
3417 7954
3418 6585
3419 6095
3420 8390
3421 7726
3422 7109
3423 7030
3424 8912
3425 8244
3426 7590
3427 7311
3428 8895
3429 8380
3430 8067
3431 7798
3432 9135
3433 8620
3434 8299
3435 7967
3436 9766
3437 9354
3438 9048
3439 8475
3440 8057
3441 7389
3442 6841
3443 6524
3444 8586
3445 7915
3446 7330
3447 6813
3448 8589
3449 8070
3450 7827
3451 7320
3452 8873
3453 8355
3454 8103
3455 7533
3456 9651
3457 9235
3458 8998
3459 8188
3460 7925
3461 7248
3462 6673
3463 6343
3464 8449
3465 7768
3466 7157
3467 6627
3468 8441
3469 7913
3470 7643
3471 7123
3472 8799
3473 8271
3474 7993
3475 7409
3476 9607
3477 9181
3478 8918
3479 8094
3480 11146
3481 10535
3482 9889
3483 8749
3484 11739
3485 11124
3486 10430
3487 9048
3488 12077
3489 11615
3490 11010
3491 9620
3492 12290
3493 11828
3494 11215
3495 9762
3496 11981
3497 11563
3498 11102
3499 9704
3500 11238
3501 10623
3502 10046
3503 8905
3504 11839
3505 11220
3506 10596
3507 9213
3508 12201
3509 11735
3510 11199
3511 9809
3512 12461
3513 11995
3514 11451
3515 9998
3516 12329
3517 11906
3518 11515
3519 10117
3520 11229
3521 10605
3522 10180
3523 9026
3524 11825
3525 11196
3526 10724
3527 9328
3528 12176
3529 11701
3530 11317
3531 9913
3532 12510
3533 12035
3534 11643
3535 10176
3536 12413
3537 11981
3538 11742
3539 10330
3540 10400
3541 9949
3542 9547
3543 8450
3544 10959
3545 10504
3546 10063
3547 8724
3548 11087
3549 10785
3550 10432
3551 9117
3552 11018
3553 10716
3554 10384
3555 9078
3556 10743
3557 10485
3558 10305
3559 9055
3560 11203
3561 10748
3562 10478
3563 9381
3564 11771
3565 11312
3566 11002
3567 9663
3568 11922
3569 11616
3570 11395
3571 10079
3572 11901
3573 11595
3574 11394
3575 10088
3576 11802
3577 11540
3578 11491
3579 10241
3580 11429
3581 10964
3582 10846
3583 9703
3584 11991
3585 11523
3586 11365
3587 9979
3588 12132
3589 11817
3590 11747
3591 10385
3592 12136
3593 11821
3594 11772
3595 10420
3596 12073
3597 11801
3598 11905
3599 10608
3600 1984
3601 3320
3602 1762
3603 1845
3604 2258
3605 3594
3606 1999
3607 1995
3608 2080
3609 3569
3610 2381
3611 2386
3612 2107
3613 3596
3614 2408
3615 2392
3616 5175
3617 6758
3618 5515
3619 5258
3620 1950
3621 3282
3622 1795
3623 1646
3624 2232
3625 3564
3626 2041
3627 1804
3628 2054
3629 3539
3630 2422
3631 2196
3632 2076
3633 3561
3634 2445
3635 2197
3636 5195
3637 6774
3638 5602
3639 5113
3640 2244
3641 4468
3642 2788
3643 2652
3644 2521
3645 4744
3646 3028
3647 2805
3648 2332
3649 4709
3650 3399
3651 3186
3652 2402
3653 4779
3654 3469
3655 3235
3656 5521
3657 7992
3658 6626
3659 6152
3660 8536
3661 7897
3662 7210
3663 7119
3664 9086
3665 8443
3666 7720
3667 7429
3668 9069
3669 8579
3670 8197
3671 7916
3672 9275
3673 8785
3674 8403
3675 8058
3676 9906
3677 9519
3678 9152
3679 8567
3680 8336
3681 7693
3682 7076
3683 6748
3684 8894
3685 8247
3686 7594
3687 7065
3688 8897
3689 8403
3690 8090
3691 7571
3692 9147
3693 8653
3694 8340
3695 7758
3696 9925
3697 9533
3698 9235
3699 8413
3700 8015
3701 7363
3702 6785
3703 6470
3704 8568
3705 7912
3706 7297
3707 6782
3708 8560
3709 8057
3710 7783
3711 7278
3712 8884
3713 8381
3714 8107
3715 7539
3716 9692
3717 9291
3718 9032
3719 8223
3720 11294
3721 10708
3722 9974
3723 8822
3724 11915
3725 11325
3726 10544
3727 9149
3728 12253
3729 11816
3730 11124
3731 9722
3732 12432
3733 11995
3734 11302
3735 9837
3736 12123
3737 11730
3738 11190
3739 9780
3740 11529
3741 10939
3742 10275
3743 9122
3744 12159
3745 11564
3746 10853
3747 9458
3748 12520
3749 12079
3750 11456
3751 10054
3752 12746
3753 12305
3754 11682
3755 10217
3756 12614
3757 12216
3758 11746
3759 10336
3760 11332
3761 10732
3762 10285
3763 9146
3764 11955
3765 11352
3766 10858
3767 9476
3768 12307
3769 11856
3770 11451
3771 10062
3772 12606
3773 12156
3774 11750
3775 10299
3776 12509
3777 12103
3778 11850
3779 10453
3780 10546
3781 10120
3782 9631
3783 8522
3784 11134
3785 10704
3786 10175
3787 8824
3788 11262
3789 10985
3790 10545
3791 9217
3792 11159
3793 10882
3794 10470
3795 9152
3796 10884
3797 10650
3798 10391
3799 9129
3800 11493
3801 11062
3802 10705
3803 9596
3804 12089
3805 11655
3806 11258
3807 9906
3808 12240
3809 11959
3810 11650
3811 10322
3812 12185
3813 11904
3814 11623
3815 10305
3816 12086
3817 11849
3818 11721
3819 10458
3820 11452
3821 11012
3822 10872
3823 9745
3824 12043
3825 11599
3826 11419
3827 10049
3828 12184
3829 11893
3830 11802
3831 10455
3832 12154
3833 11863
3834 11800
3835 10464
3836 12091
3837 11844
3838 11933
3839 10652
3840 1970
3841 3306
3842 1955
3843 2067
3844 2253
3845 3564
3846 2172
3847 2186
3848 2127
3849 3592
3850 2606
3851 2621
3852 2154
3853 3619
3854 2633
3855 2626
3856 5223
3857 6781
3858 5740
3859 5493
3860 1935
3861 3268
3862 1989
3863 1868
3864 2227
3865 3534
3866 2214
3867 1996
3868 2102
3869 3562
3870 2648
3871 2430
3872 2124
3873 3585
3874 2670
3875 2431
3876 5243
3877 6797
3878 5828
3879 5348
3880 2186
3881 4409
3882 2937
3883 2831
3884 2472
3885 4671
3886 3157
3887 2953
3888 2380
3889 4732
3890 3625
3891 3420
3892 2450
3893 4802
3894 3695
3895 3469
3896 5569
3897 8015
3898 6852
3899 6386
3900 8569
3901 7921
3902 7442
3903 7381
3904 9222
3905 8545
3906 8025
3907 7752
3908 9290
3909 8767
3910 8587
3911 8315
3912 9469
3913 8946
3914 8766
3915 8431
3916 10066
3917 9645
3918 9480
3919 8904
3920 8378
3921 7725
3922 7316
3923 7017
3924 9039
3925 8358
3926 7907
3927 7397
3928 9126
3929 8599
3930 8488
3931 7979
3932 9350
3933 8822
3934 8712
3935 8139
3936 10092
3937 9668
3938 9572
3939 8759
3940 7992
3941 7331
3942 6961
3943 6675
3944 8648
3945 7958
3946 7545
3947 7050
3948 8769
3949 8232
3950 8161
3951 7665
3952 9066
3953 8529
3954 8458
3955 7898
3956 9838
3957 9404
3958 9348
3959 8548
3960 11443
3961 10782
3962 10257
3963 9114
3964 12194
3965 11505
3966 10927
3967 9532
3968 12627
3969 12091
3970 11601
3971 10189
3972 12779
3973 12243
3974 11753
3975 10278
3976 12435
3977 11943
3978 11605
3979 10185
3980 11686
3981 11021
3982 10565
3983 9423
3984 12446
3985 11753
3986 11244
3987 9849
3988 12902
3989 12362
3990 11942
3991 10529
3992 13102
3993 12562
3994 12141
3995 10666
3996 12934
3997 12438
3998 12170
3999 10749
4000 11424
4001 10750
4002 10512
4003 9383
4004 12178
4005 11476
4006 11184
4007 9803
4008 12668
4009 12119
4010 11916
4011 10517
4012 12941
4013 12392
4014 12189
4015 10727
4016 12809
4017 12303
4018 12253
4019 10846
4020 10677
4021 10177
4022 9896
4023 8797
4024 11395
4025 10867
4026 10540
4027 9189
4028 11646
4029 11270
4030 11032
4031 9694
4032 11516
4033 11140
4034 10930
4035 9603
4036 11206
4037 10874
4038 10817
4039 9545
4040 11632
4041 11128
4042 10978
4043 9879
4044 12359
4045 11826
4046 11631
4047 10280
4048 12632
4049 12252
4050 12146
4051 10808
4052 12550
4053 12170
4054 12092
4055 10764
4056 12416
4057 12080
4058 12155
4059 10882
4060 11527
4061 11013
4062 11081
4063 9963
4064 12248
4065 11706
4066 11728
4067 10358
4068 12555
4069 12166
4070 12277
4071 10920
4072 12498
4073 12109
4074 12248
4075 10902
4076 12400
4077 12054
4078 12346
4079 11055
4080 2312
4081 3565
4082 2405
4083 2517
4084 2595
4085 3823
4086 2622
4087 2636
4088 2095
4089 3538
4090 2744
4091 2758
4092 2302
4093 3745
4094 2950
4095 2943
4096 5271
4097 6808
4098 5958
4099 5710
4100 2339
4101 3587
4102 2500
4103 2379
4104 2630
4105 3854
4106 2725
4107 2507
4108 2130
4109 3569
4110 2846
4111 2628
4112 2332
4113 3771
4114 3048
4115 2809
4116 5351
4117 6884
4118 6106
4119 5626
4120 2448
4121 4588
4122 3308
4123 3201
4124 2734
4125 4850
4126 3527
4127 3323
4128 2267
4129 4598
4130 3682
4131 3478
4132 2517
4133 4848
4134 3932
4135 3706
4136 5537
4137 7961
4138 6990
4139 6524
4140 8463
4141 8021
4142 7564
4143 7468
4144 9111
4145 8641
4146 8142
4147 7835
4148 8603
4149 8348
4150 8190
4151 7883
4152 8993
4153 8738
4154 8580
4155 8210
4156 9442
4157 9289
4158 9146
4159 8536
4160 8682
4161 8236
4162 7848
4163 7515
4164 9338
4165 8864
4166 8434
4167 7890
4168 8849
4169 8590
4170 8501
4171 7957
4172 9283
4173 9024
4174 8935
4175 8328
4176 9879
4177 9722
4178 9648
4179 8800
4180 8325
4181 7870
4182 7521
4183 7201
4184 8975
4185 8492
4186 8101
4187 7571
4188 8520
4189 8251
4190 8201
4191 7671
4192 9027
4193 8759
4194 8709
4195 8115
4196 9653
4197 9487
4198 9452
4199 8617
4200 11244
4201 10832
4202 10328
4203 9151
4204 11991
4205 11550
4206 10993
4207 9564
4208 11848
4209 11622
4210 11153
4211 9707
4212 12213
4213 11987
4214 11519
4215 10009
4216 11713
4217 11531
4218 11215
4219 9760
4220 11973
4221 11556
4222 11122
4223 9945
4224 12728
4225 12283
4226 11795
4227 10366
4228 12608
4229 12378
4230 11979
4231 10532
4232 13021
4233 12791
4234 12392
4235 10882
4236 12697
4237 12511
4238 12264
4239 10809
4240 11757
4241 11331
4242 11114
4243 9951
4244 12506
4245 12052
4246 11782
4247 10366
4248 12419
4249 12180
4250 11998
4251 10566
4252 12906
4253 12667
4254 12485
4255 10989
4256 12618
4257 12422
4258 12393
4259 10952
4260 10336
4261 10083
4262 9824
4263 8690
4264 11050
4265 10769
4266 10464
4267 9078
4268 10723
4269 10657
4270 10441
4271 9068
4272 10806
4273 10741
4274 10553
4275 9191
4276 10340
4277 10318
4278 10283
4279 8976
4280 11763
4281 11507
4282 11378
4283 10245
4284 12485
4285 12200
4286 12027
4287 10641
4288 12182
4289 12112
4290 12027
4291 10655
4292 12313
4293 12243
4294 12187
4295 10825
4296 12024
4297 11997
4298 12093
4299 10786
4300 11704
4301 11438
4302 11527
4303 10375
4304 12421
4305 12126
4306 12170
4307 10766
4308 12151
4309 12071
4310 12204
4311 10813
4312 12307
4313 12228
4314 12389
4315 11008
4316 12053
4317 12018
4318 12331
4319 11005
4320 1590
4321 2976
4322 1132
4323 1472
4324 1827
4325 3212
4326 1287
4327 1400
4328 2356
4329 3742
4330 2072
4331 2049
4332 2440
4333 3825
4334 2148
4335 2103
4336 5358
4337 6837
4338 5104
4339 4965
4340 1373
4341 2773
4342 1002
4343 1109
4344 1622
4345 3023
4346 1170
4347 1050
4348 2151
4349 3552
4350 1954
4351 1699
4352 2230
4353 3631
4354 2025
4355 1748
4356 5199
4357 6694
4358 5032
4359 4661
4360 3379
4361 5697
4362 3490
4363 3565
4364 3628
4365 5947
4366 3658
4367 3507
4368 4147
4369 6466
4370 4433
4371 4145
4372 4274
4373 6593
4374 4552
4375 4242
4376 7243
4377 9655
4378 7558
4379 7155
4380 7715
4381 7777
4382 6329
4383 6911
4384 8186
4385 8243
4386 6713
4387 6956
4388 9092
4389 9150
4390 7810
4391 7916
4392 9435
4393 9493
4394 8145
4395 8188
4396 9197
4397 9357
4398 8025
4399 7973
4400 7238
4401 7314
4402 5935
4403 6281
4404 7721
4405 7793
4406 6333
4407 6338
4408 8647
4409 8719
4410 7449
4411 7318
4412 9034
4413 9107
4414 7828
4415 7634
4416 8942
4417 9118
4418 7854
4419 7566
4420 7227
4421 7321
4422 5739
4423 6052
4424 7710
4425 7800
4426 6136
4427 6109
4428 8626
4429 8716
4430 7242
4431 7079
4432 9087
4433 9177
4434 7695
4435 7468
4436 9025
4437 9218
4438 7751
4439 7430
4440 7745
4441 7727
4442 6544
4443 7015
4444 8307
4445 8285
4446 7009
4447 7099
4448 9665
4449 9644
4450 8305
4451 8241
4452 10143
4453 10122
4454 8776
4455 8648
4456 9044
4457 9066
4458 7873
4459 7947
4460 7639
4461 7637
4462 6523
4463 6993
4464 8214
4465 8208
4466 7001
4467 7090
4468 9596
4469 9589
4470 8320
4471 8256
4472 10122
4473 10115
4474 8838
4475 8711
4476 9199
4477 9236
4478 8112
4479 8185
4480 7729
4481 7743
4482 6605
4483 7043
4484 8304
4485 8315
4486 7083
4487 7140
4488 9675
4489 9686
4490 8392
4491 8296
4492 10275
4493 10286
4494 8984
4495 8824
4496 9388
4497 9442
4498 8292
4499 8334
4500 6830
4501 7006
4502 6067
4503 6427
4504 7418
4505 7589
4506 6565
4507 6544
4508 8513
4509 8684
4510 7598
4511 7453
4512 8524
4513 8695
4514 7629
4515 7495
4516 7459
4517 7674
4518 6760
4519 6828
4520 7436
4521 7627
4522 6819
4523 7179
4524 8036
4525 8223
4526 7331
4527 7309
4528 9155
4529 9342
4530 8387
4531 8242
4532 9214
4533 9400
4534 8466
4535 8331
4536 8325
4537 8555
4538 7773
4539 7840
4540 7763
4541 7971
4542 7138
4543 7433
4544 8363
4545 8567
4546 7649
4547 7563
4548 9472
4549 9675
4550 8695
4551 8486
4552 9556
4553 9760
4554 8800
4555 8601
4556 8702
4557 8950
4558 8143
4559 8145
4560 1541
4561 2946
4562 1091
4563 1314
4564 1778
4565 3183
4566 1246
4567 1243
4568 2307
4569 3712
4570 2031
4571 1891
4572 2342
4573 3747
4574 2058
4575 1897
4576 5411
4577 6909
4578 5165
4579 4910
4580 1324
4581 2744
4582 960
4583 952
4584 1574
4585 2994
4586 1128
4587 893
4588 2103
4589 3523
4590 1913
4591 1541
4592 2133
4593 3553
4594 1936
4595 1542
4596 5252
4597 6766
4598 5093
4599 4606
4600 3330
4601 5668
4602 3449
4603 3408
4604 3580
4605 5918
4606 3617
4607 3349
4608 4099
4609 6437
4610 4391
4611 3987
4612 4177
4613 6515
4614 4462
4615 4036
4616 7296
4617 9728
4618 7619
4619 7100
4620 7431
4621 6859
4622 6298
4623 6348
4624 7967
4625 7391
4626 6749
4627 6459
4628 8658
4629 8082
4630 7629
4631 7203
4632 8998
4633 8423
4634 7962
4635 7473
4636 9630
4637 9157
4638 8711
4639 8127
4640 7018
4641 6461
4642 5969
4643 5782
4644 7566
4645 7006
4646 6432
4647 5905
4648 8276
4649 7716
4650 7332
4651 6669
4652 8662
4653 8101
4654 7710
4655 6983
4656 9439
4657 8981
4658 8605
4659 7784
4660 6971
4661 6431
4662 5736
4663 5517
4664 7520
4665 6976
4666 6199
4667 5640
4668 8220
4669 7676
4670 7089
4671 6393
4672 8678
4673 8135
4674 7540
4675 6781
4676 9486
4677 9045
4678 8465
4679 7612
4680 8669
4681 8015
4682 7719
4683 7657
4684 9300
4685 8642
4686 8253
4687 7810
4688 10365
4689 9707
4690 9256
4691 8659
4692 10841
4693 10183
4694 9724
4695 9064
4696 10532
4697 9918
4698 9611
4699 9153
4700 8628
4701 7989
4702 7762
4703 7700
4704 9271
4705 8629
4706 8309
4707 7866
4708 10360
4709 9717
4710 9335
4711 8738
4712 10884
4713 10241
4714 9851
4715 9191
4716 10751
4717 10152
4718 9914
4719 9456
4720 8681
4721 8059
4722 7808
4723 7714
4724 9325
4725 8699
4726 8355
4727 7879
4728 10403
4729 9778
4730 9371
4731 8742
4732 11000
4733 10375
4734 9960
4735 9267
4736 10904
4737 10321
4738 10059
4739 9568
4740 8048
4741 7587
4742 7535
4743 7517
4744 8704
4745 8239
4746 8102
4747 7702
4748 9506
4749 9041
4750 8842
4751 8319
4752 9700
4753 9235
4754 9056
4755 8544
4756 9425
4757 9004
4758 8978
4759 8667
4760 8718
4761 8272
4762 8352
4763 8334
4764 9387
4765 8937
4766 8932
4767 8532
4768 10212
4769 9763
4770 9695
4771 9172
4772 10454
4773 10005
4774 9957
4775 9445
4776 10356
4777 9950
4778 10055
4779 9744
4780 9008
4781 8579
4782 8634
4783 8552
4784 9677
4785 9244
4786 9214
4787 8750
4788 10493
4789 10060
4790 9967
4791 9379
4792 10760
4793 10327
4794 10255
4795 9678
4796 10697
4797 10308
4798 10388
4799 10012
4800 1912
4801 3317
4802 1527
4803 1735
4804 2153
4805 3558
4806 1687
4807 1694
4808 2634
4809 4039
4810 2423
4811 2294
4812 2669
4813 4074
4814 2450
4815 2300
4816 5737
4817 7236
4818 5557
4819 5313
4820 1663
4821 3083
4822 1365
4823 1340
4824 1917
4825 3337
4826 1537
4827 1313
4828 2398
4829 3818
4830 2274
4831 1913
4832 2428
4833 3848
4834 2296
4835 1914
4836 5547
4837 7061
4838 5454
4839 4977
4840 2016
4841 4353
4842 2200
4843 2162
4844 2264
4845 4602
4846 2367
4847 2128
4848 2735
4849 5073
4850 3093
4851 2718
4852 2813
4853 5151
4854 3164
4855 2767
4856 5932
4857 8364
4858 6321
4859 5831
4860 7844
4861 7272
4862 6777
4863 6811
4864 8411
4865 7835
4866 7259
4867 6980
4868 9054
4869 8478
4870 8091
4871 7676
4872 9394
4873 8818
4874 8424
4875 7945
4876 10026
4877 9552
4878 9173
4879 8600
4880 7399
4881 6842
4882 6416
4883 6213
4884 7979
4885 7418
4886 6911
4887 6394
4888 8641
4889 8080
4890 7763
4891 7110
4892 9026
4893 8465
4894 8140
4895 7424
4896 9803
4897 9345
4898 9035
4899 8225
4900 7245
4901 6706
4902 6077
4903 5859
4904 7820
4905 7276
4906 6566
4907 6035
4908 8472
4909 7928
4910 7407
4911 6740
4912 8930
4913 8387
4914 7858
4915 7128
4916 9738
4917 9297
4918 8783
4919 7959
4920 9453
4921 8799
4922 8569
4923 8528
4924 10134
4925 9476
4926 9154
4927 8757
4928 11151
4929 10493
4930 10108
4931 9558
4932 11627
4933 10969
4934 10576
4935 9963
4936 11319
4937 10704
4938 10463
4939 10052
4940 9380
4941 8741
4942 8580
4943 8539
4944 10074
4945 9431
4946 9178
4947 8781
4948 11114
4949 10472
4950 10156
4951 9606
4952 11638
4953 10995
4954 10671
4955 10058
4956 11506
4957 10907
4958 10735
4959 10323
4960 9277
4961 8656
4962 8470
4963 8415
4964 9966
4965 9340
4966 9062
4967 8651
4968 10996
4969 10370
4970 10029
4971 9466
4972 11593
4973 10967
4974 10619
4975 9992
4976 11496
4977 10914
4978 10718
4979 10292
4980 8839
4981 8377
4982 8392
4983 8394
4984 9545
4985 9080
4986 9009
4987 8656
4988 10365
4989 9900
4990 9767
4991 9291
4992 10559
4993 10094
4994 9982
4995 9517
4996 10285
4997 9863
4998 9903
4999 9639
5000 9477
5001 9031
5002 9177
5003 9179
5004 10196
5005 9746
5006 9807
5007 9454
5008 11040
5009 10590
5010 10588
5011 10112
5012 11282
5013 10832
5014 10851
5015 10385
5016 11183
5017 10777
5018 10948
5019 10684
5020 9648
5021 9219
5022 9340
5023 9296
5024 10361
5025 9928
5026 9964
5027 9565
5028 11195
5029 10762
5030 10735
5031 10213
5032 11462
5033 11029
5034 11023
5035 10511
5036 11399
5037 11010
5038 11156
5039 10846
5040 1881
5041 3285
5042 1452
5043 1647
5044 2129
5045 3534
5046 1619
5047 1614
5048 2610
5049 4015
5050 2356
5051 2215
5052 2637
5053 4042
5054 2383
5055 2220
5056 5706
5057 7205
5058 5489
5059 5233
5060 1763
5061 3183
5062 1421
5063 1384
5064 2025
5065 3445
5066 1601
5067 1364
5068 2506
5069 3926
5070 2338
5071 1965
5072 2528
5073 3948
5074 2360
5075 1966
5076 5647
5077 7161
5078 5517
5079 5029
5080 1987
5081 4325
5082 2193
5083 2169
5084 2243
5085 4581
5086 2367
5087 2144
5088 2713
5089 5051
5090 3093
5091 2734
5092 2784
5093 5122
5094 3164
5095 2783
5096 5903
5097 8334
5098 6321
5099 5846
5100 7913
5101 7366
5102 6826
5103 6848
5104 8488
5105 7937
5106 7316
5107 7025
5108 9130
5109 8579
5110 8148
5111 7721
5112 9437
5113 8886
5114 8455
5115 7964
5116 10068
5117 9620
5118 9204
5119 8619
5120 7601
5121 7069
5122 6600
5123 6384
5124 8189
5125 7653
5126 7102
5127 6573
5128 8851
5129 8315
5130 7954
5131 7289
5132 9202
5133 8666
5134 8305
5135 7576
5136 9980
5137 9547
5138 9200
5139 8377
5140 7209
5141 6694
5142 6086
5143 5884
5144 7791
5145 7273
5146 6583
5147 6068
5148 8443
5149 7924
5150 7424
5151 6773
5152 8868
5153 8349
5154 7849
5155 7134
5156 9675
5157 9259
5158 8774
5159 7965
5160 9702
5161 9072
5162 8780
5163 8726
5164 10390
5165 9757
5166 9372
5167 8964
5168 11407
5169 10774
5170 10326
5171 9765
5172 11849
5173 11216
5174 10768
5175 10143
5176 11541
5177 10951
5178 10656
5179 10232
5180 9772
5181 9158
5182 8934
5183 8881
5184 10473
5185 9855
5186 9539
5187 9131
5188 11514
5189 10896
5190 10517
5191 9955
5192 12003
5193 11385
5194 11007
5195 10382
5196 11871
5197 11297
5198 11071
5199 10647
5200 9430
5201 8833
5202 8650
5203 8610
5204 10126
5205 9525
5206 9249
5207 8855
5208 11156
5209 10555
5210 10217
5211 9669
5212 11719
5213 11118
5214 10780
5215 10169
5216 11622
5217 11065
5218 10879
5219 10469
5220 9060
5221 8624
5222 8576
5223 8567
5224 9774
5225 9334
5226 9201
5227 8836
5228 10595
5229 10154
5230 9959
5231 9471
5232 10755
5233 10315
5234 10148
5235 9670
5236 10480
5237 10083
5238 10069
5239 9793
5240 9842
5241 9421
5242 9504
5243 9495
5244 10569
5245 10144
5246 10142
5247 9777
5248 11413
5249 10988
5250 10923
5251 10436
5252 11621
5253 11196
5254 11160
5255 10682
5256 11522
5257 11141
5258 11257
5259 10982
5260 9697
5261 9293
5262 9416
5263 9388
5264 10418
5265 10010
5266 10048
5267 9665
5268 11251
5269 10843
5270 10820
5271 10313
5272 11485
5273 11077
5274 11082
5275 10585
5276 11422
5277 11058
5278 11215
5279 10920
5280 1934
5281 3339
5282 1500
5283 1724
5284 2143
5285 3523
5286 1596
5287 1610
5288 2540
5289 3920
5290 2249
5291 2117
5292 2567
5293 3947
5294 2276
5295 2123
5296 5635
5297 7109
5298 5383
5299 5135
5300 1817
5301 3237
5302 1469
5303 1461
5304 2038
5305 3433
5306 1578
5307 1360
5308 2435
5309 3831
5310 2231
5311 1867
5312 2457
5313 3853
5314 2253
5315 1868
5316 5576
5317 7066
5318 5411
5319 4931
5320 1997
5321 4335
5322 2197
5323 2202
5324 2212
5325 4526
5326 2300
5327 2096
5328 2643
5329 4956
5330 2986
5331 2636
5332 2713
5333 5027
5334 3057
5335 2685
5336 5832
5337 8239
5338 6214
5339 5748
5340 8014
5341 7458
5342 6913
5343 6964
5344 8642
5345 8058
5346 7425
5347 7153
5348 9233
5349 8648
5350 8206
5351 7788
5352 9513
5353 8928
5354 8486
5355 8004
5356 10110
5357 9627
5358 9200
5359 8624
5360 7711
5361 7170
5362 6694
5363 6508
5364 8352
5365 7783
5366 7219
5367 6710
5368 8962
5369 8393
5370 8020
5371 7364
5372 9287
5373 8717
5374 8344
5375 7625
5376 10029
5377 9562
5378 9204
5379 8391
5380 7255
5381 6731
5382 6117
5383 5944
5384 7890
5385 7337
5386 6636
5387 6140
5388 8533
5389 7981
5390 7470
5391 6827
5392 8931
5393 8379
5394 7867
5395 7162
5396 9704
5397 9254
5398 8757
5399 7958
5400 9918
5401 9215
5402 8917
5403 8873
5404 10688
5405 9956
5406 9559
5407 9151
5408 11663
5409 10931
5410 10472
5411 9900
5412 12078
5413 11346
5414 10887
5415 10252
5416 11734
5417 11046
5418 10739
5419 10306
5420 9997
5421 9309
5422 9079
5423 9036
5424 10779
5425 10062
5426 9735
5427 9326
5428 11777
5429 11061
5430 10671
5431 10099
5432 12240
5433 11524
5434 11134
5435 10498
5436 12073
5437 11400
5438 11162
5439 10728
5440 9591
5441 8920
5442 8731
5443 8701
5444 10367
5445 9668
5446 9381
5447 8986
5448 11399
5449 10699
5450 10350
5451 9792
5452 11935
5453 11236
5454 10886
5455 10265
5456 11803
5457 11147
5458 10950
5459 10530
5460 9260
5461 8749
5462 8695
5463 8696
5464 10054
5465 9515
5466 9371
5467 9006
5468 10860
5469 10321
5470 10114
5471 9617
5472 10993
5473 10455
5474 10276
5475 9789
5476 10684
5477 10188
5478 10162
5479 9876
5480 10050
5481 9554
5482 9632
5483 9632
5484 10857
5485 10333
5486 10320
5487 9955
5488 11686
5489 11163
5490 11087
5491 10589
5492 11867
5493 11344
5494 11296
5495 10809
5496 11734
5497 11254
5498 11359
5499 11073
5500 9840
5501 9362
5502 9480
5503 9461
5504 10642
5505 10135
5506 10162
5507 9778
5508 11504
5509 10998
5510 10962
5511 10445
5512 11711
5513 11204
5514 11197
5515 10691
5516 11613
5517 11150
5518 11295
5519 10990
5520 2328
5521 3649
5522 2020
5523 2245
5524 2536
5525 3833
5526 2117
5527 2131
5528 2558
5529 3917
5530 2456
5531 2325
5532 2451
5533 3810
5534 2349
5535 2196
5536 5420
5537 6873
5538 5357
5539 5110
5540 2271
5541 3607
5542 2050
5543 2042
5544 2492
5545 3804
5546 2160
5547 1942
5548 2514
5549 3888
5550 2499
5551 2135
5552 2402
5553 3776
5554 2388
5555 2002
5556 5422
5557 6890
5558 5446
5559 4966
5560 2310
5561 4564
5562 2637
5563 2643
5564 2525
5565 4755
5566 2741
5567 2537
5568 2581
5569 4873
5570 3114
5571 2764
5572 2517
5573 4809
5574 3050
5575 2678
5576 5537
5577 7923
5578 6108
5579 5642
5580 7857
5581 7507
5582 7003
5583 7020
5584 8481
5585 8102
5586 7511
5587 7204
5588 8495
5589 8178
5590 7777
5591 7324
5592 8672
5593 8355
5594 7954
5595 7438
5596 9121
5597 8907
5598 8520
5599 7910
5600 7964
5601 7629
5602 7194
5603 6973
5604 8600
5605 8237
5606 7715
5607 7171
5608 8634
5609 8333
5610 8000
5611 7310
5612 8855
5613 8554
5614 8222
5615 7468
5616 9450
5617 9252
5618 8934
5619 8086
5620 7535
5621 7218
5622 6645
5623 6437
5624 8166
5625 7820
5626 7159
5627 6629
5628 8233
5629 7949
5630 7478
5631 6802
5632 8528
5633 8243
5634 7773
5635 7033
5636 9153
5637 8971
5638 8516
5639 7682
5640 9656
5641 9200
5642 8943
5643 8865
5644 10421
5645 9937
5646 9581
5647 9138
5648 10819
5649 10397
5650 9979
5651 9373
5652 11134
5653 10712
5654 10294
5655 9624
5656 10634
5657 10256
5658 9990
5659 9522
5660 10219
5661 9779
5662 9591
5663 9513
5664 10997
5665 10528
5666 10242
5667 9799
5668 11419
5669 11012
5670 10663
5671 10057
5672 11781
5673 11375
5674 11026
5675 10356
5676 11458
5677 11095
5678 10898
5679 10430
5680 9859
5681 9436
5682 9288
5683 9224
5684 10631
5685 10180
5686 9933
5687 9504
5688 11086
5689 10696
5690 10388
5691 9795
5692 11522
5693 11133
5694 10824
5695 10168
5696 11234
5697 10888
5698 10732
5699 10278
5700 8854
5701 8591
5702 8578
5703 8545
5704 9644
5705 9353
5706 9249
5707 8850
5708 9873
5709 9644
5710 9478
5711 8946
5712 9906
5713 9677
5714 9540
5715 9018
5716 9440
5717 9255
5718 9270
5719 8950
5720 10117
5721 9869
5722 9988
5723 9954
5724 10919
5725 10644
5726 10671
5727 10272
5728 11172
5729 10958
5730 10923
5731 10391
5732 11253
5733 11039
5734 11033
5735 10511
5736 10963
5737 10793
5738 10939
5739 10619
5740 9953
5741 9723
5742 9881
5743 9828
5744 10750
5745 10491
5746 10559
5747 10141
5748 11036
5749 10839
5750 10845
5751 10294
5752 11142
5753 10945
5754 10979
5755 10439
5756 10888
5757 10735
5758 10921
5759 10582
5760 1517
5761 2903
5762 1059
5763 1401
5764 1690
5765 3075
5766 1150
5767 1256
5768 1729
5769 3115
5770 1445
5771 1404
5772 1833
5773 3219
5774 1542
5775 1479
5776 4752
5777 6231
5778 4498
5779 4341
5780 1270
5781 2671
5782 899
5783 1009
5784 1456
5785 2857
5786 1003
5787 877
5788 1495
5789 2896
5790 1298
5791 1024
5792 1595
5793 2996
5794 1390
5795 1095
5796 4563
5797 6058
5798 4397
5799 4007
5800 3296
5801 5615
5802 3407
5803 3484
5804 3481
5805 5800
5806 3511
5807 3353
5808 3511
5809 5830
5810 3796
5811 3490
5812 3658
5813 5977
5814 3936
5815 3608
5816 6627
5817 9039
5818 6942
5819 6521
5820 7668
5821 7886
5822 6438
5823 7056
5824 8015
5825 8229
5826 6699
5827 6968
5828 8447
5829 8661
5830 7321
5831 7442
5832 8874
5833 9088
5834 7740
5835 7798
5836 8636
5837 8953
5838 7620
5839 7583
5840 7116
5841 7350
5842 5971
5843 6351
5844 7476
5845 7705
5846 6245
5847 6276
5848 7927
5849 8157
5850 6886
5851 6769
5852 8399
5853 8628
5854 7350
5855 7170
5856 8307
5857 8639
5858 7375
5859 7101
5860 7126
5861 7376
5862 5794
5863 6141
5864 7485
5865 7732
5866 6068
5867 6067
5868 7926
5869 8173
5870 6699
5871 6550
5872 8471
5873 8718
5874 7236
5875 7024
5876 8410
5877 8759
5878 7291
5879 6985
5880 7013
5881 7151
5882 5968
5883 6612
5884 7367
5885 7502
5886 6226
5887 6479
5888 8321
5889 8456
5890 7118
5891 7205
5892 8883
5893 9018
5894 7672
5895 7697
5896 7784
5897 7963
5898 6769
5899 6995
5900 6813
5901 6968
5902 5854
5903 6497
5904 7181
5905 7331
5906 6124
5907 6377
5908 8158
5909 8308
5910 7039
5911 7127
5912 8768
5913 8919
5914 7641
5915 7666
5916 7845
5917 8039
5918 6915
5919 7140
5920 6903
5921 7075
5922 5936
5923 6547
5924 7271
5925 7438
5926 6206
5927 6427
5928 8238
5929 8405
5930 7111
5931 7167
5932 8921
5933 9089
5934 7787
5935 7779
5936 8034
5937 8245
5938 7096
5939 7289
5940 6171
5941 6503
5942 5564
5943 6097
5944 6551
5945 6879
5946 5855
5947 5997
5948 7214
5949 7542
5950 6455
5951 6463
5952 7288
5953 7616
5954 6550
5955 6568
5956 6223
5957 6595
5958 5681
5959 5901
5960 6684
5961 7031
5962 6223
5963 6756
5964 7076
5965 7419
5966 6527
5967 6668
5968 7762
5969 8106
5970 7150
5971 7158
5972 7885
5973 8228
5974 7293
5975 7311
5976 6996
5977 7383
5978 6601
5979 6820
5980 7010
5981 7375
5982 6542
5983 7010
5984 7403
5985 7763
5986 6846
5987 6922
5988 8079
5989 8439
5990 7459
5991 7402
5992 8227
5993 8587
5994 7628
5995 7580
5996 7373
5997 7777
5998 6970
5999 7124
6000 1468
6001 2873
6002 1018
6003 1243
6004 1641
6005 3046
6006 1109
6007 1099
6008 1681
6009 3086
6010 1404
6011 1246
6012 1736
6013 3141
6014 1452
6015 1272
6016 4805
6017 6303
6018 4559
6019 4285
6020 1222
6021 2642
6022 858
6023 851
6024 1407
6025 2827
6026 962
6027 719
6028 1447
6029 2867
6030 1257
6031 867
6032 1498
6033 2918
6034 1300
6035 889
6036 4616
6037 6130
6038 4457
6039 3952
6040 3247
6041 5585
6042 3366
6043 3327
6044 3433
6045 5771
6046 3470
6047 3195
6048 3462
6049 5800
6050 3755
6051 3333
6052 3561
6053 5899
6054 3846
6055 3402
6056 6680
6057 9112
6058 7003
6059 6465
6060 7206
6061 6790
6062 6229
6063 6314
6064 7618
6065 7199
6066 6556
6067 6292
6068 7834
6069 7415
6070 6962
6071 6550
6072 8259
6073 7839
6074 7379
6075 6904
6076 8890
6077 8573
6078 8128
6079 7559
6080 6718
6081 6318
6082 5826
6083 5674
6084 7143
6085 6739
6086 6166
6087 5665
6088 7379
6089 6975
6090 6591
6091 5942
6092 7848
6093 7444
6094 7052
6095 6340
6096 8625
6097 8324
6098 7947
6099 7141
6100 6691
6101 6308
6102 5613
6103 5428
6104 7116
6105 6729
6106 5952
6107 5419
6108 7341
6109 6954
6110 6367
6111 5686
6112 7884
6113 7497
6114 6902
6115 6158
6116 8692
6117 8407
6118 7827
6119 6989
6120 7721
6121 7223
6122 6927
6123 7038
6124 8144
6125 7643
6126 7254
6127 6974
6128 8805
6129 8304
6130 7852
6131 7408
6132 9365
6133 8864
6134 8404
6135 7896
6136 9056
6137 8599
6138 8292
6139 7985
6140 7586
6141 7104
6142 6877
6143 6988
6144 8022
6145 7536
6146 7216
6147 6936
6148 8707
6149 8220
6150 7838
6151 7393
6152 9314
6153 8828
6154 8438
6155 7930
6156 9182
6157 8739
6158 8502
6159 8195
6160 7640
6161 7174
6162 6923
6163 7001
6164 8076
6165 7607
6166 7262
6167 6950
6168 8750
6169 8281
6170 7874
6171 7397
6172 9431
6173 8962
6174 8547
6175 8007
6176 9334
6177 8909
6178 8646
6179 8307
6180 7173
6181 6868
6182 6816
6183 6971
6184 7621
6185 7312
6186 7176
6187 6940
6188 7991
6189 7682
6190 7483
6191 7113
6192 8249
6193 7940
6194 7761
6195 7401
6196 7974
6197 7709
6198 7683
6199 7524
6200 7750
6201 7460
6202 7540
6203 7694
6204 8211
6205 7917
6206 7912
6207 7675
6208 8604
6209 8311
6210 8243
6211 7872
6212 8909
6213 8616
6214 8569
6215 8208
6216 8811
6217 8561
6218 8666
6219 8507
6220 8040
6221 7768
6222 7822
6223 7912
6224 8501
6225 8225
6226 8194
6227 7893
6228 8884
6229 8608
6230 8515
6231 8079
6232 9215
6233 8939
6234 8866
6235 8441
6236 9152
6237 8919
6238 9000
6239 8776
6240 1488
6241 2893
6242 1104
6243 1313
6244 1665
6245 3070
6246 1199
6247 1199
6248 1671
6249 3076
6250 1460
6251 1313
6252 1726
6253 3131
6254 1508
6255 1339
6256 4795
6257 6293
6258 4615
6259 4352
6260 1210
6261 2630
6262 912
6263 889
6264 1399
6265 2820
6266 1020
6267 788
6268 1405
6269 2825
6270 1281
6271 902
6272 1456
6273 2876
6274 1324
6275 923
6276 4575
6277 6089
6278 4481
6279 3987
6280 1582
6281 3920
6282 1767
6283 1730
6284 1766
6285 4104
6286 1869
6287 1624
6288 1762
6289 4100
6290 2120
6291 1727
6292 1860
6293 4198
6294 2211
6295 1797
6296 4979
6297 7411
6298 5368
6299 4860
6300 7280
6301 6865
6302 6370
6303 6439
6304 7724
6305 7305
6306 6728
6307 6475
6308 7906
6309 7486
6310 7100
6311 6699
6312 8330
6313 7911
6314 7517
6315 7052
6316 8962
6317 8645
6318 8266
6319 7707
6320 6761
6321 6361
6322 5935
6323 5766
6324 7218
6325 6814
6326 6306
6327 5816
6328 7419
6329 7015
6330 6697
6331 6059
6332 7888
6333 7484
6334 7159
6335 6457
6336 8666
6337 8364
6338 8054
6339 7258
6340 6627
6341 6244
6342 5615
6343 5433
6344 7079
6345 6692
6346 5981
6347 5476
6348 7269
6349 6882
6350 6361
6351 5709
6352 7812
6353 7425
6354 6896
6355 6181
6356 8620
6357 8335
6358 7821
6359 7012
6360 8167
6361 7670
6362 7440
6363 7571
6364 8641
6365 8139
6366 7816
6367 7583
6368 9267
6369 8766
6370 8381
6371 7983
6372 9827
6373 9326
6374 8933
6375 8472
6376 9519
6377 9061
6378 8820
6379 8560
6380 8001
6381 7518
6382 7358
6383 7488
6384 8487
6385 8001
6386 7747
6387 7514
6388 9137
6389 8651
6390 8335
6391 7937
6392 9745
6393 9259
6394 8934
6395 8473
6396 9612
6397 9170
6398 8998
6399 8738
6400 7898
6401 7433
6402 7247
6403 7364
6404 8378
6405 7909
6406 7631
6407 7384
6408 9018
6409 8549
6410 8208
6411 7797
6412 9700
6413 9230
6414 8882
6415 8407
6416 9603
6417 9177
6418 8981
6419 8707
6420 7625
6421 7321
6422 7335
6423 7510
6424 8124
6425 7815
6426 7745
6427 7555
6428 8526
6429 8217
6430 8084
6431 7761
6432 8784
6433 8475
6434 8363
6435 8049
6436 8509
6437 8244
6438 8284
6439 8172
6440 8170
6441 7881
6442 8027
6443 8201
6444 8682
6445 8388
6446 8449
6447 8260
6448 9107
6449 8814
6450 8812
6451 8488
6452 9413
6453 9119
6454 9138
6455 8825
6456 9314
6457 9065
6458 9236
6459 9124
6460 8341
6461 8069
6462 8190
6463 8318
6464 8847
6465 8571
6466 8606
6467 8371
6468 9262
6469 8986
6470 8959
6471 8589
6472 9593
6473 9317
6474 9311
6475 8951
6476 9530
6477 9298
6478 9444
6479 9285
6480 1465
6481 2869
6482 1036
6483 1233
6484 1649
6485 3054
6486 1139
6487 1127
6488 1655
6489 3060
6490 1400
6491 1241
6492 1702
6493 3107
6494 1448
6495 1267
6496 4771
6497 6270
6498 4555
6499 4280
6500 1318
6501 2738
6502 976
6503 941
6504 1515
6505 2935
6506 1092
6507 848
6508 1521
6509 2941
6510 1353
6511 962
6512 1564
6513 2984
6514 1396
6515 983
6516 4683
6517 6196
6518 4553
6519 4046
6520 1561
6521 3899
6522 1767
6523 1746
6524 1753
6525 4091
6526 1877
6527 1647
6528 1748
6529 4086
6530 2128
6531 1750
6532 1839
6533 4177
6534 2219
6535 1820
6536 4958
6537 7390
6538 5376
6539 4883
6540 7357
6541 6966
6542 6427
6543 6484
6544 7808
6545 7414
6546 6793
6547 6528
6548 7990
6549 7596
6550 7165
6551 6752
6552 8381
6553 7986
6554 7556
6555 7079
6556 9012
6557 8720
6558 8304
6559 7734
6560 6971
6561 6596
6562 6126
6563 5945
6564 7436
6565 7057
6566 6505
6567 6002
6568 7637
6569 7258
6570 6896
6571 6245
6572 8072
6573 7693
6574 7331
6575 6617
6576 8850
6577 8573
6578 8226
6579 7418
6580 6599
6581 6241
6582 5632
6583 5465
6584 7058
6585 6695
6586 6006
6587 5517
6588 7248
6589 6886
6590 6386
6591 5750
6592 7757
6593 7395
6594 6895
6595 6195
6596 8565
6597 8305
6598 7820
6599 7026
6600 8423
6601 7950
6602 7658
6603 7777
6604 8904
6605 8427
6606 8042
6607 7797
6608 9531
6609 9054
6610 8607
6611 8197
6612 10057
6613 9580
6614 9133
6615 8660
6616 9748
6617 9315
6618 9020
6619 8748
6620 8400
6621 7942
6622 7719
6623 7838
6624 8894
6625 8432
6626 8116
6627 7871
6628 9544
6629 9082
6630 8704
6631 8294
6632 10118
6633 9656
6634 9278
6635 8804
6636 9985
6637 9567
6638 9341
6639 9070
6640 8058
6641 7618
6642 7435
6643 7568
6644 8546
6645 8102
6646 7827
6647 7595
6648 9186
6649 8742
6650 8404
6651 8008
6652 9834
6653 9389
6654 9051
6655 8592
6656 9737
6657 9336
6658 9150
6659 8892
6660 7855
6661 7575
6662 7527
6663 7690
6664 8361
6665 8077
6666 7944
6667 7743
6668 8763
6669 8479
6670 8284
6671 7948
6672 8987
6673 8703
6674 8536
6675 8211
6676 8712
6677 8472
6678 8458
6679 8334
6680 8543
6681 8279
6682 8362
6683 8525
6684 9062
6685 8794
6686 8792
6687 8591
6688 9488
6689 9219
6690 9155
6691 8819
6692 9759
6693 9491
6694 9455
6695 9129
6696 9661
6697 9436
6698 9553
6699 9429
6700 8398
6701 8151
6702 8274
6703 8418
6704 8911
6705 8660
6706 8699
6707 8478
6708 9327
6709 9075
6710 9051
6711 8697
6712 9624
6713 9372
6714 9377
6715 9032
6716 9561
6717 9353
6718 9510
6719 9367
6720 1556
6721 2961
6722 1122
6723 1348
6724 1701
6725 3081
6726 1154
6727 1162
6728 1584
6729 2965
6730 1293
6731 1143
6732 1632
6733 3012
6734 1341
6735 1169
6736 4700
6737 6174
6738 4448
6739 4182
6740 1409
6741 2829
6742 1062
6743 1056
6744 1567
6745 2962
6746 1107
6747 882
6748 1450
6749 2846
6750 1246
6751 864
6752 1493
6753 2889
6754 1289
6755 885
6756 4612
6757 6101
6758 4446
6759 3948
6760 1609
6761 3947
6762 1809
6763 1817
6764 1761
6765 4074
6766 1849
6767 1638
6768 1678
6769 3991
6770 2021
6771 1652
6772 1768
6773 4082
6774 2112
6775 1722
6776 4887
6777 7294
6778 5269
6779 4785
6780 7497
6781 7097
6782 6552
6783 6638
6784 8001
6785 7573
6786 6941
6787 6695
6788 8093
6789 7665
6790 7223
6791 6819
6792 8457
6793 8029
6794 7587
6795 7119
6796 9053
6797 8728
6798 8300
6799 7739
6800 7119
6801 6735
6802 6259
6803 6107
6804 7637
6805 7224
6806 6661
6807 6177
6808 7748
6809 7335
6810 6962
6811 6321
6812 8156
6813 7744
6814 7370
6815 6666
6816 8899
6817 8589
6818 8230
6819 7432
6820 6682
6821 6315
6822 5701
6823 5563
6824 7194
6825 6798
6826 6097
6827 5627
6828 7339
6829 6943
6830 6432
6831 5804
6832 7821
6833 7425
6834 6914
6835 6222
6836 8593
6837 8300
6838 7803
6839 7018
6840 8678
6841 8131
6842 7833
6843 7962
6844 9240
6845 8665
6846 8268
6847 8023
6848 9786
6849 9211
6850 8752
6851 8332
6852 10286
6853 9710
6854 9251
6855 8768
6856 9942
6857 9410
6858 9103
6859 8822
6860 8663
6861 8132
6862 7902
6863 8031
6864 9238
6865 8678
6866 8350
6867 8105
6868 9807
6869 9247
6870 8857
6871 8437
6872 10354
6873 9794
6874 9404
6875 8921
6876 10187
6877 9671
6878 9433
6879 9151
6880 8257
6881 7743
6882 7554
6883 7696
6884 8826
6885 8283
6886 7996
6887 7764
6888 9429
6889 8886
6890 8537
6891 8130
6892 10050
6893 9507
6894 9157
6895 8687
6896 9917
6897 9418
6898 9221
6899 8953
6900 8092
6901 7739
6902 7685
6903 7857
6904 8679
6905 8297
6906 8152
6907 7951
6908 9028
6909 8646
6910 8439
6911 8094
6912 9225
6913 8843
6914 8665
6915 8329
6916 8916
6917 8577
6918 8551
6919 8417
6920 8789
6921 8450
6922 8528
6923 8700
6924 9388
6925 9021
6926 9008
6927 8807
6928 9761
6929 9394
6930 9318
6931 8973
6932 10006
6933 9639
6934 9592
6935 9256
6936 9872
6937 9549
6938 9654
6939 9520
6940 8579
6941 8258
6942 8376
6943 8529
6944 9173
6945 8823
6946 8850
6947 8630
6948 9579
6949 9229
6950 9194
6951 8829
6952 9849
6953 9499
6954 9492
6955 9138
6956 9751
6957 9445
6958 9591
6959 9438
6960 2479
6961 3698
6962 2070
6963 2296
6964 2623
6965 3818
6966 2102
6967 2110
6968 2132
6969 3389
6970 1928
6971 1778
6972 2045
6973 3302
6974 1842
6975 1670
6976 5014
6977 6365
6978 4849
6979 4584
6980 2393
6981 3627
6982 2070
6983 2065
6984 2550
6985 3760
6986 2116
6987 1891
6988 2058
6989 3331
6990 1942
6991 1560
6992 1967
6993 3239
6994 1851
6995 1447
6996 4987
6997 6353
6998 4909
6999 4411
7000 2451
7001 4604
7002 2677
7003 2685
7004 2603
7005 4731
7006 2716
7007 2505
7008 2145
7009 4335
7010 2576
7011 2207
7012 2102
7013 4292
7014 2533
7015 2143
7016 5121
7017 7405
7018 5591
7019 5107
7020 8131
7021 7836
7022 7332
7023 7383
7024 8631
7025 8307
7026 7716
7027 7435
7028 8146
7029 7885
7030 7483
7031 7045
7032 8407
7033 8146
7034 7744
7035 7242
7036 8856
7037 8697
7038 8311
7039 7715
7040 8164
7041 7884
7042 7449
7043 7263
7044 8676
7045 8368
7046 7846
7047 7328
7048 8211
7049 7965
7050 7633
7051 6957
7052 8516
7053 8270
7054 7938
7055 7199
7056 9112
7057 8968
7058 8651
7059 7817
7060 7755
7061 7492
7062 6919
7063 6746
7064 8262
7065 7971
7066 7310
7067 6806
7068 7830
7069 7601
7070 7130
7071 6468
7072 8209
7073 7979
7074 7509
7075 6784
7076 8834
7077 8707
7078 8252
7079 7432
7080 9207
7081 8807
7082 8549
7083 8644
7084 9764
7085 9335
7086 8979
7087 8700
7088 9734
7089 9367
7090 8949
7091 8495
7092 10133
7093 9766
7094 9348
7095 8830
7096 9633
7097 9310
7098 9044
7099 8728
7100 9677
7101 9292
7102 9104
7103 9198
7104 10247
7105 9833
7106 9547
7107 9267
7108 10240
7109 9889
7110 9540
7111 9085
7112 10687
7113 10335
7114 9986
7115 9469
7116 10364
7117 10055
7118 9859
7119 9543
7120 9317
7121 8949
7122 8801
7123 8909
7124 9881
7125 9485
7126 9238
7127 8973
7128 9908
7129 9573
7130 9265
7131 8824
7132 10428
7133 10093
7134 9785
7135 9281
7136 10140
7137 9849
7138 9693
7139 9390
7140 8478
7141 8271
7142 8258
7143 8396
7144 9060
7145 8824
7146 8721
7147 8485
7148 8833
7149 8659
7150 8493
7151 8113
7152 8930
7153 8756
7154 8618
7155 8248
7156 8464
7157 8333
7158 8348
7159 8180
7160 9648
7161 9455
7162 9573
7163 9712
7164 10242
7165 10022
7166 10049
7167 9813
7168 10039
7169 9880
7170 9845
7171 9465
7172 10183
7173 10024
7174 10018
7175 9648
7176 9893
7177 9778
7178 9924
7179 9756
7180 9484
7181 9308
7182 9467
7183 9586
7184 10073
7185 9869
7186 9937
7187 9682
7188 9902
7189 9760
7190 9766
7191 9367
7192 10072
7193 9931
7194 9965
7195 9576
7196 9818
7197 9720
7198 9906
7199 9719
7200 1522
7201 2907
7202 1126
7203 1449
7204 1702
7205 3087
7206 1224
7207 1312
7208 1742
7209 3127
7210 1520
7211 1459
7212 1772
7213 3157
7214 1542
7215 1460
7216 4647
7217 6092
7218 4421
7219 4245
7220 1281
7221 2682
7222 972
7223 1063
7224 1474
7225 2875
7226 1084
7227 939
7228 1514
7229 2915
7230 1379
7231 1087
7232 1533
7233 2934
7234 1390
7235 1076
7236 4459
7237 5919
7238 4320
7239 3912
7240 3365
7241 5684
7242 3539
7243 3597
7244 3558
7245 5877
7246 3650
7247 3473
7248 3588
7249 5907
7250 3935
7251 3611
7252 3655
7253 5974
7254 3994
7255 3648
7256 6581
7257 8959
7258 6924
7259 6484
7260 7849
7261 8120
7262 6734
7263 7443
7264 8199
7265 8466
7266 6999
7267 7358
7268 8635
7269 8902
7270 7624
7271 7836
7272 8988
7273 9255
7274 7969
7275 8118
7276 9022
7277 9357
7278 8086
7279 8140
7280 7188
7281 7475
7282 6158
7283 6629
7284 7551
7285 7833
7286 6435
7287 6557
7288 8006
7289 8288
7290 7080
7291 7054
7292 8397
7293 8679
7294 7463
7295 7374
7296 8577
7297 8927
7298 7726
7299 7543
7300 7257
7301 7560
7302 6040
7303 6479
7304 7619
7305 7919
7306 6317
7307 6407
7308 8064
7309 8364
7310 6952
7311 6894
7312 8529
7313 8828
7314 7408
7315 7287
7316 8739
7317 9106
7318 7701
7319 7486
7320 7009
7321 7246
7322 6125
7323 6993
7324 7366
7325 7599
7326 6385
7327 6863
7328 8324
7329 8557
7330 7281
7331 7594
7332 8812
7333 9046
7334 7761
7335 8011
7336 8071
7337 8313
7338 7181
7339 7632
7340 6684
7341 6937
7342 5885
7343 6753
7344 7055
7345 7303
7346 6158
7347 6636
7348 8036
7349 8284
7350 7077
7351 7390
7352 8565
7353 8814
7354 7599
7355 7848
7356 8001
7357 8258
7358 7195
7359 7646
7360 6834
7361 7103
7362 6026
7363 6862
7364 7204
7365 7469
7366 6300
7367 6745
7368 8175
7369 8440
7370 7208
7371 7489
7372 8778
7373 9043
7374 7803
7375 8020
7376 8249
7377 8523
7378 7435
7379 7854
7380 6377
7381 6822
7382 5883
7383 6602
7384 6759
7385 7200
7386 6176
7387 6504
7388 7426
7389 7867
7390 6781
7391 6974
7392 7558
7393 8000
7394 6934
7395 7138
7396 6891
7397 7341
7398 6427
7399 6833
7400 6764
7401 7224
7402 6417
7403 7135
7404 7159
7405 7616
7406 6723
7407 7050
7408 7849
7409 8306
7410 7351
7411 7544
7412 8023
7413 8479
7414 7545
7415 7748
7416 7532
7417 7997
7418 7215
7419 7620
7420 7150
7421 7627
7422 6795
7423 7448
7424 7545
7425 8019
7426 7101
7427 7364
7428 8225
7429 8698
7430 7719
7431 7847
7432 8424
7433 8898
7434 7938
7435 8077
7436 7968
7437 8451
7438 7644
7439 7984
7440 1458
7441 2863
7442 1069
7443 1276
7444 1638
7445 3043
7446 1168
7447 1139
7448 1678
7449 3083
7450 1463
7451 1287
7452 1659
7453 3064
7454 1437
7455 1239
7456 4685
7457 6149
7458 4466
7459 4174
7460 1218
7461 2638
7462 916
7463 891
7464 1411
7465 2831
7466 1027
7467 766
7468 1451
7469 2871
7470 1323
7471 914
7472 1421
7473 2841
7474 1285
7475 855
7476 4497
7477 5976
7478 4365
7479 3841
7480 3302
7481 5640
7482 3482
7483 3425
7484 3495
7485 5833
7486 3594
7487 3301
7488 3524
7489 5862
7490 3879
7491 3438
7492 3543
7493 5881
7494 3889
7495 3427
7496 6619
7497 9016
7498 6969
7499 6413
7500 7193
7501 6831
7502 6332
7503 6508
7504 7608
7505 7242
7506 6662
7507 6489
7508 7828
7509 7462
7510 7071
7511 6751
7512 8179
7513 7813
7514 7414
7515 7030
7516 9082
7517 8784
7518 8400
7519 7922
7520 6596
7521 6249
7522 5820
7523 5758
7524 7024
7525 6674
7526 6162
7527 5752
7528 7263
7529 6913
7530 6591
7531 6033
7532 7652
7533 7301
7534 6972
7535 6350
7536 8702
7537 8419
7538 8104
7539 7388
7540 6628
7541 6299
7542 5665
7543 5572
7544 7057
7545 6723
7546 6008
7547 5565
7548 7285
7549 6952
7550 6427
7551 5836
7552 7747
7553 7414
7554 6881
7555 6227
7556 8827
7557 8561
7558 8043
7559 7295
7560 7505
7561 7106
7562 6872
7563 7208
7564 7931
7565 7528
7566 7201
7567 7146
7568 8596
7569 8193
7570 7804
7571 7584
7572 9082
7573 8679
7574 8281
7575 7999
7576 9132
7577 8737
7578 8492
7579 8411
7580 7245
7581 6861
7582 6696
7583 7032
7584 7684
7585 7296
7586 7038
7587 6983
7588 8372
7589 7984
7590 7664
7591 7444
7592 8899
7593 8511
7594 8183
7595 7900
7596 9125
7597 8746
7598 8570
7599 8488
7600 7358
7601 6991
7602 6801
7603 7105
7604 7797
7605 7426
7606 7143
7607 7056
7608 8475
7609 8104
7610 7759
7611 7507
7612 9075
7613 8704
7614 8351
7615 8036
7616 9337
7617 8974
7618 8774
7619 8660
7620 7181
7621 6990
7622 6938
7623 7279
7624 7632
7625 7437
7626 7300
7627 7250
7628 8006
7629 7811
7630 7611
7631 7427
7632 8322
7633 8127
7634 7948
7635 7774
7636 8445
7637 8258
7638 8232
7639 8259
7640 7633
7641 7457
7642 7536
7643 7877
7644 8097
7645 7917
7646 7911
7647 7861
7648 8494
7649 8314
7650 8246
7651 8061
7652 8851
7653 8671
7654 8623
7655 8449
7656 9150
7657 8979
7658 9083
7659 9111
7660 7982
7661 7823
7662 7878
7663 8154
7664 8446
7665 8283
7666 8253
7667 8138
7668 8833
7669 8670
7670 8577
7671 8328
7672 9216
7673 9053
7674 8980
7675 8741
7676 9550
7677 9396
7678 9476
7679 9438
7680 1478
7681 2882
7682 1155
7683 1346
7684 1662
7685 3067
7686 1258
7687 1240
7688 1668
7689 3073
7690 1519
7691 1353
7692 1649
7693 3054
7694 1493
7695 1306
7696 4675
7697 6139
7698 4522
7699 4241
7700 1206
7701 2626
7702 970
7703 928
7704 1403
7705 2823
7706 1086
7707 835
7708 1409
7709 2829
7710 1347
7711 949
7712 1379
7713 2799
7714 1309
7715 890
7716 4455
7717 5934
7718 4389
7719 3876
7720 1636
7721 3974
7722 1883
7723 1828
7724 1828
7725 4166
7726 1993
7727 1729
7728 1824
7729 4162
7730 2244
7731 1833
7732 1842
7733 4180
7734 2255
7735 1821
7736 4918
7737 7315
7738 5335
7739 4807
7740 7268
7741 6906
7742 6473
7743 6633
7744 7715
7745 7349
7746 6835
7747 6672
7748 7901
7749 7535
7750 7210
7751 6900
7752 8251
7753 7885
7754 7553
7755 7179
7756 9155
7757 8856
7758 8539
7759 8071
7760 6640
7761 6293
7762 5929
7763 5851
7764 7099
7765 6749
7766 6303
7767 5904
7768 7304
7769 6953
7770 6698
7771 6151
7772 7693
7773 7342
7774 7079
7775 6468
7776 8742
7777 8459
7778 8211
7779 7506
7780 6566
7781 6236
7782 5669
7783 5577
7784 7020
7785 6686
7786 6037
7787 5623
7788 7214
7789 6880
7790 6422
7791 5860
7792 7676
7793 7342
7794 6876
7795 6251
7796 8756
7797 8490
7798 8038
7799 7319
7800 7939
7801 7539
7802 7371
7803 7727
7804 8415
7805 8011
7806 7751
7807 7743
7808 9045
7809 8642
7810 8319
7811 8146
7812 9531
7813 9128
7814 8797
7815 8561
7816 9581
7817 9186
7818 9007
7819 8973
7820 7647
7821 7263
7822 7164
7823 7519
7824 8136
7825 7748
7826 7556
7827 7548
7828 8790
7829 8402
7830 8148
7831 7975
7832 9317
7833 8929
7834 8667
7835 8430
7836 9543
7837 9163
7838 9054
7839 9019
7840 7603
7841 7236
7842 7113
7843 7455
7844 8087
7845 7716
7846 7499
7847 7477
7848 8730
7849 8359
7850 8081
7851 7894
7852 9331
7853 8960
7854 8673
7855 8423
7856 9592
7857 9230
7858 9096
7859 9047
7860 7621
7861 7430
7862 7444
7863 7805
7864 8122
7865 7927
7866 7856
7867 7853
7868 8528
7869 8333
7870 8200
7871 8062
7872 8844
7873 8649
7874 8536
7875 8409
7876 8967
7877 8780
7878 8820
7879 8894
7880 8041
7881 7865
7882 8010
7883 8371
7884 8555
7885 8375
7886 8435
7887 8432
7888 8984
7889 8804
7890 8802
7891 8664
7892 9341
7893 9161
7894 9180
7895 9052
7896 9640
7897 9469
7898 9640
7899 9714
7900 8271
7901 8112
7902 8233
7903 8547
7904 8779
7905 8616
7906 8652
7907 8602
7908 9198
7909 9035
7910 9009
7911 8824
7912 9581
7913 9418
7914 9412
7915 9238
7916 9915
7917 9761
7918 9907
7919 9935
7920 1427
7921 2831
7922 1060
7923 1208
7924 1601
7925 3006
7926 1153
7927 1091
7928 1607
7929 3011
7930 1414
7931 1205
7932 1580
7933 2985
7934 1387
7935 1157
7936 4606
7937 6070
7938 4417
7939 4092
7940 1286
7941 2706
7942 1006
7943 922
7944 1473
7945 2893
7946 1112
7947 818
7948 1479
7949 2899
7950 1373
7951 932
7952 1441
7953 2861
7954 1335
7955 873
7956 4518
7957 5997
7958 4415
7959 3859
7960 1526
7961 3864
7962 1793
7963 1723
7964 1707
7965 4045
7966 1893
7967 1613
7968 1703
7969 4040
7970 2144
7971 1717
7972 1713
7973 4051
7974 2154
7975 1706
7976 4789
7977 7186
7978 5234
7979 4691
7980 7160
7981 6823
7982 6346
7983 6462
7984 7597
7985 7255
7986 6696
7987 6491
7988 7782
7989 7441
7990 7072
7991 6719
7992 8099
7993 7757
7994 7389
7995 6972
7996 9002
7997 8729
7998 8375
7999 7864
8000 6665
8001 6343
8002 5935
8003 5815
8004 7115
8005 6789
8006 6299
8007 5856
8008 7319
8009 6993
8010 6694
8011 6103
8012 7674
8013 7348
8014 7048
8015 6395
8016 8724
8017 8465
8018 8181
8019 7433
8020 6290
8021 5985
8022 5439
8023 5332
8024 6734
8025 6425
8026 5797
8027 5368
8028 6928
8029 6619
8030 6181
8031 5605
8032 7356
8033 7047
8034 6609
8035 5969
8036 8436
8037 8195
8038 7772
8039 7037
8040 8015
8041 7640
8042 7410
8043 7723
8044 8481
8045 8102
8046 7779
8047 7728
8048 9111
8049 8733
8050 8347
8051 8131
8052 9563
8053 9185
8054 8799
8055 8520
8056 9612
8057 9243
8058 9009
8059 8932
8060 7866
8061 7507
8062 7345
8063 7658
8064 8345
8065 7981
8066 7727
8067 7676
8068 8999
8069 8635
8070 8319
8071 8103
8072 9492
8073 9129
8074 8812
8075 8533
8076 9718
8077 9363
8078 9199
8079 9121
8080 7522
8081 7179
8082 7058
8083 7385
8084 7994
8085 7648
8086 7435
8087 7397
8088 8638
8089 8292
8090 8016
8091 7814
8092 9205
8093 8859
8094 8583
8095 8317
8096 9466
8097 9128
8098 9005
8099 8941
8100 7658
8101 7491
8102 7443
8103 7761
8104 8148
8105 7978
8106 7845
8107 7798
8108 8554
8109 8384
8110 8188
8111 8008
8112 8836
8113 8666
8114 8499
8115 8328
8116 8959
8117 8797
8118 8782
8119 8814
8120 8221
8121 8069
8122 8152
8123 8470
8124 8724
8125 8569
8126 8567
8127 8521
8128 9153
8129 8998
8130 8934
8131 8753
8132 9477
8133 9321
8134 9285
8135 9115
8136 9776
8137 9629
8138 9746
8139 9777
8140 8072
8141 7938
8142 8062
8143 8360
8144 8570
8145 8432
8146 8471
8147 8405
8148 8989
8149 8851
8150 8827
8151 8627
8152 9338
8153 9200
8154 9204
8155 9015
8156 9672
8157 9543
8158 9700
8159 9712
8160 1518
8161 2923
8162 1146
8163 1322
8164 1652
8165 3032
8166 1168
8167 1126
8168 1536
8169 2916
8170 1307
8171 1107
8172 1509
8173 2890
8174 1280
8175 1059
8176 4535
8177 5975
8178 4310
8179 3995
8180 1378
8181 2798
8182 1092
8183 1037
8184 1525
8185 2920
8186 1127
8187 853
8188 1408
8189 2804
8190 1266
8191 834
8192 1371
8193 2766
8194 1229
8195 775
8196 4447
8197 5901
8198 4309
8199 3761
8200 1574
8201 3912
8202 1836
8203 1794
8204 1715
8205 4028
8206 1865
8207 1604
8208 1632
8209 3945
8210 2037
8211 1619
8212 1642
8213 3955
8214 2048
8215 1608
8216 4718
8217 7091
8218 5128
8219 4594
8220 7290
8221 6944
8222 6461
8223 6607
8224 7780
8225 7405
8226 6835
8227 6648
8228 7876
8229 7501
8230 7120
8231 6777
8232 8166
8233 7791
8234 7410
8235 7003
8236 9034
8237 8727
8238 8361
8239 7860
8240 6804
8241 6473
8242 6059
8243 5967
8244 7306
8245 6947
8246 6446
8247 6022
8248 7421
8249 7062
8250 6751
8251 6169
8252 7749
8253 7390
8254 7078
8255 6434
8256 8764
8257 8472
8258 8176
8259 7437
8260 6364
8261 6050
8262 5498
8263 5420
8264 6861
8265 6518
8266 5879
8267 5469
8268 7009
8269 6667
8270 6217
8271 5649
8272 7411
8273 7068
8274 6619
8275 5987
8276 8455
8277 8180
8278 7746
8279 7020
8280 8260
8281 7812
8282 7575
8283 7898
8284 8807
8285 8330
8286 7995
8287 7944
8288 9357
8289 8880
8290 8483
8291 8257
8292 9782
8293 9305
8294 8908
8295 8619
8296 9797
8297 9328
8298 9083
8299 8996
8300 8120
8301 7687
8302 7519
8303 7842
8304 8679
8305 8217
8306 7952
8307 7901
8308 9253
8309 8791
8310 8463
8311 8237
8312 9719
8313 9258
8314 8929
8315 8640
8316 9910
8317 9457
8318 9281
8319 9194
8320 7711
8321 7295
8322 7168
8323 7504
8324 8265
8325 7820
8326 7595
8327 7557
8328 8872
8329 8427
8330 8139
8331 7927
8332 9412
8333 8967
8334 8679
8335 8404
8336 9638
8337 9201
8338 9066
8339 8992
8340 7886
8341 7645
8342 7591
8343 7919
8344 8457
8345 8188
8346 8043
8347 7997
8348 8810
8349 8541
8350 8334
8351 8143
8352 9065
8353 8796
8354 8618
8355 8437
8356 9153
8357 8893
8358 8866
8359 8888
8360 8457
8361 8231
8362 8309
8363 8636
8364 9041
8365 8787
8366 8774
8367 8727
8368 9418
8369 9164
8370 9088
8371 8897
8372 9714
8373 9460
8374 9413
8375 9232
8376 9978
8377 9733
8378 9838
8379 9859
8380 8244
8381 8036
8382 8154
8383 8462
8384 8823
8385 8586
8386 8613
8387 8548
8388 9233
8389 8996
8390 8960
8391 8751
8392 9554
8393 9318
8394 9311
8395 9111
8396 9854
8397 9626
8398 9771
8399 9773
8400 2438
8401 3657
8402 2091
8403 2267
8404 2572
8405 3767
8406 2113
8407 2070
8408 2080
8409 3337
8410 1939
8411 1739
8412 1920
8413 3177
8414 1778
8415 1557
8416 4846
8417 6162
8418 4709
8419 4393
8420 2358
8421 3593
8422 2098
8423 2042
8424 2505
8425 3715
8426 2133
8427 1858
8428 2013
8429 3286
8430 1959
8431 1527
8432 1842
8433 3114
8434 1787
8435 1334
8436 4819
8437 6150
8438 4768
8439 4220
8440 2409
8441 4562
8442 2697
8443 2655
8444 2550
8445 4678
8446 2726
8447 2465
8448 2092
8449 4282
8450 2585
8451 2167
8452 1968
8453 4159
8454 2462
8455 2022
8456 4945
8457 7195
8458 5442
8459 4908
8460 7642
8461 7400
8462 6958
8463 7070
8464 8127
8465 7857
8466 7327
8467 7107
8468 7646
8469 7438
8470 7099
8471 6720
8472 7833
8473 7625
8474 7285
8475 6844
8476 8554
8477 8413
8478 8089
8479 7553
8480 7566
8481 7339
8482 6966
8483 6840
8484 8063
8485 7808
8486 7348
8487 6890
8488 7602
8489 7409
8490 7139
8491 6523
8492 7827
8493 7633
8494 7363
8495 6684
8496 8694
8497 8568
8498 8313
8499 7540
8500 7150
8501 6940
8502 6429
8503 6317
8504 7642
8505 7404
8506 6806
8507 6361
8508 7214
8509 7038
8510 6629
8511 6027
8512 7512
8513 7336
8514 6928
8515 6262
8516 8409
8517 8301
8518 7907
8519 7148
8520 8481
8521 8178
8522 7983
8523 8271
8524 9023
8525 8692
8526 8398
8527 8313
8528 8996
8529 8727
8530 8371
8531 8111
8532 9321
8533 9052
8534 8696
8535 8373
8536 9179
8537 8919
8538 8715
8539 8593
8540 8826
8541 8538
8542 8412
8543 8700
8544 9380
8545 9064
8546 8840
8547 8754
8548 9377
8549 9124
8550 8836
8551 8576
8552 9743
8553 9490
8554 9203
8555 8879
8556 9778
8557 9533
8558 9398
8559 9276
8560 8459
8561 8188
8562 8103
8563 8405
8564 9008
8565 8709
8566 8525
8567 8453
8568 9038
8569 8801
8570 8555
8571 8308
8572 9478
8573 9241
8574 8994
8575 8684
8576 9548
8577 9320
8578 9225
8579 9117
8580 7963
8581 7868
8582 7855
8583 8149
8584 8530
8585 8407
8586 8303
8587 8222
8588 8306
8589 8245
8590 8079
8591 7854
8592 8461
8593 8400
8594 8262
8595 8048
8596 8393
8597 8340
8598 8355
8599 8342
8600 9007
8601 8927
8602 9046
8603 9339
8604 9586
8605 9479
8606 9506
8607 9425
8608 9386
8609 9340
8610 9306
8611 9080
8612 9582
8613 9537
8614 9530
8615 9315
8616 9690
8617 9653
8618 9799
8619 9786
8620 8836
8621 8774
8622 8932
8623 9207
8624 9410
8625 9319
8626 9387
8627 9287
8628 9243
8629 9215
8630 9220
8631 8976
8632 9465
8633 9436
8634 9470
8635 9236
8636 9608
8637 9588
8638 9775
8639 9742
