  7753.53727  1.69802221E+09
  0.000349875021  0.00748081279  0.000708408834  0.0199869535  0.0031261468
  5.52242914E-07  0.12120898
  0.000856026036  0.0136593959  0.00170495501  0.0406153686  0.00638591735
  9.69813345E-07  0.186880587
  0.00181654291  0.0211782588  0.00319108367  0.0607248764  0.0102593019
  1.2009848E-06  0.211623892
  0.0032359567  0.0281771127  0.00512668368  0.0818000695  0.014236751
  1.44564454E-06  0.234939721
  0.00515855421  0.0355612149  0.00769623593  0.10242294  0.018621808
  1.68397432E-06  0.255071608
  0.00771855379  0.0423514761  0.0110035115  0.123633873  0.0229823156
  1.91827614E-06  0.272138945
  0.0109503798  0.0497580717  0.0151517142  0.144660612  0.0277770508
  2.15701061E-06  0.288355369
  0.0149379894  0.0576449344  0.0202879307  0.16337283  0.0323649758
  2.40049832E-06  0.303797664
  0.019827829  0.0652459028  0.0264564944  0.182612292  0.0375349047
  2.65161861E-06  0.318110296
  0.0258883257  0.0721770702  0.03381543  0.201182292  0.0427339081
  2.91272071E-06  0.331375767
  0.0333760837  0.0792880174  0.0426375519  0.220894013  0.0483421402
  3.1822639E-06  0.344385373
  0.0424278318  0.0870657372  0.0531811455  0.240711138  0.054045346
  3.46259971E-06  0.357250785
  0.0534541431  0.0957890126  0.0661846713  0.260580232  0.0598586487
  3.7577889E-06  0.369762635
  0.0664927627  0.104636396  0.0817968573  0.28073624  0.0660384774
  4.0705633E-06  0.381732995
  0.0820460655  0.113681598  0.10034641  0.301536345  0.0716356714
  4.40494955E-06  0.393069698
  0.100589355  0.123101146  0.122180339  0.322695325  0.0777412334
  4.75899315E-06  0.404610526
  0.122804411  0.132628891  0.147862009  0.343089161  0.0840314347
  5.13469622E-06  0.415739946
  0.149447299  0.142218724  0.177575789  0.363443156  0.0909148499
  5.53622432E-06  0.4269488
  0.180975425  0.151884146  0.211957654  0.383643692  0.0980710156
  5.96230126E-06  0.437851686
  0.218603849  0.161999763  0.251496389  0.404380881  0.105358721
  6.41977966E-06  0.4487281
  0.262995285  0.17247146  0.295733407  0.424900215  0.113005805
  6.90837119E-06  0.459101876
  0.3137794  0.183010263  0.34398462  0.444879279  0.120986166  7.42812527E-06
  0.469755109
  0.370686906  0.193874562  0.394941241  0.464967051  0.12934232
  7.99887301E-06  0.480186498
  0.432636991  0.20518925  0.448257374  0.485409987  0.137992942
  8.62119882E-06  0.490684727
  0.496893449  0.21700307  0.502629126  0.506547298  0.147077251
  9.31246691E-06  0.500863561
  0.560896435  0.22930012  0.55734325  0.527748449  0.156667047  1.00569768E-05
  0.511222394
  0.622784638  0.24192173  0.611381859  0.548353933  0.166631372
  1.08844928E-05  0.521844556
  0.680560528  0.25443041  0.662801636  0.568584249  0.176864641
  1.17994867E-05  0.53228805
  0.732449481  0.267028997  0.710139401  0.588379523  0.187386654
  1.28155856E-05  0.542921142
  0.77678735  0.280155645  0.752825502  0.608965724  0.198310936  1.3930621E-05
  0.553509441
  0.8150148  0.293953916  0.791023856  0.629540766  0.209741334  1.51739778E-05
  0.564208034
  0.847618573  0.308627495  0.824919556  0.649950649  0.221739524
  1.65626019E-05  0.574801981
  0.875325504  0.32374356  0.854315151  0.669770162  0.23414756  1.81166673E-05
  0.585670889
  0.898362374  0.339659302  0.879365564  0.689214572  0.247041414
  1.98614922E-05  0.596770845
  0.917529748  0.356409398  0.900587266  0.708759181  0.26079439  2.185293E-05
  0.607004043
  0.933410268  0.373935927  0.91854234  0.728283496  0.275633384
  2.41602835E-05  0.617136526
  0.946675239  0.392389262  0.933783173  0.747894258  0.291666635
  2.68428088E-05  0.627383756
  0.957527389  0.411958349  0.946751263  0.767718829  0.309053816
  2.9955721E-05  0.638545631
  0.96630281  0.432964499  0.957669656  0.787693985  0.327115298
  3.36456995E-05  0.651572177
  0.973598033  0.455201116  0.966869756  0.80807373  0.345990328  3.8205523E-05
  0.664678179
  0.979615749  0.47860708  0.974342862  0.828091274  0.366754714
  4.40017098E-05  0.678029871
  0.984602372  0.50357268  0.980485416  0.847038064  0.390416691
  5.15644864E-05  0.692538204
  0.988595279  0.530763938  0.98543101  0.865362374  0.41668626  6.16095185E-05
  0.707874994
  0.991814799  0.56073968  0.989522011  0.884396878  0.445679688
  7.53613729E-05  0.724331986
  0.994369642  0.594023176  0.992724959  0.903889336  0.478629765
  9.52120804E-05  0.741942381
  0.996351175  0.631017692  0.995264678  0.92242043  0.517083752
  0.000126214818  0.761623828
  0.997831845  0.678426436  0.997207377  0.940890582  0.564736425
  0.000178041105  0.784201975
  0.998895585  0.723127579  0.998602644  0.958345823  0.622160864
  0.000258400982  0.811815018
  0.999539896  0.832778246  0.999417445  0.980422775  0.747127551
  0.000782659663  0.869289076
  1.  1.  1.  1.  1.  1.  1.
