  2515.69107  1.64015099E+09
  0.000196197215  0.0113965257  0.000510423477  0.0214698072  0.00160236717
  3.24323215E-07  0.127780261
  0.00044901634  0.0226636064  0.00114842582  0.0429087043  0.00338518148
  5.60032018E-07  0.18650896
  0.000911352387  0.0334631258  0.00201827709  0.0655856195  0.00568653687
  7.06154477E-07  0.214048483
  0.0016223869  0.0447152001  0.0033193711  0.0862360387  0.00806988228
  8.57037909E-07  0.236376088
  0.00269607496  0.0560583128  0.00535403963  0.106681392  0.0106795963
  1.00883854E-06  0.255843198
  0.00426590487  0.0672665994  0.00833699587  0.126192399  0.0133331973
  1.16006233E-06  0.273354056
  0.00647114313  0.0792288466  0.0123862831  0.146029397  0.0162221345
  1.31633414E-06  0.289402476
  0.00962448453  0.0910359836  0.0178958934  0.165675459  0.0191351545
  1.4795773E-06  0.304142344
  0.0139755806  0.101439207  0.0253454036  0.184997712  0.0223858616
  1.64894791E-06  0.317709581
  0.0198441493  0.112329332  0.0352048545  0.204476423  0.0261422507
  1.82644948E-06  0.330675898
  0.027757527  0.123012404  0.0475957747  0.223816569  0.0296314262
  2.01476E-06  0.343425432
  0.0379130332  0.134555817  0.0624845758  0.242722852  0.0333415299
  2.2162907E-06  0.355981014
  0.0509251291  0.148089752  0.0799179947  0.26121198  0.0370127263
  2.42928204E-06  0.368182257
  0.0669169614  0.159627761  0.100006296  0.279573562  0.0411937152
  2.65480839E-06  0.38022046
  0.0862203286  0.172029956  0.123136098  0.298178151  0.0457289246
  2.89553328E-06  0.391923266
  0.109180713  0.184333267  0.148979961  0.316951616  0.0503918179
  3.15551254E-06  0.403336143
  0.136186925  0.196885172  0.177554675  0.335972721  0.0552102532
  3.4366449E-06  0.414162544
  0.16752418  0.210158269  0.208807917  0.355335953  0.0604956563
  3.74115838E-06  0.424762689
  0.203443632  0.223492745  0.243013697  0.375375128  0.066081994
  4.07396328E-06  0.435071274
  0.243948197  0.237321533  0.280265716  0.394596416  0.071790567
  4.43661926E-06  0.445056277
  0.289270818  0.251173498  0.319836204  0.414260264  0.0778082319
  4.83170028E-06  0.455364354
  0.338687482  0.265127835  0.361385534  0.434974097  0.0837566964
  5.26031366E-06  0.46504031
  0.391842136  0.279238797  0.404613761  0.457646584  0.090269603
  5.73031175E-06  0.475198047
  0.447610916  0.293831296  0.449604339  0.48049299  0.0974671056
  6.25046401E-06  0.485976976
  0.504781012  0.308581417  0.495476737  0.503188941  0.104674586
  6.82362846E-06  0.496337513
  0.562278776  0.323105909  0.541867443  0.525129509  0.112508847
  7.45497185E-06  0.506821067
  0.617903218  0.337423793  0.587513131  0.546182795  0.120575385
  8.15244031E-06  0.517573291
  0.670031781  0.3519587  0.632322361  0.569079204  0.129071272  8.93450689E-06
  0.528321663
  0.717371792  0.367096892  0.675020302  0.590146983  0.138069677
  9.81196986E-06  0.539055072
  0.760357268  0.382925435  0.715134789  0.612553651  0.147409015
  1.08047985E-05  0.549813638
  0.799775211  0.398893  0.752398095  0.632459333  0.157273941  1.19249399E-05
  0.560637357
  0.834860238  0.415308548  0.787027866  0.652368562  0.167821171
  1.31855608E-05  0.57145336
  0.866156536  0.432564378  0.818907853  0.670292955  0.17911694
  1.46157976E-05  0.582340436
  0.892990568  0.450444153  0.848198422  0.689810852  0.191081597
  1.6247535E-05  0.593514901
  0.915885438  0.468848815  0.874575356  0.70835613  0.203741439
  1.81491196E-05  0.604858465
  0.934945503  0.487648851  0.89822687  0.727496209  0.217406351
  2.03817558E-05  0.616601848
  0.950505846  0.507018597  0.918845567  0.745648926  0.231680712
  2.29840876E-05  0.628931712
  0.963123212  0.526866488  0.9367825  0.763429783  0.246982368  2.6048134E-05
  0.640814582
  0.973016381  0.547387659  0.952062386  0.781133816  0.262847684
  2.97418321E-05  0.653532945
  0.980611357  0.568828898  0.964771004  0.799223425  0.280693944
  3.42096204E-05  0.666658163
  0.986324455  0.591102166  0.974645201  0.818445635  0.300439113
  3.99426572E-05  0.680344115
  0.990455509  0.614687229  0.982248555  0.83856606  0.322468779
  4.71326901E-05  0.694691533
  0.993398896  0.63953522  0.987833912  0.856617531  0.345235312
  5.66789911E-05  0.709915234
  0.995527194  0.666743415  0.991854504  0.875965335  0.37131048
  6.97419214E-05  0.725656923
  0.997076124  0.695780678  0.994650586  0.893026353  0.402360285
  8.72441829E-05  0.743192613
  0.998186065  0.72762728  0.996642756  0.914663125  0.440169995
  0.000112055394  0.761813
  0.998947641  0.765890027  0.998053856  0.935213918  0.490620852
  0.000151251761  0.785469314
  0.999449108  0.8052174  0.999004929  0.956200501  0.545841267  0.000232116108
  0.807913512
  0.999747734  0.883044639  0.999575426  0.977131988  0.683965457  0.0149513468
  0.872104454
  1.  1.  1.  1.  1.  1.  1.
