  951.593841  633338700.
  0.00147711709  0.0120113913  0.00154093002  0.0186803994  0.00180918607
  3.80186916E-07  0.11587991
  0.00462202305  0.0247193555  0.00366266915  0.038005831  0.00346640782
  6.66210452E-07  0.18661388
  0.00949499788  0.0349095366  0.00664128939  0.0568682095  0.00569932113
  8.24426449E-07  0.210347953
  0.0177654974  0.0452496254  0.0105869379  0.0768908066  0.00808974707
  9.93590265E-07  0.235145481
  0.0279064731  0.0551450403  0.0153025616  0.0988671745  0.0108032249
  1.15445724E-06  0.255841612
  0.039816836  0.063584837  0.020682661  0.119456828  0.0138119278
  1.31085264E-06  0.272788956
  0.0531743769  0.0722179169  0.0270579692  0.140270842  0.0169694028
  1.46871387E-06  0.288671588
  0.0690689522  0.0823514902  0.0346392026  0.160999252  0.0203241313
  1.62849797E-06  0.303033376
  0.0863928009  0.0937729746  0.0441890013  0.181105267  0.023907974
  1.7913554E-06  0.317687503
  0.105286512  0.105578177  0.0554005983  0.199497809  0.0277043577
  1.95854926E-06  0.331907577
  0.125211535  0.117167272  0.0684596902  0.21921695  0.0318016701
  2.13045193E-06  0.345122497
  0.146474051  0.128869254  0.08348445  0.236106686  0.0361802333
  2.30755413E-06  0.357968531
  0.168952617  0.140804708  0.10055532  0.254940607  0.0399268075
  2.49154211E-06  0.370443645
  0.192580329  0.152819522  0.119860319  0.272604786  0.0441688761
  2.68388729E-06  0.381855124
  0.217355493  0.164872775  0.141995098  0.291046483  0.0483492644
  2.885772E-06  0.392890828
  0.243244424  0.177159565  0.166940615  0.311465597  0.0532719702
  3.09807859E-06  0.403585557
  0.270133806  0.18996938  0.194540061  0.331603055  0.0586806592
  3.32219974E-06  0.41411359
  0.297817804  0.20283666  0.224858229  0.351003123  0.064147754
  3.55828283E-06  0.42502022
  0.326068809  0.215390998  0.257777652  0.369856037  0.0699567763
  3.80996616E-06  0.435843721
  0.35470587  0.228004298  0.293560189  0.389828736  0.0761650664
  4.07703313E-06  0.446666891
  0.383621553  0.240043985  0.331784485  0.410534959  0.0827120157
  4.36106342E-06  0.457800895
  0.412749015  0.252786017  0.372085872  0.431471828  0.0895009883
  4.66198211E-06  0.468342533
  0.442150603  0.26576867  0.414063881  0.451713921  0.096603174
  4.98435672E-06  0.47824676
  0.471815331  0.279123852  0.457279834  0.471413812  0.104016535
  5.33167919E-06  0.488641171
  0.501465412  0.29358823  0.501249368  0.490731399  0.111637167  5.7066927E-06
  0.498117701
  0.530940301  0.30847236  0.544997145  0.510559754  0.119507132
  6.11132711E-06  0.508048352
  0.560177676  0.323398765  0.587895437  0.531309786  0.127825581
  6.54759548E-06  0.518267445
  0.589317036  0.338310496  0.629717669  0.551933195  0.136793142
  7.02100613E-06  0.528686376
  0.618322344  0.35345643  0.670101829  0.572332371  0.146119153  7.5391531E-06
  0.539540767
  0.647220625  0.369202687  0.708325192  0.592692529  0.155652222
  8.11139821E-06  0.550622255
  0.675780187  0.385495359  0.743992013  0.612951399  0.165672509
  8.74838225E-06  0.561299667
  0.703839019  0.402043285  0.776792428  0.633188571  0.176248845
  9.46246529E-06  0.571327435
  0.730880339  0.418761309  0.806971766  0.653426036  0.18794438
  1.02731706E-05  0.581432562
  0.757281415  0.435834792  0.834427294  0.673652038  0.200348936
  1.11968682E-05  0.591947298
  0.782612468  0.453399239  0.859152813  0.693929483  0.213635638
  1.22619661E-05  0.603456258
  0.807142179  0.471531216  0.88132909  0.714291409  0.228141297
  1.34872821E-05  0.615402731
  0.830389504  0.49036635  0.900747391  0.734879133  0.243399922
  1.49038625E-05  0.627527345
  0.852987542  0.509955184  0.917684024  0.75583064  0.258725262
  1.65458659E-05  0.640069651
  0.873955384  0.530652462  0.932338115  0.776498182  0.275388547
  1.85095236E-05  0.653188351
  0.893759179  0.552308509  0.944988482  0.796801529  0.293987356
  2.09467279E-05  0.666630096
  0.912147202  0.574798325  0.956053482  0.817127907  0.315687497
  2.40246637E-05  0.68064058
  0.929108236  0.598495802  0.965524654  0.837759355  0.339559542
  2.80591334E-05  0.69519388
  0.944653679  0.623825843  0.973821728  0.858505592  0.365778811
  3.35305461E-05  0.710305572
  0.958443321  0.651451438  0.98005034  0.87922239  0.396614443  4.14611914E-05
  0.726432487
  0.970392897  0.681584304  0.985179646  0.899327511  0.432810659
  5.42700154E-05  0.743705626
  0.980778707  0.715074599  0.989396007  0.919680832  0.476669035
  7.5204264E-05  0.762930408
  0.989408359  0.752019698  0.993224677  0.940300096  0.528526324
  0.000114783718  0.78570796
  0.995619871  0.793780695  0.996435098  0.960391359  0.600076585
  0.000362896265  0.811158886
  0.998519071  0.865224781  0.998556864  0.980612359  0.750459559
  0.00115607288  0.866467799
  1.  1.  1.  1.  1.  1.  1.
