  16348.9621  3.08566745E+11
  0.000301717204  0.00783797711  0.000466717011  0.0223466031  0.00320713746
  6.06249981E-07  0.131976856
  0.000777951287  0.0149759023  0.00112989026  0.0433446058  0.00665603823
  1.03893171E-06  0.194009454
  0.00166881131  0.0230139052  0.00213703783  0.0649163679  0.0104519894
  1.31680762E-06  0.219966318
  0.00295407789  0.0305408049  0.00377562622  0.085751565  0.0144753772
  1.58073974E-06  0.243816966
  0.00467618606  0.0382207409  0.00580663291  0.106162589  0.0188125119
  1.83577146E-06  0.263573648
  0.0068415989  0.0459009549  0.00821150398  0.126683119  0.0235623827
  2.08281572E-06  0.280931541
  0.00964182753  0.0537508601  0.010835861  0.146983068  0.0282730041
  2.33367126E-06  0.29688848
  0.0129649391  0.0607582983  0.0140862551  0.167876218  0.0332090276
  2.595451E-06  0.312117016
  0.0168834394  0.0669468533  0.0179449731  0.188516342  0.0383882846
  2.86937214E-06  0.326677563
  0.0218042184  0.0735204036  0.0228378017  0.208814241  0.0438249768
  3.15127762E-06  0.340372557
  0.0274714679  0.080192633  0.0288380407  0.229039892  0.0495900404
  3.43397341E-06  0.35332257
  0.0343356405  0.08834898  0.0363284199  0.249153301  0.0555985074
  3.72723454E-06  0.365806491
  0.0427826422  0.0973990804  0.0456467851  0.269423842  0.0617109051
  4.03742885E-06  0.377936209
  0.0526277611  0.105381144  0.056815429  0.288601811  0.0684509114
  4.38357625E-06  0.389827677
  0.0644980341  0.113048928  0.0702111402  0.307823071  0.0738185552
  4.75343444E-06  0.401390798
  0.078964184  0.120763678  0.0859989715  0.327687916  0.0790620823
  5.14190745E-06  0.412123975
  0.0972100365  0.129464166  0.104493106  0.34786951  0.0845658676
  5.54973403E-06  0.42338431
  0.119904559  0.139494281  0.126330071  0.368435204  0.0901400918
  5.98113839E-06  0.433646367
  0.14803348  0.149729408  0.151606932  0.389065828  0.0967232398
  6.44432292E-06  0.443926423
  0.183293145  0.160354594  0.182689165  0.40968801  0.103072293  6.9444402E-06
  0.454357609
  0.22834185  0.171087005  0.220217664  0.430773405  0.110826986
  7.47620979E-06  0.465379345
  0.286242104  0.181860901  0.266823534  0.451942351  0.118998591
  8.0384924E-06  0.476405044
  0.359126411  0.192511803  0.322680383  0.473496045  0.127058555
  8.64629113E-06  0.485695668
  0.446403759  0.203523793  0.389155334  0.495371247  0.135681011
  9.32070821E-06  0.494807692
  0.539837801  0.214877512  0.463665788  0.517638926  0.144374343
  1.00644852E-05  0.504082622
  0.629092835  0.226636026  0.541111157  0.539661925  0.153463856
  1.08500856E-05  0.514249856
  0.70473364  0.239169843  0.614924581  0.560731947  0.163440782
  1.17023673E-05  0.525169681
  0.765476385  0.251503368  0.678910383  0.579238916  0.173880748
  1.26285342E-05  0.535865018
  0.811684707  0.264875309  0.733243467  0.597519846  0.184856993
  1.36511121E-05  0.547567289
  0.848014981  0.278956162  0.779240281  0.615304658  0.196359175
  1.48151701E-05  0.556956963
  0.875246331  0.293004482  0.817989915  0.634707033  0.208042661
  1.61247946E-05  0.565367068
  0.89755713  0.307972097  0.85068963  0.654297382  0.220404233  1.76513703E-05
  0.573927154
  0.915911892  0.32389336  0.877826646  0.673453985  0.233591013
  1.93715308E-05  0.581958964
  0.931955975  0.34052696  0.899897833  0.692878643  0.247209216
  2.13579919E-05  0.592706391
  0.94512378  0.357487782  0.917604817  0.713465007  0.261589172
  2.33765523E-05  0.604955299
  0.955917738  0.374837022  0.932328835  0.734864845  0.276345538
  2.5666898E-05  0.616478996
  0.96452424  0.393160373  0.944649473  0.755051809  0.292013511
  2.83614305E-05  0.62848496
  0.971638532  0.413015796  0.955400343  0.774086111  0.309580233
  3.1611049E-05  0.64023057
  0.977466047  0.434305934  0.964395495  0.792798839  0.329185497
  3.5683338E-05  0.652896787
  0.982210785  0.456909981  0.972029065  0.812618865  0.349682411
  4.0591013E-05  0.666154594
  0.986251229  0.480960236  0.978122629  0.833344752  0.372196716
  4.65998676E-05  0.680622938
  0.989233131  0.507270734  0.983354814  0.854177068  0.396856484
  5.48510122E-05  0.694375277
  0.991726928  0.535819215  0.987331914  0.874569886  0.424607365
  6.62704682E-05  0.708329221
  0.993826693  0.567351119  0.990715898  0.895866019  0.455946043  8.105774E-05
  0.723054437
  0.995707816  0.602357676  0.993588726  0.911537814  0.493036707
  0.000103585081  0.738997245
  0.997309198  0.643627173  0.995878118  0.927237262  0.536433041
  0.000136004842  0.758119546
  0.998543379  0.690468002  0.997614477  0.942654507  0.586265782
  0.000202633713  0.78066481
  0.999287015  0.758732548  0.998807584  0.956288805  0.663686526
  0.000299993561  0.804998037
  0.999705873  0.861000405  0.999487437  0.977661037  0.796009684
  0.000713794023  0.865622433
  1.  1.  1.  1.  1.  1.  1.
