  46465.0099  9.17653067E+09
  0.000204534458  0.00827696067  0.000280991008  0.0228698177  0.00303136457
  4.92434021E-07  0.123535308
  0.000524858294  0.0159159342  0.000561982016  0.0437885425  0.00680311263
  8.56652432E-07  0.194331794
  0.00118441042  0.0235878792  0.000956015106  0.0532305435  0.0105745783
  1.07383392E-06  0.21720662
  0.00205694839  0.0313287583  0.00144739229  0.0626890357  0.0148689528
  1.31675039E-06  0.242038371
  0.00350686706  0.0395862008  0.00235400581  0.0724863265  0.019323607
  1.55101636E-06  0.262190792
  0.00568402541  0.0475829767  0.00401109232  0.0823181744  0.024118648
  1.78730871E-06  0.280046959
  0.00870027177  0.0557576756  0.00637884501  0.0930011136  0.0291409332
  2.03288841E-06  0.296473144
  0.0129476395  0.0636636182  0.0095288094  0.103917468  0.034195867
  2.28708327E-06  0.311628116
  0.0187656914  0.0718785143  0.01418731  0.126614275  0.0395513076
  2.54681753E-06  0.326008683
  0.0263518558  0.0806724243  0.0202557326  0.148070573  0.0452579013
  2.81403587E-06  0.339859989
  0.0359110604  0.0889509553  0.0276601748  0.168275706  0.0514412804
  3.09824762E-06  0.353588288
  0.0476764187  0.0974320073  0.0370184418  0.188724882  0.0575695562
  3.4023097E-06  0.366886912
  0.0622019439  0.106706864  0.0485006706  0.210937344  0.0637896004
  3.72692262E-06  0.379986993
  0.0803306511  0.116727587  0.0627247672  0.232331647  0.0699843776
  4.07097715E-06  0.392772923
  0.10322249  0.126930055  0.0796437207  0.25403408  0.0765104687
  4.44260379E-06  0.404647012
  0.130502254  0.137372818  0.099874253  0.276531617  0.0835334379
  4.84032923E-06  0.41653459
  0.162571788  0.148328149  0.123804136  0.298825079  0.0907374031
  5.25708222E-06  0.427568772
  0.200083858  0.159209932  0.152129291  0.32074617  0.0988125467
  5.69928619E-06  0.43932691
  0.242279608  0.170390168  0.184308085  0.34305792  0.106813468  6.1780114E-06
  0.450821463
  0.288672405  0.181625492  0.220222896  0.364740691  0.115146258
  6.70109292E-06  0.462170559
  0.338888706  0.193269894  0.260095785  0.3863249  0.123716709  7.27173275E-06
  0.473883212
  0.39300147  0.205258287  0.303602278  0.407683185  0.133034734
  7.87618434E-06  0.485672798
  0.448127703  0.217828147  0.350539572  0.428489476  0.142742503
  8.52708899E-06  0.497006007
  0.502243256  0.230884407  0.398593352  0.449477791  0.152558805
  9.22925713E-06  0.505690365
  0.556460144  0.244328012  0.448140915  0.46941994  0.162752619
  1.00113937E-05  0.510861195
  0.610177929  0.252017286  0.498773735  0.490481424  0.173728753
  1.08933845E-05  0.516100082
  0.663140508  0.258331227  0.549828773  0.512567597  0.185504833
  1.18868866E-05  0.521438127
  0.712835582  0.264824449  0.599832948  0.535659779  0.197383663
  1.30034099E-05  0.526803078
  0.758927815  0.271356754  0.647823564  0.557605912  0.210336897
  1.42248856E-05  0.532206993
  0.801175388  0.277911451  0.694540475  0.578086587  0.223345485
  1.5610699E-05  0.540081271
  0.837738854  0.284470459  0.738099179  0.597503446  0.23516074
  1.72388078E-05  0.551547188
  0.869799818  0.298349183  0.777999363  0.616907015  0.241778352
  1.91578508E-05  0.562732947
  0.896920363  0.313595053  0.81421258  0.638148829  0.248582466
  2.13669727E-05  0.573932839
  0.919498273  0.327848986  0.847098466  0.659582057  0.25579031
  2.39588009E-05  0.585422996
  0.937965921  0.344059017  0.87575866  0.681126098  0.263260364
  2.71190851E-05  0.596759231
  0.95314055  0.360809841  0.899812584  0.702298217  0.271257745
  3.10229027E-05  0.608913653
  0.965365122  0.378295844  0.919383144  0.723709686  0.28263456
  3.58371132E-05  0.620967811
  0.974919376  0.396791082  0.935707316  0.745706805  0.300597278
  4.20329696E-05  0.63371738
  0.981996911  0.416222599  0.949709214  0.767576219  0.318944221
  5.01576425E-05  0.647276749
  0.987429635  0.437853023  0.961603748  0.789606888  0.337316026
  6.11090623E-05  0.66121781
  0.991550593  0.46147849  0.971461361  0.810745939  0.356772908
  7.68268637E-05  0.675155825
  0.994655603  0.486443487  0.979347184  0.831389649  0.379728115
  0.000103375614  0.690373543
  0.996610143  0.514045383  0.985580042  0.85116072  0.405781789
  0.000143434379  0.703948912
  0.997960497  0.54426748  0.990193417  0.871381894  0.434738835
  0.000179828457  0.72110559
  0.998870624  0.578817058  0.99365057  0.892299513  0.468637147  0.00021372675
  0.738229357
  0.999318571  0.618318128  0.996356818  0.912933361  0.50803432
  0.000377170584  0.758976606
  0.9995625  0.661950544  0.998159342  0.93536431  0.560692587  0.000628200465
  0.785410449
  0.999747188  0.715203215  0.999059303  0.95604111  0.618338146  0.0009753123
  0.808023988
  0.999873594  0.803450537  0.999639032  0.978775512  0.746959687
  0.00137430091  0.877756302
  1.  1.  1.  1.  1.  1.  1.
