  121082.121  1.63871878E+10
  0.000221040447  0.0107902587  0.000572863068  0.0225901981  0.00259337092
  5.11296103E-07  0.118711316
  0.000520264964  0.0207759624  0.00115759689  0.0446670276  0.00551368717
  8.66363934E-07  0.182823373
  0.00100950364  0.0301874372  0.0019360459  0.0691824164  0.00892161512
  1.13014664E-06  0.216509555
  0.00215266298  0.0394516456  0.0035025288  0.0851014782  0.0126128274
  1.36231421E-06  0.23918021
  0.00440172731  0.04847068  0.00635763351  0.10111701  0.0164880235
  1.5914913E-06  0.260352343
  0.00746099413  0.0571361526  0.00999540778  0.117322737  0.0208282647
  1.81046332E-06  0.279327318
  0.0116650688  0.0652943553  0.0146290856  0.131795964  0.0251925605
  2.03282142E-06  0.296520377
  0.0168509192  0.0736215016  0.0196073467  0.149572668  0.0301361465
  2.25940267E-06  0.312721345
  0.023024213  0.0822423935  0.0246500806  0.171082249  0.0350023556
  2.49294853E-06  0.327933104
  0.0302033691  0.091335873  0.0305209085  0.192380383  0.0401406898
  2.73435499E-06  0.342277993
  0.0391061136  0.101572026  0.0371141895  0.212716933  0.0455105236
  2.98293992E-06  0.356062846
  0.0498149629  0.113378016  0.0449034171  0.234820703  0.0510030573
  3.25119809E-06  0.369744505
  0.0624286173  0.119987455  0.0556511099  0.257713596  0.056566199
  3.54389726E-06  0.383377438
  0.0771484327  0.127319649  0.0687573415  0.280115764  0.0624839278
  3.84920149E-06  0.396777464
  0.0939919932  0.135336282  0.0836196264  0.301587061  0.0686485363
  4.16716764E-06  0.409376122
  0.113759028  0.143203323  0.10076412  0.322303855  0.0747660749
  4.50506597E-06  0.422254313
  0.137172627  0.153302468  0.120888145  0.343805073  0.0808944798
  4.85132436E-06  0.434375473
  0.164287679  0.166032287  0.145213014  0.36584393  0.087296001
  5.23604757E-06  0.446011917
  0.196434455  0.17830982  0.175476997  0.388316929  0.0940247554
  5.65165551E-06  0.457621966
  0.234720999  0.191602226  0.211310184  0.406955198  0.101723839
  6.10333108E-06  0.469265448
  0.279860027  0.204638445  0.252805303  0.424425703  0.110208482
  6.59580963E-06  0.480684606
  0.333620712  0.21842313  0.301588795  0.441694059  0.117324459
  7.11332973E-06  0.491336869
  0.392433954  0.232347553  0.357629807  0.459424865  0.123047921
  7.66356379E-06  0.501635931
  0.45781154  0.246669351  0.419628486  0.47890158  0.129789122  8.24773389E-06
  0.512036616
  0.525658576  0.261333219  0.485871902  0.500912338  0.136126748
  8.88081994E-06  0.521685147
  0.592765044  0.276916489  0.553973576  0.523499592  0.144894092
  9.58243303E-06  0.528523883
  0.654298816  0.292662661  0.620376274  0.545662679  0.157120577
  1.03869683E-05  0.537063822
  0.707830122  0.301629748  0.680854344  0.568441665  0.168341272
  1.13372451E-05  0.545199896
  0.754929194  0.310345534  0.732362911  0.590133154  0.180391717
  1.24155557E-05  0.55485109
  0.79494155  0.318979167  0.774303976  0.61181156  0.192761264  1.35925451E-05
  0.564496422
  0.830476057  0.327927098  0.810019605  0.622404925  0.206359271
  1.48658621E-05  0.570618625
  0.860189848  0.336205193  0.84040276  0.634798199  0.22013644  1.62601434E-05
  0.57752479
  0.884260887  0.348356382  0.866376391  0.647144382  0.229107981
  1.78404637E-05  0.584077725
  0.904052264  0.367787978  0.888644725  0.659716424  0.237569497
  1.97828507E-05  0.590469737
  0.920891503  0.384876019  0.907817147  0.670968364  0.246222081
  2.20328749E-05  0.596867541
  0.935547103  0.402288349  0.924728906  0.685419291  0.255077512
  2.43058467E-05  0.608953671
  0.947940391  0.420422222  0.939512466  0.707926799  0.263504417
  2.66287126E-05  0.621419093
  0.958567918  0.44047429  0.952027956  0.72983919  0.277303411  2.93388777E-05
  0.633842958
  0.966022916  0.462668666  0.961743215  0.752337368  0.297339628
  3.2554691E-05  0.646859662
  0.972573228  0.486123799  0.969694035  0.775431691  0.318599662
  3.66312544E-05  0.661608017
  0.978438827  0.511467786  0.976582479  0.79859006  0.340628691
  4.32573814E-05  0.674523902
  0.983136364  0.539883929  0.982453918  0.821580751  0.364491222
  5.26602036E-05  0.687327885
  0.987911474  0.570593797  0.987666412  0.843749983  0.391700694
  6.63638268E-05  0.700451866
  0.992078707  0.605332796  0.991412276  0.864635073  0.423190985
  9.00920328E-05  0.714483638
  0.995302908  0.644013727  0.994514988  0.885250655  0.460518704
  0.000132620276  0.732876438
  0.99775667  0.684040594  0.996926607  0.906315937  0.505874647
  0.000172285753  0.753958196
  0.998877829  0.72266149  0.998394642  0.928786174  0.561183947
  0.000201029677  0.776523717
  0.999391694  0.783943313  0.999067368  0.952518011  0.651242286
  0.000860236082  0.80648929
  0.999749848  0.876834477  0.999568527  0.975344141  0.797741632
  0.00239278463  0.864271314
  1.  1.  1.  1.  1.  1.  1.
