  3926.38085  1.20915853E+09
  0.0012375662  0.0077119507  0.00264699692  0.0206701491  0.00177320199
  3.78452021E-07  0.126877919
  0.00325863658  0.0164755343  0.00579489675  0.0399540345  0.00386328173
  6.18055222E-07  0.188052603
  0.00709942689  0.0239232218  0.0105126917  0.0601839212  0.00629838059
  7.68993997E-07  0.212707371
  0.0124911403  0.033277016  0.016295201  0.0804446859  0.00897306184
  9.14773444E-07  0.234998044
  0.019637049  0.0432907488  0.0234562145  0.10046814  0.0119657733
  1.05430147E-06  0.254568565
  0.0285620165  0.0533589466  0.03239201  0.119484669  0.0151990577
  1.18988134E-06  0.272010033
  0.0391635803  0.06340124  0.0425691465  0.140789798  0.0184206879
  1.32314879E-06  0.288809719
  0.0517189469  0.0735764989  0.0540692645  0.159557199  0.0217989271
  1.45627989E-06  0.303057815
  0.066230774  0.0838975241  0.0670611751  0.179116859  0.0255445883
  1.59369596E-06  0.316926425
  0.0825141413  0.0943994804  0.081555036  0.199960914  0.0296737652
  1.73276098E-06  0.33075349
  0.100504773  0.105170353  0.0979618647  0.218981622  0.0339666294
  1.87628465E-06  0.343262421
  0.120272307  0.116080663  0.116680896  0.238631453  0.0384071725
  2.02381408E-06  0.356336265
  0.141693538  0.12703216  0.137282162  0.25891729  0.0431503812  2.1782804E-06
  0.366974804
  0.164911597  0.13799303  0.159792316  0.278170016  0.0479032556
  2.33960739E-06  0.379175658
  0.189834459  0.149383919  0.183967849  0.297866186  0.0530196674
  2.50589385E-06  0.391418944
  0.216326847  0.160876527  0.209734138  0.31743431  0.0583972589
  2.67882262E-06  0.402026305
  0.244303699  0.172554173  0.237027493  0.337332821  0.0640300433
  2.86150605E-06  0.413491836
  0.273658075  0.184926382  0.265869423  0.356951056  0.0700126211
  3.05673852E-06  0.424620143
  0.30395095  0.197136279  0.296479674  0.376743101  0.0762496416
  3.26487459E-06  0.435128938
  0.335193191  0.209267336  0.328484043  0.396692828  0.082781065
  3.48746572E-06  0.446105156
  0.36721905  0.222217167  0.361278546  0.416358452  0.089499415
  3.72341254E-06  0.457001392
  0.400153824  0.234738919  0.394994895  0.436196271  0.096574436
  3.97566092E-06  0.467529866
  0.434002808  0.247570744  0.429923958  0.456437843  0.103963347
  4.24399075E-06  0.478204574
  0.467948995  0.261498875  0.466003113  0.476703184  0.111754487
  4.53116217E-06  0.48880089
  0.50157322  0.274983358  0.502231963  0.497110507  0.120072634
  4.84320049E-06  0.499343446
  0.534903737  0.288822306  0.538291806  0.517619789  0.128576329
  5.1762706E-06  0.510234954
  0.568237386  0.303264599  0.573707238  0.538021239  0.137751239
  5.53946356E-06  0.520693158
  0.601765627  0.317997731  0.609199533  0.558655829  0.146912586
  5.93222647E-06  0.53116023
  0.634584225  0.333010443  0.643679242  0.578555363  0.156849472
  6.37114336E-06  0.541616198
  0.66633808  0.348382878  0.677002718  0.598515247  0.167045153
  6.85626219E-06  0.551905328
  0.697173918  0.364343474  0.709073779  0.61815189  0.178076607  7.3890046E-06
  0.562650921
  0.726726173  0.38070379  0.739589725  0.637595259  0.189724887
  7.97453208E-06  0.573436407
  0.755612683  0.397970701  0.767374353  0.657466568  0.201978323
  8.62214865E-06  0.584384898
  0.783219996  0.415483174  0.796504393  0.677356885  0.215000297
  9.37063606E-06  0.595471763
  0.809486495  0.433473824  0.820698604  0.697462085  0.228869442
  1.02172921E-05  0.607087593
  0.834384307  0.451392003  0.844496009  0.71775477  0.243758381
  1.11989815E-05  0.618803213
  0.85800049  0.470204998  0.866601861  0.737940244  0.259694681
  1.23444485E-05  0.631308357
  0.879387775  0.489578997  0.885746836  0.758218918  0.276781303
  1.37077851E-05  0.643708521
  0.899528138  0.511133498  0.903570134  0.779458489  0.294936183
  1.5351084E-05  0.65644509
  0.917659108  0.532635268  0.919872135  0.799528556  0.314485519
  1.73201233E-05  0.669556013
  0.933995869  0.554509209  0.934191238  0.818900945  0.335839198
  1.97581071E-05  0.683245062
  0.948581049  0.578826988  0.94719699  0.839078053  0.359782153
  2.28574498E-05  0.697103131
  0.961120068  0.604142153  0.958618292  0.857712456  0.386532741
  2.69389162E-05  0.712166723
  0.97167944  0.631592799  0.968349307  0.878646444  0.416828611  3.2753397E-05
  0.726847749
  0.980414381  0.661955221  0.976759171  0.899255282  0.452716268
  4.21857555E-05  0.744759493
  0.987676634  0.695288028  0.983537037  0.919383813  0.494727604
  5.76227688E-05  0.764892536
  0.992980864  0.735669377  0.989641793  0.939707196  0.545325426
  7.10664239E-05  0.787436955
  0.996816971  0.777284686  0.994204604  0.959944803  0.61486083
  0.000127239753  0.81549372
  0.998899105  0.859497474  0.997525943  0.979907342  0.711396467
  0.000345129531  0.876948489
  1.  1.  1.  1.  1.  1.  1.
