  6510.49767  1.91377129E+09
  0.000144113974  0.0087527735  0.000393923378  0.023361039  0.00252392594
  5.50278295E-07  0.126021557
  0.000326267044  0.0168447011  0.0009711236  0.0451753663  0.00541111278
  9.21456576E-07  0.188461082
  0.000701625369  0.0247068802  0.00199172101  0.0668405821  0.00868839463
  1.15009975E-06  0.215821581
  0.00147359668  0.0318538748  0.00343614387  0.0886924855  0.0122596867
  1.37105688E-06  0.239518985
  0.00255823768  0.0394357609  0.00529594135  0.108708369  0.0160945842
  1.58978173E-06  0.260047292
  0.00406802011  0.0476469729  0.00814172344  0.129035261  0.020184449
  1.80517383E-06  0.27818634
  0.00612939282  0.0551384256  0.0121197031  0.149348402  0.0243866322
  2.02191192E-06  0.294564363
  0.00892665604  0.0631260654  0.0172896399  0.169344475  0.0287738061
  2.24210167E-06  0.309456117
  0.0126685822  0.0717280129  0.0240829931  0.189572212  0.0334546736
  2.46859532E-06  0.323014457
  0.0175080321  0.0799476471  0.0326927901  0.209683904  0.0383700319
  2.70320139E-06  0.335788547
  0.0237129631  0.0868050413  0.0433238791  0.229175912  0.042818773
  2.94801368E-06  0.348428125
  0.0314935794  0.0939609062  0.0562171856  0.248401621  0.0474152304
  3.20085886E-06  0.361032573
  0.0411635181  0.100861641  0.0716560519  0.268203113  0.0524139399
  3.4674086E-06  0.373343848
  0.0530445023  0.108477708  0.0901042588  0.287858502  0.0579783876
  3.74605202E-06  0.385213949
  0.067725386  0.118567218  0.11168212  0.307918182  0.06396893  4.04691853E-06
  0.396436121
  0.0856137357  0.128671283  0.13671964  0.327716572  0.0702128136
  4.36546251E-06  0.408251986
  0.107497082  0.138838125  0.165086935  0.347400241  0.0761739891
  4.70212999E-06  0.419969105
  0.134022404  0.149295084  0.197096008  0.36747763  0.0822489606
  5.05687112E-06  0.430574202
  0.165386056  0.160076403  0.232438759  0.387668709  0.0885645319
  5.43518428E-06  0.437859797
  0.202794675  0.171262892  0.271524854  0.408355525  0.0952521852
  5.8418505E-06  0.445873705
  0.246823999  0.182757842  0.313835626  0.428650171  0.102972146
  6.27948254E-06  0.453400913
  0.298014359  0.194377496  0.359995841  0.44909455  0.110850217
  6.75152158E-06  0.462924283
  0.355806683  0.206224613  0.408788704  0.470260455  0.118940793
  7.26205815E-06  0.474250831
  0.418625518  0.218552407  0.459326214  0.49211626  0.127301441
  7.81798242E-06  0.485073321
  0.484486968  0.231364383  0.510645383  0.513946961  0.136075124
  8.42229391E-06  0.495754017
  0.550966922  0.244401119  0.562245502  0.535253292  0.145422998
  9.09441642E-06  0.506438238
  0.615970793  0.257675033  0.612658864  0.555402453  0.155203202
  9.82590444E-06  0.517151693
  0.676810685  0.271465807  0.660346676  0.573658681  0.165540583
  1.06401603E-05  0.527955734
  0.731513737  0.285766775  0.704953494  0.59229873  0.176552441
  1.15365819E-05  0.538808888
  0.778668737  0.300602963  0.746375662  0.610893638  0.187967886
  1.25441162E-05  0.549874082
  0.819225288  0.315193004  0.78436731  0.63247388  0.200121735  1.36729162E-05
  0.56090421
  0.853582563  0.330895193  0.818290883  0.652907117  0.212731064
  1.4937216E-05  0.571723265
  0.882427379  0.34678004  0.848100428  0.672888643  0.223486051
  1.63671106E-05  0.582949466
  0.906252091  0.363844374  0.874165503  0.692013062  0.233934199
  1.80029279E-05  0.594183895
  0.925815122  0.381357067  0.897190345  0.712056036  0.245039871
  1.99014206E-05  0.605590406
  0.941804625  0.398885028  0.917255367  0.732204978  0.256040453
  2.21320739E-05  0.61740031
  0.954870525  0.417022693  0.934346178  0.752584672  0.271860423
  2.47824641E-05  0.629726763
  0.965338532  0.436472008  0.948740087  0.773626667  0.28950394
  2.79651145E-05  0.642475791
  0.973688178  0.457331151  0.960744161  0.794078732  0.307668295
  3.18531174E-05  0.655570069
  0.980370621  0.479395095  0.970601944  0.809077666  0.326931788
  3.66753232E-05  0.669554296
  0.985673047  0.503192398  0.97848291  0.824972281  0.3475704  4.27506719E-05
  0.684159184
  0.989792194  0.529204765  0.98459226  0.840920181  0.36947657  5.05612418E-05
  0.69866768
  0.992917115  0.557257764  0.989265856  0.856614297  0.39419012  6.1438235E-05
  0.712844401
  0.995302485  0.587300238  0.992764455  0.878116066  0.423374503
  7.77141721E-05  0.727715667
  0.997089501  0.620100208  0.995330065  0.899257404  0.456292711
  0.000103993185  0.743961014
  0.998299601  0.658149728  0.997199357  0.919051062  0.496296692
  0.000155774875  0.765376817
  0.999026898  0.70151009  0.998553588  0.940848045  0.546082369
  0.000241083914  0.788348663
  0.999543367  0.754490182  0.99930322  0.959743521  0.603028659
  0.000663060491  0.812249637
  0.999789594  0.844651957  0.999701478  0.977133024  0.738148017
  0.00209526222  0.871894597
  1.  1.  1.  1.  1.  1.  1.
