file CF_noEff CF_eff Delta_CF sigma_Delta_CF phase_noEff phase_Eff Delta_phase sigma_Delta_phas
autoRnd_0.out  0.582113   0.570596    -0.0115175   0.0140953  45.6244   42.5965    -3.02792   0.571129
autoRnd_1.out  0.455132   0.455365    0.000233339   0.0139659  141.244   134.128    -7.11573   0.557306
autoRnd_10.out  0.763243   0.767225    0.0039821   0.0140197  -147.927   -150.463    -2.53618   0.548826
autoRnd_100.out  0.753082   0.763307    0.0102249   0.0140572  159.24   157.488    -1.75258   0.439052
autoRnd_101.out  0.673387   0.692234    0.0188477   0.0139626  -141.025   -139.867    1.15777   0.561929
autoRnd_102.out  0.361914   0.320449    -0.041465   0.0138746  94.5529   88.9458    -5.60706   0.409555
autoRnd_103.out  0.194623   0.190502    -0.00412156   0.0139493  -7.1742   -23.8554    -16.6812   0.471251
autoRnd_104.out  0.615058   0.621816    0.00675737   0.0140736  -4.73375   -8.9823    -4.24854   0.378222
autoRnd_105.out  0.631544   0.635511    0.00396631   0.0141084  77.178   73.2706    -3.90741   0.427285
autoRnd_106.out  0.381665   0.419501    0.0378362   0.0139289  87.0506   85.864    -1.18661   0.42768
autoRnd_107.out  0.369306   0.40847    0.0391641   0.0138558  139.804   137.387    -2.41706   0.557975
autoRnd_108.out  0.782968   0.794132    0.0111639   0.0139793  -174.454   -176.736    -2.28206   0.299513
autoRnd_109.out  0.680125   0.676033    -0.00409224   0.0140138  -104.447   -108.472    -4.02424   0.426595
autoRnd_11.out  0.671143   0.686194    0.0150511   0.0140427  -73.5337   -75.7319    -2.19826   0.417794
autoRnd_110.out  0.36179   0.33688    -0.0249095   0.0138787  -0.227151   -2.98439    -2.75724   0.463719
autoRnd_111.out  0.190463   0.124957    -0.0655059   0.012852  -151.057   -138.693    12.3641   0.512006
autoRnd_112.out  0.159244   0.121064    -0.0381795   0.0140998  -105.057   -87.8133    17.2438   0.596046
autoRnd_113.out  0.508847   0.529321    0.0204739   0.0137189  101.882   93.116    -8.76577   0.479378
autoRnd_114.out  0.553449   0.535643    -0.0178058   0.0140416  166.075   159.976    -6.09896   0.495712
autoRnd_115.out  0.0934143   0.0742714    -0.0191429   0.0130781  -81.0247   -108.676    -27.6515   0.506709
autoRnd_116.out  0.403584   0.437634    0.0340496   0.0139238  -176.411   -173.463    2.94837   0.353517
autoRnd_117.out  0.609171   0.654328    0.0451572   0.0140066  -97.5522   -97.8204    -0.26819   0.366165
autoRnd_118.out  0.579414   0.56506    -0.0143535   0.0140627  26.1715   24.0736    -2.09793   0.462889
autoRnd_119.out  0.134348   0.0822934    -0.0520547   0.01309  76.1702   82.4915    6.32132   0.565618
autoRnd_12.out  0.415534   0.474691    0.0591565   0.0137458  -49.4129   -46.9124    2.50048   0.555847
autoRnd_120.out  0.491185   0.508193    0.0170078   0.0141016  -4.09817   -2.78258    1.31559   0.440189
autoRnd_121.out  0.291669   0.25617    -0.0354988   0.0131695  12.3405   27.0289    14.6884   0.64282
autoRnd_122.out  0.284544   0.311824    0.02728   0.0140922  152.064   149.23    -2.83364   0.61474
autoRnd_123.out  0.366433   0.377626    0.0111935   0.014033  -155.121   -162.797    -7.67589   0.492566
autoRnd_124.out  0.338224   0.377561    0.0393376   0.0137799  -136.846   -138.388    -1.54182   0.562337
autoRnd_125.out  0.509987   0.545318    0.0353316   0.0140742  -79.5383   -80.0728    -0.534509   0.418245
autoRnd_126.out  0.0895617   0.0828779    -0.00668386   0.0132128  87.2264   45.4524    -41.7739   0.511896
autoRnd_127.out  0.20385   0.204029    0.000179086   0.0139733  64.5975   60.5103    -4.08718   0.579114
autoRnd_128.out  0.265157   0.256209    -0.00894779   0.0141221  100.614   83.8703    -16.7433   0.498379
autoRnd_129.out  0.482096   0.508436    0.0263393   0.0139515  109.638   104.685    -4.95358   0.492456
autoRnd_13.out  0.35046   0.405147    0.0546875   0.0136638  -5.67195   -5.35393    0.318025   0.417676
autoRnd_130.out  0.456857   0.472116    0.0152593   0.0138631  128.995   135.126    6.13116   0.564798
autoRnd_131.out  0.172977   0.216088    0.0431107   0.0137273  169.489   -170.25    -339.74   0.439659
autoRnd_132.out  0.100177   0.178733    0.0785559   0.0124875  -97.5517   -103.152    -5.60014   0.479154
autoRnd_133.out  0.524196   0.558721    0.0345254   0.0139556  -48.9519   -54.4567    -5.50479   0.557413
autoRnd_134.out  0.3859   0.398176    0.0122759   0.0138839  77.2467   67.3007    -9.94593   0.564066
autoRnd_135.out  0.206883   0.142481    -0.0644024   0.0133082  -88.0215   -91.5644    -3.54285   0.491095
autoRnd_136.out  0.457132   0.472461    0.0153294   0.0139249  16.5431   17.5909    1.0478   0.595097
autoRnd_137.out  0.357876   0.44326    0.0853839   0.0134775  138.456   134.526    -3.92963   0.549166
autoRnd_138.out  0.514221   0.540781    0.0265597   0.0139836  -139.282   -143.59    -4.30834   0.558913
autoRnd_139.out  0.249079   0.294158    0.0450795   0.0136828  -126.654   -126.868    -0.214037   0.569813
autoRnd_14.out  0.447379   0.430194    -0.0171849   0.0139952  26.4126   21.7372    -4.67537   0.521537
autoRnd_140.out  0.396156   0.407315    0.0111585   0.0137511  -126.921   -118.06    8.86148   0.507625
autoRnd_141.out  0.545961   0.569871    0.0239103   0.0138099  -73.311   -67.2162    6.09483   0.544608
autoRnd_142.out  0.471537   0.460505    -0.0110324   0.0138934  45.733   41.3113    -4.42169   0.56188
autoRnd_143.out  0.359322   0.331108    -0.0282146   0.0136421  164.644   155.613    -9.03178   0.521104
autoRnd_144.out  0.10074   0.108361    0.00762068   0.0136357  58.7944   94.2862    35.4917   0.480691
autoRnd_145.out  0.534491   0.549401    0.0149097   0.0138559  112.078   115.339    3.26158   0.517474
autoRnd_146.out  0.632968   0.648009    0.0150408   0.0137861  -169.873   -170.439    -0.56652   0.316391
autoRnd_147.out  0.402148   0.413022    0.0108734   0.0140367  -45.818   -54.9177    -9.09973   0.562871
autoRnd_148.out  0.0754186   0.112382    0.0369636   0.0131686  -32.1333   -53.8299    -21.6966   0.5428
autoRnd_149.out  0.592212   0.60498    0.0127681   0.0140001  -33.7293   -31.5316    2.19765   0.518176
autoRnd_15.out  0.669921   0.644851    -0.0250702   0.0139452  120.902   117.712    -3.19005   0.500543
autoRnd_150.out  0.324784   0.300722    -0.0240615   0.0137898  -19.3811   -9.70898    9.67211   0.665798
autoRnd_151.out  0.24713   0.223763    -0.0233667   0.0139628  -106.715   -122.023    -15.3074   0.486044
autoRnd_152.out  0.178022   0.124548    -0.0534736   0.0132  -91.8424   -88.4468    3.39555   0.474955
autoRnd_153.out  0.0944171   0.167474    0.0730568   0.0124307  159.31   166.188    6.87858   0.421497
autoRnd_154.out  0.369492   0.38225    0.0127572   0.0136916  -167.662   -157.547    10.115   0.575133
autoRnd_155.out  0.411837   0.415149    0.00331269   0.0139224  -112.658   -105.937    6.72101   0.506788
autoRnd_156.out  0.249525   0.275081    0.0255555   0.0139938  -81.0007   -73.9928    7.00796   0.521864
autoRnd_157.out  0.362334   0.426961    0.0646272   0.0136294  -19.0193   -16.6519    2.3674   0.443435
autoRnd_158.out  0.293504   0.252817    -0.0406869   0.0138317  -134.945   -142.783    -7.83733   0.557347
autoRnd_159.out  0.387858   0.335285    -0.0525728   0.0137038  51.1761   51.1088    -0.0673678   0.572331
autoRnd_16.out  0.326318   0.339487    0.0131691   0.0140899  -143.594   -144.821    -1.22672   0.573415
autoRnd_160.out  0.326458   0.290332    -0.0361255   0.0136934  89.67   94.0716    4.40156   0.468925
autoRnd_161.out  0.364771   0.333032    -0.0317388   0.0138724  91.3255   97.5831    6.25762   0.620837
autoRnd_162.out  0.565033   0.601682    0.0366487   0.0141262  -132.533   -132.104    0.428527   0.572124
autoRnd_163.out  0.460584   0.503363    0.0427792   0.0140789  -74.3697   -72.8636    1.50611   0.414176
autoRnd_164.out  0.419048   0.426391    0.00734335   0.0140009  -40.3303   -35.2148    5.11555   0.54665
autoRnd_165.out  0.633083   0.62715    -0.00593322   0.0139073  -7.44687   -9.0367    -1.58983   0.323113
autoRnd_166.out  0.179935   0.234912    0.0549771   0.013207  63.1655   62.3437    -0.82176   0.520758
autoRnd_167.out  0.373327   0.402063    0.0287364   0.0138573  -135.712   -145.054    -9.34207   0.551141
autoRnd_168.out  0.300105   0.268976    -0.0311294   0.0137132  136.587   134.446    -2.14078   0.55538
autoRnd_169.out  0.548772   0.536926    -0.0118459   0.0139199  175.324   175.474    0.149194   0.333325
autoRnd_17.out  0.355451   0.305825    -0.049626   0.0133875  96.8781   107.525    10.6469   0.638103
autoRnd_170.out  0.648377   0.651598    0.00322161   0.0140761  -141.706   -137.436    4.27017   0.56916
autoRnd_171.out  0.466235   0.475864    0.00962893   0.0139099  -17.4148   -21.7983    -4.38356   0.530094
autoRnd_172.out  0.314766   0.3596    0.0448341   0.0138755  -32.8565   -26.3016    6.55485   0.487684
autoRnd_173.out  0.632424   0.622307    -0.0101171   0.0139537  9.81057   12.0717    2.26108   0.442032
autoRnd_174.out  0.391374   0.34455    -0.0468245   0.0137784  51.0012   49.4922    -1.50905   0.567129
autoRnd_175.out  0.258028   0.253706    -0.00432261   0.0140347  126.773   133.601    6.82787   0.566897
autoRnd_176.out  0.163367   0.139348    -0.0240188   0.0136255  13.9536   5.17    -8.78357   0.516017
autoRnd_177.out  0.0310977   0.0489613    0.0178636   0.0129015  95.4178   -114.378    -209.796   0.425226
autoRnd_178.out  0.620482   0.602416    -0.0180656   0.013951  -106.857   -107.802    -0.944715   0.424028
autoRnd_179.out  0.678724   0.664623    -0.0141018   0.0139758  -42.5868   -43.8372    -1.25034   0.569704
autoRnd_18.out  0.630052   0.65745    0.0273975   0.0140064  -143.315   -141.375    1.93971   0.570248
autoRnd_180.out  0.338877   0.346528    0.00765083   0.0138706  -0.407368   2.80065    3.20801   0.401019
autoRnd_181.out  0.401889   0.402853    0.000963822   0.0138652  9.81247   11.6234    1.81095   0.594401
autoRnd_182.out  0.368421   0.423262    0.0548406   0.0138306  65.0208   60.3279    -4.69294   0.537693
autoRnd_183.out  0.568595   0.532309    -0.0362861   0.0138883  146.327   147.623    1.29596   0.569873
autoRnd_184.out  0.327414   0.300466    -0.0269483   0.0139972  -124.961   -119.338    5.62285   0.600378
autoRnd_185.out  0.174034   0.199014    0.0249797   0.0135977  169.827   175.959    6.13247   0.587699
autoRnd_186.out  0.108505   0.199013    0.0905081   0.0124944  -46.7523   -52.1082    -5.35592   0.495404
autoRnd_187.out  0.539031   0.578018    0.0389865   0.0138771  -0.471421   -3.2909    -2.81948   0.351857
autoRnd_188.out  0.560217   0.547028    -0.0131893   0.01397  40.2134   35.969    -4.24441   0.55071
autoRnd_189.out  0.591454   0.587224    -0.00422944   0.0140502  59.3898   58.8531    -0.536719   0.507094
autoRnd_19.out  0.644118   0.695059    0.0509408   0.0139478  -52.6457   -54.3246    -1.67887   0.541859
autoRnd_190.out  0.0974829   0.115217    0.0177338   0.0137807  29.3326   52.6431    23.3105   0.55899
autoRnd_191.out  0.272683   0.222919    -0.0497641   0.0134862  46.6109   45.3946    -1.21633   0.547459
autoRnd_192.out  0.384366   0.406459    0.0220924   0.0139493  -139.055   -138.348    0.707022   0.559472
autoRnd_193.out  0.431132   0.419996    -0.0111364   0.0140402  -89.4921   -92.7493    -3.25726   0.281892
autoRnd_194.out  0.712079   0.721269    0.00919063   0.0139832  -62.6859   -64.683    -1.99711   0.520257
autoRnd_195.out  0.690048   0.710516    0.0204684   0.0138886  -4.88775   -4.25698    0.630768   0.291722
autoRnd_196.out  0.236841   0.27413    0.0372885   0.0137943  12.8871   28.4706    15.5836   0.590145
autoRnd_197.out  0.563751   0.569048    0.0052972   0.0140208  95.5535   93.763    -1.7905   0.3348
autoRnd_198.out  0.361734   0.341074    -0.0206598   0.0140009  137.103   126.355    -10.7484   0.571245
autoRnd_199.out  0.744072   0.736425    -0.00764711   0.0140988  -168.116   -169.015    -0.898988   0.320378
autoRnd_2.out  0.418077   0.477478    0.0594012   0.0137069  -156.488   -159.05    -2.56221   0.483784
autoRnd_20.out  0.499152   0.482818    -0.0163336   0.0139904  9.51861   5.09511    -4.4235   0.448892
autoRnd_21.out  0.221577   0.257321    0.0357449   0.0136545  0.96199   -0.562822    -1.52481   0.41918
autoRnd_22.out  0.194654   0.116428    -0.0782264   0.0128064  -68.6202   -69.1133    -0.493129   0.441321
autoRnd_23.out  0.137686   0.0889793    -0.0487062   0.0128864  31.2482   46.2851    15.0369   0.518988
autoRnd_24.out  0.465528   0.439464    -0.0260636   0.0138563  -140.002   -146.287    -6.285   0.559993
autoRnd_25.out  0.242874   0.244049    0.00117508   0.0139304  -123.341   -130.48    -7.1391   0.580667
autoRnd_26.out  0.204532   0.2346    0.0300684   0.0137019  -124.763   -108.98    15.7826   0.499495
autoRnd_27.out  0.397845   0.391557    -0.00628861   0.0137964  -113.479   -104.355    9.12358   0.509676
autoRnd_28.out  0.585198   0.602395    0.0171967   0.0139121  -7.90008   -6.33377    1.56631   0.354109
autoRnd_29.out  0.358498   0.371234    0.0127364   0.0140697  40.36   39.8758    -0.48417   0.572344
autoRnd_3.out  0.126347   0.195995    0.069648   0.0126344  -127.59   -114.006    13.584   0.506817
autoRnd_30.out  0.323907   0.360319    0.0364121   0.0138458  23.4884   18.6922    -4.79613   0.477495
autoRnd_31.out  0.284623   0.314484    0.0298605   0.0138624  101.57   112.493    10.9235   0.531416
autoRnd_32.out  0.207729   0.221475    0.0137464   0.0141184  141.555   161.517    19.9615   0.514243
autoRnd_33.out  0.189091   0.181581    -0.00751013   0.0137713  -161.99   -163.174    -1.18395   0.503274
autoRnd_34.out  0.380744   0.407813    0.0270684   0.0136889  -75.8806   -84.8922    -9.01164   0.475273
autoRnd_35.out  0.717934   0.727832    0.00989771   0.0140116  -29.5631   -31.7009    -2.13778   0.525757
autoRnd_36.out  0.568137   0.574414    0.00627735   0.0138332  -10.0471   -4.496    5.55114   0.405461
autoRnd_37.out  0.498598   0.510948    0.0123497   0.0139987  40.3397   41.2402    0.900451   0.568085
autoRnd_38.out  0.439122   0.438088    -0.0010345   0.0139299  17.3563   19.3435    1.98725   0.511128
autoRnd_39.out  0.487571   0.491259    0.00368788   0.0137951  -179.909   172.852    352.76   0.437816
autoRnd_4.out  0.401846   0.435932    0.0340856   0.0139074  -55.2974   -58.0771    -2.77971   0.536491
autoRnd_40.out  0.374016   0.383167    0.00915088   0.0137497  -91.7193   -96.1665    -4.44725   0.509233
autoRnd_41.out  0.405639   0.391817    -0.0138217   0.0136034  -160.399   -151.591    8.80774   0.601495
autoRnd_42.out  0.506897   0.51034    0.00344316   0.0139485  -112.868   -106.319    6.54917   0.521034
autoRnd_43.out  0.504261   0.538142    0.0338806   0.0139523  -25.6431   -26.0666    -0.423462   0.516207
autoRnd_44.out  0.595988   0.602052    0.00606338   0.0139226  56.2695   51.5048    -4.76469   0.56997
autoRnd_45.out  0.467486   0.495245    0.0277587   0.0139294  79.3605   79.8265    0.466059   0.365974
autoRnd_46.out  0.487199   0.434182    -0.0530175   0.0139038  39.8511   36.3283    -3.5228   0.537459
autoRnd_47.out  0.633821   0.616981    -0.0168393   0.0141086  140.702   138.444    -2.25834   0.576398
autoRnd_48.out  0.602848   0.620487    0.0176389   0.0139642  -99.1268   -102.998    -3.8713   0.457091
autoRnd_49.out  0.264636   0.252757    -0.0118792   0.0134018  -3.68204   -10.0955    -6.41345   0.617533
autoRnd_5.out  0.565927   0.587    0.0210732   0.0138971  -17.803   -21.3469    -3.54393   0.436543
autoRnd_50.out  0.591088   0.591612    0.000524476   0.0139316  -62.2728   -64.9225    -2.64971   0.494621
autoRnd_51.out  0.685574   0.677815    -0.0077587   0.0138573  -32.5654   -29.0634    3.50202   0.532223
autoRnd_52.out  0.637152   0.640936    0.00378367   0.0139477  43.1898   45.2579    2.06818   0.56508
autoRnd_53.out  0.296261   0.290954    -0.00530739   0.0138887  137.212   128    -9.21248   0.55922
autoRnd_54.out  0.168774   0.140308    -0.0284663   0.0134441  -35.165   -16.3622    18.8028   0.491877
autoRnd_55.out  0.637407   0.612176    -0.0252308   0.0140517  171.367   173.212    1.84532   0.357761
autoRnd_56.out  0.653525   0.659886    0.00636168   0.0138791  -120.157   -119.873    0.284227   0.531414
autoRnd_57.out  0.267395   0.280647    0.0132514   0.0139793  -62.9376   -64.8126    -1.87505   0.491824
autoRnd_58.out  0.136693   0.162175    0.0254816   0.0138272  -8.90745   -23.1665    -14.2591   0.468982
autoRnd_59.out  0.350687   0.398527    0.0478394   0.0138049  31.0065   28.1996    -2.8069   0.514643
autoRnd_6.out  0.663002   0.64022    -0.0227823   0.0139641  8.98958   9.2762    0.286621   0.343887
autoRnd_60.out  0.692352   0.692226    -0.000126497   0.0139037  51.4745   52.8364    1.36186   0.549948
autoRnd_61.out  0.638224   0.637044    -0.00117962   0.0140296  105.106   106.835    1.72868   0.422966
autoRnd_62.out  0.37461   0.358176    -0.0164348   0.0139458  28.649   28.0316    -0.617394   0.534202
autoRnd_63.out  0.267625   0.313549    0.0459241   0.0135641  165.531   169.097    3.56553   0.528181
autoRnd_64.out  0.264748   0.297971    0.0332225   0.0135494  -78.5289   -87.4802    -8.9513   0.428214
autoRnd_65.out  0.556518   0.535848    -0.0206704   0.014092  -67.1524   -63.9256    3.22677   0.493874
autoRnd_66.out  0.421784   0.400416    -0.0213678   0.0138761  -32.2815   -32.2376    0.043903   0.50993
autoRnd_67.out  0.581877   0.604906    0.0230292   0.0140684  23.6435   20.5132    -3.13023   0.520826
autoRnd_68.out  0.614793   0.663353    0.0485595   0.0140281  105.33   102.885    -2.44428   0.384274
autoRnd_69.out  0.59897   0.604692    0.00572117   0.0140792  138.258   137.413    -0.844949   0.566154
autoRnd_7.out  0.184451   0.214479    0.0300284   0.0139381  145.728   132.407    -13.321   0.569574
autoRnd_70.out  0.43003   0.388157    -0.0418725   0.0138761  132.882   125.802    -7.08003   0.549292
autoRnd_71.out  0.581888   0.571773    -0.0101155   0.0140894  -155.342   -156.398    -1.05581   0.460936
autoRnd_72.out  0.316171   0.351917    0.0357459   0.0138637  -64.3198   -64.312    0.00781611   0.540318
autoRnd_73.out  0.220528   0.242541    0.0220129   0.0131761  18.6928   0.980173    -17.7126   0.524837
autoRnd_74.out  0.546406   0.557657    0.0112505   0.0140616  24.2066   19.6233    -4.58329   0.459053
autoRnd_75.out  0.667205   0.668556    0.00135122   0.0140414  40.2077   41.2677    1.06002   0.580357
autoRnd_76.out  0.784356   0.791023    0.00666641   0.0139534  103.073   102.518    -0.555679   0.367963
autoRnd_77.out  0.430874   0.446835    0.0159608   0.0140275  -163.924   -170.082    -6.1585   0.460973
autoRnd_78.out  0.224548   0.192397    -0.032151   0.013157  -5.88803   -23.0308    -17.1428   0.531573
autoRnd_79.out  0.586953   0.573483    -0.0134704   0.0140616  -138.486   -141.707    -3.22092   0.576747
autoRnd_8.out  0.123705   0.0888012    -0.0349038   0.0124993  22.227   55.0501    32.8231   0.50404
autoRnd_80.out  0.767395   0.761406    -0.00598926   0.0140673  -68.2559   -70.0174    -1.7615   0.407069
autoRnd_81.out  0.585321   0.596101    0.0107797   0.0140049  1.22912   2.86513    1.63601   0.351001
autoRnd_82.out  0.0726196   0.0319703    -0.0406493   0.0118642  -128.083   -134.502    -6.41968   0.483034
autoRnd_83.out  0.153811   0.225397    0.0715861   0.012915  79.3263   80.4047    1.07838   0.423838
autoRnd_84.out  0.825691   0.831354    0.00566217   0.0140404  129.12   126.904    -2.21574   0.557987
autoRnd_85.out  0.733659   0.730211    -0.00344769   0.0140191  -170.499   -172.031    -1.53207   0.321758
autoRnd_86.out  0.205376   0.192541    -0.012835   0.0141058  -14.0265   -5.03809    8.98842   0.547276
autoRnd_87.out  0.337836   0.356074    0.0182372   0.0138433  -173.996   -171.8    2.19528   0.472921
autoRnd_88.out  0.489693   0.532818    0.0431255   0.0138524  -12.8574   -16.7152    -3.85776   0.410528
autoRnd_89.out  0.596549   0.575749    -0.0208002   0.0140369  6.60936   6.96786    0.358505   0.35214
autoRnd_9.out  0.450818   0.43483    -0.015988   0.0137151  132.868   138.209    5.34081   0.552578
autoRnd_90.out  0.477939   0.451987    -0.0259511   0.0140086  62.519   58.3414    -4.17763   0.549925
autoRnd_91.out  0.2864   0.330336    0.0439359   0.013617  89.9921   89.9482    -0.0438658   0.411419
autoRnd_92.out  0.218413   0.279485    0.0610713   0.0133627  139.227   144.167    4.93978   0.537365
autoRnd_93.out  0.530852   0.553766    0.022914   0.0140322  -143.766   -148.889    -5.12299   0.556204
autoRnd_94.out  0.451572   0.411972    -0.0396003   0.0139541  -62.5972   -64.3257    -1.72856   0.474942
autoRnd_95.out  0.165862   0.136499    -0.029363   0.0136408  -52.4405   -62.6347    -10.1941   0.553134
autoRnd_96.out  0.313663   0.346869    0.0332052   0.0140219  -25.44   -31.8722    -6.43218   0.598303
autoRnd_97.out  0.148945   0.226807    0.0778617   0.0130391  49.2398   43.1863    -6.05348   0.531225
autoRnd_98.out  0.444285   0.472643    0.0283576   0.0139015  99.3587   99.7347    0.375956   0.387293
autoRnd_99.out  0.502359   0.501063    -0.00129568   0.0140355  119.75   113.3    -6.4502   0.54802
