0.00515 32
0.00545 58
0.00575 64
0.00605 70
0.00635 81
0.00665 115
0.00695 142
0.00725 149
0.00755 160
0.00785 202
0.00815 241
0.00845 275
0.00875 292
0.00905 342
0.00935 421
0.00965 432
0.00995 501
0.01025 546
0.01055 612
0.01085 656
0.01115 714
0.01145 840
0.01175 819
0.01205 918
0.01235 1062
0.01265 1177
0.01295 1296
0.01325 1409
0.01355 1519
0.01385 1713
0.01415 1749
0.01445 1921
0.01475 2252
0.01505 2396
0.01535 2526
0.01565 2775
0.01595 3127
0.01625 3413
0.01655 3693
0.01685 4009
0.01715 4595
0.01745 4934
0.01775 5410
0.01805 5934
0.01835 6664
0.01865 7297
0.01895 8340
0.01925 9273
0.01955 10553
0.01985 12125
0.02015 13536
0.02045 15281
0.02075 17242
0.02105 19990
0.02135 22710
0.02165 26471
0.02195 30466
0.02225 35111
0.02255 40444
0.02285 47246
0.02315 54075
0.02345 63181
0.02375 74161
0.02405 86479
0.02435 100189
0.02465 116726
0.02495 135444
0.02525 158258
0.02555 184481
0.02585 216582
0.02615 253577
0.02645 296141
0.02675 345448
0.02705 401039
0.02735 467509
0.02765 538436
0.02795 604003
0.02825 631359
0.02855 583570
0.02885 471655
0.02915 333945
0.02945 206351
0.02975 113226
0.03005 55565
0.03035 26339
0.03065 12739
0.03095 7073
0.03125 1137
0.03155 0
0.03185 0
0.03215 0
0.03245 0
0.03275 0

