0.00132 0
0.00196 0
0.0026 0
0.00324 0
0.00388 0
0.00452 0
0.00516 0
0.0058 0
0.00644 0
0.00708 0
0.00772 0
0.00836 0
0.009 0
0.00964 0
0.01028 0
0.01092 0
0.01156 0
0.0122 0
0.01284 0
0.01348 0
0.01412 0
0.01476 0
0.0154 0
0.01604 0
0.01668 0
0.01732 0
0.01796 0
0.0186 0
0.01924 0
0.01988 0
0.02052 0
0.02116 0
0.0218 0
0.02244 8
0.02308 55
0.02372 169
0.02436 344
0.025 772
0.02564 1265
0.02628 1940
0.02692 2759
0.02756 3573
0.0282 4382
0.02884 5330
0.02948 6139
0.03012 6903
0.03076 7769
0.0314 8454
0.03204 9385
0.03268 10084
0.03332 11241
0.03396 12151
0.0346 13021
0.03524 14370
0.03588 15746
0.03652 17362
0.03716 19031
0.0378 21014
0.03844 22796
0.03908 25284
0.03972 28040
0.04036 31016
0.041 34125
0.04164 37741
0.04228 41625
0.04292 46293
0.04356 51063
0.0442 56712
0.04484 63934
0.04548 71544
0.04612 81217
0.04676 92672
0.0474 106976
0.04804 124179
0.04868 145648
0.04932 168576
0.04996 189125
0.0506 197932
0.05124 187014
0.05188 156470
0.05252 114612
0.05316 73197
0.0538 40203
0.05444 19297
0.05508 7973
0.05572 2919
0.05636 850
0.057 0
0.05764 0
0.05828 0
0.05892 0
0.05956 0
0.0602 0
0.06084 0
0.06148 0
0.06212 0
0.06276 0
0.0634 0
0.06404 0
0.06468 0
