-----------------------------------------------------------------
                   P                 ETA               Efficiency
-----------------------------------------------------------------
     (2500.0,9000.0)           (1.5,2.2)        0.00729+/-0.00394
     (2500.0,9000.0)           (2.2,2.9)        0.02483+/-0.00187
     (2500.0,9000.0)           (2.9,3.6)        0.05122+/-0.00542
     (2500.0,9000.0)           (3.6,4.3)        0.16892+/-0.02587
     (2500.0,9000.0)           (4.3,5.0)        0.00000+/-0.00414
    (9000.0,15500.0)           (1.5,2.2)        0.00097+/-0.00142
    (9000.0,15500.0)           (2.2,2.9)        0.00708+/-0.00056
    (9000.0,15500.0)           (2.9,3.6)        0.01383+/-0.00104
    (9000.0,15500.0)           (3.6,4.3)        0.06984+/-0.00630
    (9000.0,15500.0)           (4.3,5.0)        0.22355+/-0.05343
   (15500.0,22000.0)           (1.5,2.2)        0.00502+/-0.00135
   (15500.0,22000.0)           (2.2,2.9)        0.00476+/-0.00045
   (15500.0,22000.0)           (2.9,3.6)        0.00717+/-0.00064
   (15500.0,22000.0)           (3.6,4.3)        0.03349+/-0.00221
   (15500.0,22000.0)           (4.3,5.0)        0.14494+/-0.02079
   (22000.0,28500.0)           (1.5,2.2)        0.01509+/-0.00191
   (22000.0,28500.0)           (2.2,2.9)        0.01998+/-0.00061
   (22000.0,28500.0)           (2.9,3.6)        0.00958+/-0.00054
   (22000.0,28500.0)           (3.6,4.3)        0.03795+/-0.00172
   (22000.0,28500.0)           (4.3,5.0)        0.03813+/-0.01504
   (28500.0,35000.0)           (1.5,2.2)        0.07259+/-0.00479
   (28500.0,35000.0)           (2.2,2.9)        0.06417+/-0.00108
   (28500.0,35000.0)           (2.9,3.6)        0.01767+/-0.00059
   (28500.0,35000.0)           (3.6,4.3)        0.04106+/-0.00150
   (28500.0,35000.0)           (4.3,5.0)        0.06838+/-0.00922
   (35000.0,41500.0)           (1.5,2.2)        0.17009+/-0.00909
   (35000.0,41500.0)           (2.2,2.9)        0.11482+/-0.00161
   (35000.0,41500.0)           (2.9,3.6)        0.02216+/-0.00070
   (35000.0,41500.0)           (3.6,4.3)        0.03657+/-0.00127
   (35000.0,41500.0)           (4.3,5.0)        0.06962+/-0.00634
   (41500.0,48000.0)           (1.5,2.2)        0.27438+/-0.01469
   (41500.0,48000.0)           (2.2,2.9)        0.15027+/-0.00216
   (41500.0,48000.0)           (2.9,3.6)        0.02580+/-0.00081
   (41500.0,48000.0)           (3.6,4.3)        0.03876+/-0.00124
   (41500.0,48000.0)           (4.3,5.0)        0.08420+/-0.00645
   (48000.0,54500.0)           (1.5,2.2)        0.40102+/-0.02167
   (48000.0,54500.0)           (2.2,2.9)        0.17651+/-0.00285
   (48000.0,54500.0)           (2.9,3.6)        0.03437+/-0.00096
   (48000.0,54500.0)           (3.6,4.3)        0.05098+/-0.00135
   (48000.0,54500.0)           (4.3,5.0)        0.10908+/-0.00649
   (54500.0,61000.0)           (1.5,2.2)        0.42244+/-0.02727
   (54500.0,61000.0)           (2.2,2.9)        0.19896+/-0.00363
   (54500.0,61000.0)           (2.9,3.6)        0.04982+/-0.00120
   (54500.0,61000.0)           (3.6,4.3)        0.06284+/-0.00155
   (54500.0,61000.0)           (4.3,5.0)        0.11980+/-0.00696
   (61000.0,67500.0)           (1.5,2.2)        0.50461+/-0.03644
   (61000.0,67500.0)           (2.2,2.9)        0.22687+/-0.00467
   (61000.0,67500.0)           (2.9,3.6)        0.06946+/-0.00153
   (61000.0,67500.0)           (3.6,4.3)        0.08501+/-0.00184
   (61000.0,67500.0)           (4.3,5.0)        0.14389+/-0.00734
   (67500.0,74000.0)           (1.5,2.2)        0.60886+/-0.04804
   (67500.0,74000.0)           (2.2,2.9)        0.25398+/-0.00592
   (67500.0,74000.0)           (2.9,3.6)        0.09644+/-0.00195
   (67500.0,74000.0)           (3.6,4.3)        0.11860+/-0.00219
   (67500.0,74000.0)           (4.3,5.0)        0.16327+/-0.00704
   (74000.0,80500.0)           (1.5,2.2)        0.52656+/-0.06054
   (74000.0,80500.0)           (2.2,2.9)        0.26951+/-0.00742
   (74000.0,80500.0)           (2.9,3.6)        0.12855+/-0.00248
   (74000.0,80500.0)           (3.6,4.3)        0.14083+/-0.00252
   (74000.0,80500.0)           (4.3,5.0)        0.20222+/-0.00716
   (80500.0,87000.0)           (1.5,2.2)        0.66091+/-0.07465
   (80500.0,87000.0)           (2.2,2.9)        0.29647+/-0.00915
   (80500.0,87000.0)           (2.9,3.6)        0.16579+/-0.00303
   (80500.0,87000.0)           (3.6,4.3)        0.17301+/-0.00296
   (80500.0,87000.0)           (4.3,5.0)        0.21281+/-0.00737
   (87000.0,93500.0)           (1.5,2.2)        0.76974+/-0.07557
   (87000.0,93500.0)           (2.2,2.9)        0.34749+/-0.01139
   (87000.0,93500.0)           (2.9,3.6)        0.19779+/-0.00371
   (87000.0,93500.0)           (3.6,4.3)        0.19410+/-0.00331
   (87000.0,93500.0)           (4.3,5.0)        0.22905+/-0.00751
  (93500.0,100000.0)           (1.5,2.2)        0.57360+/-0.09027
  (93500.0,100000.0)           (2.2,2.9)        0.35102+/-0.01376
  (93500.0,100000.0)           (2.9,3.6)        0.22647+/-0.00435
  (93500.0,100000.0)           (3.6,4.3)        0.22788+/-0.00372
  (93500.0,100000.0)           (4.3,5.0)        0.23516+/-0.00804
             Average                            0.16213+/-0.00245