-0.157465 -0.0956475
-0.156273 -0.093257
-0.154438 -0.0837943
-0.157472 -0.0813428
-0.15866 -0.0801679
-0.15687 -0.0795697
-0.153905 -0.0784263
-0.153835 -0.062503
-0.154489 -0.059485
-0.15199 -0.0412476
-0.15014 -0.0394724
-0.158113 -0.0229928
-0.154428 -0.0223703
-0.160568 -0.0217838
-0.155057 0.0107778
-0.152613 0.0208162
-0.150728 0.0207668
-0.15268 0.0243971
-0.153905 0.026719
-0.1533 0.046826
-0.15202 0.0503747
-0.152006 0.0509793
-0.150708 0.0522409
-0.140883 -0.0828902
-0.135425 -0.0828902
-0.137245 -0.0823005
-0.135414 -0.0822772
-0.134145 -0.0810046
-0.140321 -0.0797757
-0.137851 -0.0728184
-0.138446 -0.067503
-0.136643 -0.0622248
-0.136637 -0.0616123
-0.1336 -0.0503747
-0.131101 -0.0486238
-0.130467 -0.0474335
-0.13539 -0.0396675
-0.136616 -0.0390558
-0.140918 -0.0327226
-0.139072 -0.0326979
-0.140883 -0.0308657
-0.142709 -0.0296918
-0.141473 -0.029667
-0.142696 -0.029092
-0.142674 -0.0279048
-0.134265 -0.0267264
-0.13301 -0.0237939
-0.133 -0.0232002
-0.139081 -0.0177415
-0.142696 -0.00840909
-0.144576 0.0128362
-0.130461 0.014016
-0.140247 0.039393
-0.140291 0.0424286
-0.143952 0.0601417
-0.137257 0.0606599
-0.13785 0.0630952
-0.122498 -0.0844298
-0.124263 -0.0802037
-0.118847 -0.079572
-0.118856 -0.0778455
-0.128073 -0.0571783
-0.127418 -0.0571768
-0.111385 -0.0553746
-0.123031 -0.0542546
-0.124353 -0.0505894
-0.12251 -0.0436953
-0.120041 -0.0436671
-0.120652 -0.0430394
-0.121214 -0.0382105
-0.118253 -0.0382105
-0.111385 -0.0376984
-0.121203 -0.0364808
-0.119442 -0.0364787
-0.113337 -0.0353065
-0.115839 -0.0347386
-0.114579 -0.0335416
-0.119435 -0.0324157
-0.117624 -0.0317997
-0.118828 -0.0312056
-0.117005 -0.031183
-0.120647 -0.0217321
-0.121827 -0.0123142
-0.123077 -0.0104883
-0.123726 -0.00924049
-0.120029 0.00316185
-0.118851 0.00373959
-0.115226 0.00429415
-0.113976 0.00546541
-0.115772 0.0102082
-0.118195 0.018373
-0.118202 0.0190037
-0.124335 0.0201859
-0.117064 0.026719
-0.122441 0.0296565
-0.118229 0.0302416
-0.117624 0.030249
-0.114502 0.0408512
-0.112695 0.0456438
-0.114538 0.0627613
-0.115812 0.0639927
-0.117045 0.0646047
-0.121806 0.0657798
-0.124865 0.0663389
-0.122404 0.066354
-0.117597 0.0734529
-0.12004 0.0740609
-0.117577 0.0747085
-0.116391 0.0828784
-0.11944 0.107156
-0.116426 0.111801
-0.118856 0.129553
-0.0985363 -0.0954025
-0.104698 -0.0947845
-0.102844 -0.0947522
-0.0985489 -0.0947713
-0.0936288 -0.0876034
-0.0929707 -0.0870009
-0.103386 -0.0864627
-0.104602 -0.0858672
-0.107098 -0.0852378
-0.100419 -0.0847158
-0.0955156 -0.0846385
-0.101612 -0.0841229
-0.0961326 -0.0840501
-0.101006 -0.0746915
-0.105306 -0.0609477
-0.10346 -0.0533947
-0.0998024 -0.0515311
-0.0955156 -0.0498003
-0.102799 -0.0491373
-0.0968084 -0.0468285
-0.0955551 -0.0468312
-0.107707 -0.0462404
-0.0967441 -0.0420937
-0.10778 -0.0303454
-0.0967929 -0.0279048
-0.10645 -0.0273226
-0.104595 -0.0273042
-0.0992404 -0.0272932
-0.0980313 -0.0273042
-0.0974264 -0.0261443
-0.0998024 -0.020859
-0.0948269 -0.0207479
-0.0949165 -0.00605929
-0.100435 -0.00545535
-0.100435 -0.00488609
-0.0998436 -0.00488494
-0.105854 -0.00193235
-0.106494 0.01166
-0.108391 0.0122207
-0.0955523 0.0146277
-0.0998436 0.0152264
-0.0955551 0.0152175
-0.1052 0.0158029
-0.107079 0.0169877
-0.103386 0.0169518
-0.0992346 0.0175333
-0.108358 0.0347059
-0.105818 0.0364871
-0.101018 0.0382039
-0.105306 0.0506063
-0.0997888 0.0506525
-0.0998024 0.0518833
-0.105202 0.0577507
-0.108366 0.0589652
-0.0985611 0.0713168
-0.106544 0.0718755
-0.10462 0.0743448
-0.0967717 0.115688
-0.107724 0.121004
-0.104031 0.123331
-0.100403 0.124528
-0.0967115 0.124594
-0.101618 0.125144
-0.101009 0.125144
-0.102852 0.132129
-0.0813539 -0.0850415
-0.0801158 -0.0850611
-0.0874941 -0.0832285
-0.0795495 -0.0825847
-0.0861744 -0.0790114
-0.0796107 -0.0790114
-0.0752053 -0.0784578
-0.0831864 -0.0761319
-0.0843785 -0.07496
-0.0837825 -0.0749646
-0.0837901 -0.0737789
-0.0825852 -0.06435
-0.0758481 -0.0583671
-0.084362 -0.0565922
-0.0837727 -0.0560221
-0.0796107 -0.0554274
-0.0825949 -0.053694
-0.0831984 -0.0500365
-0.0880368 -0.0382548
-0.091235 -0.0370964
-0.0820144 -0.0364797
-0.0777482 -0.0341353
-0.0807916 -0.0324011
-0.0831984 -0.0293536
-0.0893596 -0.020004
-0.0856104 -0.0199169
-0.0795622 -0.0199281
-0.0820025 -0.0181084
-0.0861744 -0.0169627
-0.0831864 -0.0169411
-0.0820095 -0.0169433
-0.0802226 -0.0146468
-0.07838 -0.0140495
-0.0777561 -0.0140432
-0.0868853 -0.00924049
-0.0875119 -0.00111778
-0.0874051 0.00370807
-0.0873972 0.0048787
-0.0770804 0.00903766
-0.0862229 0.00958668
-0.0825866 0.0120122
-0.0880886 0.0303118
-0.0874773 0.0309062
-0.0832014 0.0339628
-0.0838063 0.0403165
-0.0831915 0.0503159
-0.0825881 0.0527537
-0.084971 0.0692405
-0.078338 0.0710576
-0.0789453 0.0716481
-0.0905798 0.109482
-0.086787 0.151407
-0.0855737 0.151979
-0.0801405 0.156195
-0.0696085 -0.0864333
-0.0635744 -0.0841203
-0.0689845 -0.0686821
-0.0683664 -0.0686759
-0.0696031 -0.0663389
-0.0709218 -0.0633369
-0.0573603 -0.0627094
-0.0598872 -0.0515891
-0.0580049 -0.0510283
-0.064771 -0.0503159
-0.0708686 -0.0474251
-0.0647636 -0.0468201
-0.0653584 -0.0445253
-0.0567447 -0.0432304
-0.0641631 -0.0339628
-0.0641661 -0.0326951
-0.0635705 -0.0302365
-0.0629678 -0.0302416
-0.0629741 -0.0296405
-0.0599306 -0.029092
-0.061783 -0.0284683
-0.0617908 -0.0278814
-0.0611832 -0.0278887
-0.065355 -0.0272848
-0.0624037 -0.0267156
-0.0599594 -0.024391
-0.0690735 -0.0108384
-0.0684487 -0.0108224
-0.0573943 -0.00846221
-0.0721738 -0.00726768
-0.0574333 -0.00606346
-0.0702328 -0.00428624
-0.0580754 -0.00428216
-0.0696163 -0.00311097
-0.0702695 -0.00190696
-0.0611536 -0.0013573
-0.0617318 0.000454374
-0.0604952 0.000480951
-0.0653901 0.00866785
-0.0690567 0.0104596
-0.067815 0.0104883
-0.0684059 0.0116869
-0.0611155 0.0211496
-0.0623351 0.0299616
-0.0635624 0.0305933
-0.0653775 0.0312056
-0.0599518 0.0341439
-0.0605776 0.0347386
-0.0641646 0.0700888
-0.0721592 0.0766638
-0.0708825 0.0796387
-0.0684059 0.0813861
-0.0635624 0.0831626
-0.0605248 0.102672
-0.0623626 0.144005
-0.0598872 0.15524
-0.0641743 0.157108
-0.0500608 -0.0844585
-0.0451577 -0.0807473
-0.0475373 -0.0801617
-0.0445758 -0.0789957
-0.0439787 -0.0790005
-0.0396016 -0.0736784
-0.0426514 -0.070047
-0.0505928 -0.0601163
-0.0475432 -0.0600692
-0.0493488 -0.0595013
-0.0475209 -0.0571637
-0.0512474 -0.0524198
-0.0524452 -0.0364911
-0.0506361 -0.0311425
-0.04452 -0.0293452
-0.0432872 -0.0293261
-0.0469451 -0.0186986
-0.0469414 -0.0181084
-0.0524619 -0.01759
-0.0518258 -0.0175808
-0.0469378 -0.0175234
-0.0457563 -0.017521
-0.0415388 -0.0169748
-0.0469315 -0.016368
-0.0415441 -0.0163887
-0.042777 -0.0152227
-0.0396576 -0.0152161
-0.0383583 -0.014016
-0.0389738 0.00187923
-0.0457497 0.0208668
-0.0499853 0.0220284
-0.0445796 0.0249949
-0.0445819 0.0261394
-0.0409203 0.0267341
-0.0469345 0.0272848
-0.0408849 0.0704701
-0.0414969 0.0710576
-0.0475621 0.072214
-0.0346949 -0.0905901
-0.0218565 -0.0858336
-0.0218333 -0.0846385
-0.025494 -0.0816688
-0.0279397 -0.0753285
-0.0285533 -0.0746943
-0.0315417 -0.0698522
-0.023101 -0.0698622
-0.0359793 -0.0687227
-0.0303008 -0.0680848
-0.0205779 -0.0651321
-0.0297774 -0.0603612
-0.0267212 -0.0521382
-0.0291226 -0.0497277
-0.0249562 -0.0450916
-0.0192618 -0.0438238
-0.0273319 -0.029633
-0.0212095 -0.0285296
-0.0333971 -0.0243781
-0.0346838 -0.0237663
-0.0334052 -0.023785
-0.0243235 -0.0226376
-0.0224643 -0.0226029
-0.0230618 -0.0214108
-0.0273235 -0.0183815
-0.0315526 -0.00839746
-0.0334776 0.0104253
-0.0321998 0.0110693
-0.0267507 0.0146563
-0.0192884 0.0146108
-0.0273369 0.0169411
-0.0291622 0.0223621
-0.0273381 0.0353412
-0.0237091 0.0394218
-0.0242744 0.0418325
-0.0236381 0.0424667
-0.0242878 0.0518541
-0.0285284 0.0606599
-0.00951334 -0.103843
-0.00590296 -0.10146
-0.00951334 -0.0926447
-0.00768594 -0.0920183
-0.00829219 -0.0913994
-0.00767889 -0.0913938
-0.00643352 -0.0907435
-0.00150848 -0.0796578
-0.00592844 -0.0790114
-0.0047056 -0.0778529
-0.00345225 -0.0778555
-0.0040738 -0.0760918
-0.00150848 -0.0754639
-0.00644609 -0.0706919
-0.00520088 -0.0430927
-0.0113377 -0.04181
-0.0162743 -0.0388829
-0.009503 -0.037049
-0.0143387 -0.0359017
-0.00833016 -0.0353392
-0.00714197 -0.0353331
-0.00152306 -0.0352981
-0.0113285 -0.0311928
-0.0101158 -0.0312056
-0.015604 -0.0158082
-0.00830479 0.000181292
-0.0118849 0.00372583
-0.0149766 0.00664627
-0.0132197 0.0189559
-0.013203 0.0195819
-0.0101199 0.0409348
-0.00951195 0.0415497
-0.00152306 0.0474335
