-0.155663 -0.139314
-0.155038 -0.137517
-0.155032 -0.136908
-0.149144 -0.135526
-0.1511 -0.133659
-0.158175 -0.0847182
-0.159418 -0.0827827
-0.161915 -0.0766444
-0.165319 -0.0578228
-0.164618 -0.0578165
-0.164626 -0.0553121
-0.162594 -0.0547214
-0.163373 -0.0515268
-0.162608 -0.0389741
-0.162577 -0.0371166
-0.160617 -0.0371021
-0.15872 -0.036493
-0.163243 -0.0358863
-0.162573 -0.0358881
-0.163247 -0.0352682
-0.161385 -0.000754526
-0.159391 0.00121517
-0.163982 0.00172588
-0.164655 0.00234206
-0.163947 0.0029889
-0.163266 0.0030019
-0.149214 0.00361478
-0.163247 0.00424383
-0.157488 0.00428231
-0.163243 0.00486193
-0.162573 0.00486374
-0.159353 0.00667129
-0.162594 0.00732726
-0.157495 0.00725876
-0.150555 0.00732726
-0.153759 0.00912627
-0.159418 0.0103926
-0.161385 0.011096
-0.153717 0.0110377
-0.153072 0.0110542
-0.159449 0.0116915
-0.153053 0.0117092
-0.15301 0.0130481
-0.161411 0.0192703
-0.161362 0.0205778
-0.156887 0.0212989
-0.155018 0.0219174
-0.156267 0.0231603
-0.153157 0.0237389
-0.151228 0.0243243
-0.163927 0.0249211
-0.149902 0.0249267
-0.163927 0.0267862
-0.162584 0.0273913
-0.158781 0.0310629
-0.158833 0.0336949
-0.158848 0.0343782
-0.164655 0.0437078
-0.159979 0.0474392
-0.151234 0.0474529
-0.1544 0.0498597
-0.150524 0.0499428
-0.152442 0.0517919
-0.153032 0.0600165
-0.151238 0.0675247
-0.158125 0.0705348
-0.159466 0.0744035
-0.161322 0.083902
-0.155032 0.0906033
-0.153121 0.0918709
-0.141594 -0.091247
-0.14032 -0.0906104
-0.140313 -0.0900011
-0.130111 -0.0869638
-0.134001 -0.0731224
-0.136604 -0.0705348
-0.135369 -0.0693257
-0.140398 -0.0600505
-0.138476 -0.0543535
-0.135996 -0.0444377
-0.133424 -0.0431637
-0.137844 -0.0426091
-0.13597 -0.0425918
-0.138466 -0.0419818
-0.141012 -0.0406695
-0.140927 -0.0267523
-0.137241 -0.026742
-0.134115 -0.0261557
-0.141697 -0.0186508
-0.132104 -0.00857697
-0.132156 -0.00547771
-0.129401 -0.00359446
-0.135996 -0.00307187
-0.135988 -0.00246262
-0.130074 -0.00234206
-0.130724 -0.00108695
-0.135936 0.000682748
-0.138476 0.00264624
-0.137833 0.00769521
-0.132705 0.0102135
-0.131356 0.010161
-0.14097 0.0115566
-0.141564 0.0140052
-0.141558 0.0146095
-0.140302 0.0146173
-0.135384 0.0158114
-0.138458 0.0163985
-0.141564 0.0170192
-0.140313 0.017611
-0.139078 0.0182081
-0.140329 0.0188353
-0.13597 0.0194569
-0.130029 0.0196207
-0.139727 0.0207117
-0.137839 0.0213449
-0.139745 0.0220077
-0.137831 0.0276961
-0.135263 0.029011
-0.143629 0.0302449
-0.133344 0.0302698
-0.145562 0.0327502
-0.144205 0.0327888
-0.132768 0.0328062
-0.130766 0.0333839
-0.144845 0.0340262
-0.130806 0.0358844
-0.130782 0.0383769
-0.133407 0.0401954
-0.141657 0.0509944
-0.14233 0.0634373
-0.118123 -0.08539
-0.117476 -0.0854022
-0.11749 -0.0847297
-0.1245 -0.0821953
-0.125767 -0.0803399
-0.120654 -0.0754728
-0.118768 -0.064699
-0.128478 -0.0559331
-0.112936 -0.0515268
-0.123237 -0.0509944
-0.124597 -0.0496272
-0.118123 -0.0490488
-0.12719 -0.0409238
-0.128487 -0.0377713
-0.111691 -0.0371336
-0.125732 -0.0358881
-0.11505 -0.0358914
-0.123782 -0.0346811
-0.12512 -0.0328062
-0.123867 -0.0309397
-0.12194 -0.0309858
-0.122625 -0.029011
-0.11558 -0.0214152
-0.113586 -0.0214899
-0.115601 -0.0207675
-0.116306 -0.0182392
-0.112381 -0.0164447
-0.120645 -0.0158076
-0.111695 -0.0151995
-0.123776 -0.0146052
-0.113042 -0.0133433
-0.110967 -0.0133021
-0.117559 -0.012189
-0.12383 -0.0115286
-0.122563 -0.0109272
-0.118796 -0.0109543
-0.125881 -0.00953446
-0.122643 -0.00765476
-0.119424 0.00186364
-0.116956 0.00367016
-0.111691 0.00610925
-0.115686 0.00668465
-0.111682 0.00673656
-0.12644 0.00796535
-0.119421 0.0212989
-0.125104 0.0230891
-0.120041 0.0231603
-0.114363 0.0230891
-0.123782 0.0243397
-0.117586 0.0249587
-0.128474 0.0255388
-0.121878 0.0261515
-0.118817 0.0273393
-0.124449 0.0286046
-0.1137 0.0286327
-0.119416 0.040052
-0.11878 0.0400483
-0.120049 0.0407038
-0.116231 0.040653
-0.11558 0.0406335
-0.123187 0.0425679
-0.118809 0.0438406
-0.112361 0.0443547
-0.112381 0.0474691
-0.114968 0.0832678
-0.10285 -0.0858096
-0.099147 -0.0851942
-0.102241 -0.0845924
-0.0965663 -0.083902
-0.0990693 -0.0743882
-0.0997318 -0.0730626
-0.0991287 -0.0711641
-0.0997699 -0.0699204
-0.099147 -0.0699275
-0.0997811 -0.0687091
-0.0991683 -0.0669215
-0.100393 -0.0651314
-0.0997759 -0.0651268
-0.100385 -0.0639095
-0.0997562 -0.0632832
-0.100376 -0.0626615
-0.100365 -0.0613832
-0.100996 -0.0607349
-0.100992 -0.0594024
-0.100989 -0.0587205
-0.0978854 -0.0492636
-0.0991546 -0.0486354
-0.104091 -0.0450359
-0.106016 -0.0444024
-0.0990827 -0.0323601
-0.0971372 -0.032413
-0.0978101 -0.0317371
-0.0984701 -0.0310755
-0.100376 -0.0304115
-0.0997485 -0.0304177
-0.0991383 -0.0291768
-0.101005 -0.0285469
-0.106016 -0.0279878
-0.100393 -0.0279417
-0.0991546 -0.0279525
-0.0979036 -0.0273606
-0.0939605 -0.0249211
-0.0972651 -0.0243397
-0.095304 -0.0243159
-0.109377 -0.023658
-0.104731 -0.0237389
-0.0978955 -0.0237389
-0.0959559 -0.0237086
-0.0952934 -0.0236971
-0.0946219 -0.0236848
-0.106683 -0.0230891
-0.106028 -0.0231026
-0.104107 -0.0231367
-0.102856 -0.0231526
-0.0952795 -0.0230745
-0.106043 -0.0224809
-0.0978734 -0.0225089
-0.0972318 -0.0224956
-0.0939057 -0.0224088
-0.0932121 -0.0223876
-0.104766 -0.021885
-0.102878 -0.0212895
-0.0971992 -0.0212379
-0.107432 -0.0205298
-0.100365 -0.0200174
-0.0984391 -0.0193328
-0.100994 -0.0187079
-0.105489 -0.0117301
-0.106124 -0.011096
-0.102878 -0.00973482
-0.096547 -0.00980517
-0.0952196 -0.00984855
-0.0945428 -0.0098731
-0.103497 -0.00911541
-0.0932121 -0.00863675
-0.109394 -0.00799939
-0.0965979 -0.0079217
-0.0991546 -0.00726957
-0.109356 -0.00610925
-0.109352 -0.00485804
-0.103458 -0.00487279
-0.0953147 -0.00486374
-0.107986 -0.00424383
-0.0953111 -0.00424921
-0.0985281 -0.00306442
-0.102856 -0.00246971
-0.106043 -0.00179797
-0.0945889 -0.00174581
-0.108059 -0.00111017
-0.101624 -0.00124333
-0.097828 6.65936e-05
-0.105467 0.00073227
-0.104816 0.0007128
-0.103586 0.00698756
-0.103571 0.00767084
-0.102923 0.00768298
-0.102278 0.00769112
-0.100996 0.00902763
-0.0990827 0.00900571
-0.106788 0.00956199
-0.0965257 0.0102363
-0.0952196 0.0108343
-0.0972164 0.0115286
-0.0991383 0.012189
-0.0952625 0.0121059
-0.0952795 0.0127331
-0.09661 0.013378
-0.109365 0.0139463
-0.0972742 0.0152101
-0.0939644 0.0152015
-0.0932742 0.0158248
-0.10223 0.0169979
-0.0959559 0.0176572
-0.0972452 0.0182506
-0.105394 0.0188702
-0.104118 0.0188452
-0.10541 0.0194957
-0.108083 0.0202145
-0.107461 0.0214899
-0.106788 0.0214623
-0.104171 0.0213791
-0.100365 0.0213484
-0.106816 0.0221225
-0.106149 0.0220955
-0.106176 0.022763
-0.0984221 0.0226962
-0.104222 0.0233696
-0.102923 0.0233414
-0.104816 0.0303115
-0.106043 0.0328223
-0.101004 0.032888
-0.0972318 0.032837
-0.108701 0.0333839
-0.0946071 0.0334004
-0.093925 0.0333839
-0.101009 0.0370814
-0.106007 0.0377164
-0.104731 0.0383098
-0.104098 0.0383014
-0.102233 0.0382831
-0.101007 0.0382806
-0.0939407 0.0383769
-0.10038 0.0401254
-0.100371 0.041388
-0.0984701 0.041417
-0.100354 0.0433447
-0.0971134 0.0434202
-0.103571 0.0440364
-0.09581 0.0502677
-0.0945428 0.0521756
-0.0945889 0.053453
-0.099147 0.0748527
-0.0959726 0.0766444
-0.104731 0.0796756
-0.0939057 0.0810057
-0.106176 0.0848116
-0.100354 0.0847105
-0.103571 0.0904024
-0.104098 0.0961374
-0.109394 0.101072
-0.0978446 0.114327
-0.102227 0.119815
-0.099147 0.121635
-0.0984041 0.126784
-0.0781988 -0.0790822
-0.0882296 -0.0772556
-0.0875766 -0.0772572
-0.086302 -0.0760539
-0.0825688 -0.0653769
-0.0819209 -0.0653812
-0.0819335 -0.0640276
-0.0793499 -0.0640808
-0.0813021 -0.0633735
-0.0793896 -0.0627615
-0.0780819 -0.0628032
-0.0813356 -0.0608142
-0.0819642 -0.0601879
-0.080088 -0.060211
-0.0807341 -0.0589768
-0.0838093 -0.0583636
-0.0794915 -0.0571786
-0.0788536 -0.0571801
-0.0801228 -0.0565787
-0.0825887 -0.0559916
-0.0801075 -0.0547716
-0.0902806 -0.0540668
-0.0863459 -0.0529094
-0.0832048 -0.0523232
-0.081328 -0.0523139
-0.0806978 -0.0523048
-0.0800185 -0.0503571
-0.0838457 -0.0426833
-0.0806866 -0.0414043
-0.0800634 -0.04078
-0.0807082 -0.0401397
-0.0781457 -0.0401954
-0.0832017 -0.0395021
-0.0831989 -0.0382806
-0.079475 -0.0383098
-0.086302 -0.037702
-0.0856702 -0.0376956
-0.0875799 -0.0371066
-0.085665 -0.0370937
-0.0788505 -0.0371021
-0.0895838 -0.0340262
-0.0902806 -0.0333839
-0.0761866 -0.0334004
-0.0755045 -0.0333839
-0.0807177 -0.0328719
-0.0768419 -0.0327888
-0.0896628 -0.0314927
-0.0806978 -0.0316219
-0.0883417 -0.0308963
-0.0877032 -0.0302698
-0.0832141 -0.0283781
-0.0877556 -0.022763
-0.083212 -0.0226579
-0.0870461 -0.0214152
-0.0806748 -0.0213656
-0.0857356 -0.0207341
-0.0806866 -0.0207214
-0.0832017 -0.0188193
-0.0825834 -0.0188193
-0.0895985 -0.0183068
-0.076859 -0.0182913
-0.0825861 -0.0175977
-0.0755319 -0.0170681
-0.0762238 -0.015821
-0.0850873 -0.010939
-0.0813112 -0.000672459
-0.0793896 -0.0007128
-0.0844652 -2.88369e-05
-0.0825786 -1.89424e-05
-0.0896167 0.00174581
-0.0909731 0.00234206
-0.0876077 0.00241975
-0.0909441 0.00360489
-0.086302 0.00366374
-0.0909357 0.0042322
-0.0869345 0.00607773
-0.0850399 0.0060656
-0.0838093 0.00665641
-0.0902806 0.00798188
-0.0876224 0.00854348
-0.0903228 0.00925449
-0.0889632 0.00920961
-0.0903492 0.0098995
-0.0857356 0.0103926
-0.0850984 0.01038
-0.0844927 0.0123281
-0.0838516 0.0123203
-0.0838577 0.0180326
-0.0812924 0.0186963
-0.0819393 0.0193654
-0.0883676 0.0199034
-0.0844739 0.0200104
-0.0813112 0.0200104
-0.0793896 0.0199701
-0.0832065 0.0206639
-0.0850873 0.0212804
-0.081328 0.0212895
-0.0825818 0.0219262
-0.0774879 0.0218348
-0.0882786 0.0224648
-0.0832017 0.0225465
-0.0768419 0.0224474
-0.0850586 0.0231455
-0.074841 0.0242878
-0.0794886 0.0249509
-0.0741478 0.0249088
-0.0788536 0.0255515
-0.0775555 0.0255483
-0.0762238 0.0261624
-0.0819789 0.026742
-0.0788505 0.0267606
-0.0895726 0.0274002
-0.0869405 0.0273675
-0.0775453 0.0273829
-0.090265 0.0280354
-0.0755201 0.0280354
-0.0755045 0.0286648
-0.0819642 0.0291635
-0.080088 0.0291867
-0.0788113 0.0292116
-0.0876394 0.0298539
-0.0806978 0.0304268
-0.083835 0.0310466
-0.0819449 0.0316898
-0.0883957 0.0324639
-0.0851229 0.0323601
-0.0813021 0.0323492
-0.0832162 0.0343526
-0.0864147 0.039998
-0.0889431 0.0431303
-0.0850586 0.0438284
-0.0889122 0.04438
-0.0844357 0.0492375
-0.0819551 0.0510944
-0.082575 0.053021
-0.0825688 0.0587205
-0.0755399 0.0662868
-0.0806866 0.0724286
-0.0767451 0.0731971
-0.0850984 0.082693
-0.0788445 0.130782
-0.0775354 0.131413
-0.0603184 -0.0731224
-0.0584384 -0.0699985
-0.0718794 -0.0637746
-0.0610034 -0.0626202
-0.0596613 -0.0524618
-0.0666779 -0.0517458
-0.0635295 -0.0517295
-0.0679405 -0.0511357
-0.0725974 -0.050645
-0.072536 -0.0487321
-0.0678895 -0.0486513
-0.06294 -0.0480262
-0.0704739 -0.047458
-0.0616995 -0.0474352
-0.069809 -0.0462312
-0.068514 -0.0456295
-0.066004 -0.0450468
-0.0564205 -0.0449707
-0.0725525 -0.0437078
-0.0635436 -0.0432266
-0.0685686 -0.042553
-0.07127 -0.0411853
-0.057674 -0.0411853
-0.067975 -0.040653
-0.0628509 -0.0343654
-0.0686972 -0.0337546
-0.0680146 -0.0330565
-0.0660721 -0.033011
-0.0679941 -0.0323921
-0.0686256 -0.0317566
-0.0647877 -0.0316863
-0.0635243 -0.0316898
-0.0660447 -0.0310532
-0.0635295 -0.0310466
-0.0622661 -0.0310629
-0.0635345 -0.0304115
-0.0692188 -0.0298539
-0.0629151 -0.0297898
-0.0616557 -0.0298092
-0.0622972 -0.0291768
-0.0584214 -0.0292599
-0.067257 -0.0279599
-0.0591148 -0.0279986
-0.0584523 -0.0280102
-0.066004 -0.0273433
-0.0616943 -0.0273542
-0.0584629 -0.0273913
-0.0610681 -0.0267563
-0.0725109 -0.0261663
-0.0571233 -0.0261643
-0.056433 -0.0261663
-0.0718206 -0.0255429
-0.0571193 -0.0249211
-0.066004 -0.0243639
-0.0635552 -0.0243679
-0.0571114 -0.0242977
-0.0698292 -0.0237086
-0.071178 -0.023059
-0.067266 -0.0231367
-0.0660217 -0.0225383
-0.0647812 -0.0225465
-0.0629222 -0.0225383
-0.0628993 -0.0206541
-0.0706194 -0.0198759
-0.0660533 -0.0200104
-0.0667024 -0.0193472
-0.0660823 -0.0180244
-0.06733 -0.0110377
-0.0622661 -0.01038
-0.0666564 -0.00911541
-0.0616675 -0.00850378
-0.0604153 -0.00729478
-0.0597689 -0.00730488
-0.060433 -0.00547283
-0.0617022 -0.00487147
-0.0725151 -0.0042322
-0.0610625 -0.00366374
-0.072573 -0.0017047
-0.0666468 -0.00184754
-0.0622876 -0.00122604
-0.0679571 6.65936e-05
-0.0666898 0.000682748
-0.0654197 0.000665512
-0.0660625 0.00132484
-0.0647895 0.00131382
-0.0602961 0.00138863
-0.0680146 0.00830932
-0.0589969 0.00956199
-0.0666779 0.0103029
-0.0628993 0.0103126
-0.0590228 0.0102135
-0.0666564 0.0115675
-0.0641613 0.0115848
-0.0641628 0.0122051
-0.0653961 0.0128162
-0.0616943 0.0140116
-0.0571114 0.0139562
-0.0591315 0.0145958
-0.0659975 0.0152155
-0.0629465 0.0152155
-0.060433 0.0152101
-0.0564288 0.0164507
-0.06852 0.0170261
-0.0678815 0.0170192
-0.0653887 0.0169979
-0.0610625 0.0170192
-0.0678895 0.0176269
-0.0691871 0.0182631
-0.061678 0.018229
-0.0604041 0.0182506
-0.0591018 0.0182767
-0.0570839 0.0183233
-0.0718794 0.018957
-0.0660289 0.0194484
-0.0590674 0.019531
-0.060358 0.0201279
-0.0692593 0.020788
-0.0635129 0.0226618
-0.0635392 0.0322647
-0.06294 0.0347054
-0.0691657 0.0377164
-0.0698422 0.0389596
-0.0685532 0.0395531
-0.0610323 0.0395398
-0.0577263 0.0402556
-0.0597568 0.054127
-0.0584384 0.0540989
-0.0623246 0.0559831
-0.0641681 0.0577643
-0.0635583 0.0577664
-0.0597422 0.0602507
-0.0590463 0.0615331
-0.0602961 0.0634373
-0.0616429 0.0729759
-0.0616557 0.0736053
-0.0653835 0.0778563
-0.0647771 0.0790442
-0.0641656 0.0796464
-0.0570646 0.0810057
-0.0685859 0.0821766
-0.0596089 0.105495
-0.0603753 0.12291
-0.0438993 -0.0760661
-0.0379874 -0.0753653
-0.042598 -0.0735923
-0.0502273 -0.0710015
-0.0495736 -0.0710224
-0.0450798 -0.0690576
-0.0489424 -0.064062
-0.0495736 -0.0634164
-0.0476419 -0.0633735
-0.0482692 -0.0627314
-0.0469991 -0.0627142
-0.0463654 -0.0620676
-0.0514771 -0.0615331
-0.0508175 -0.0615124
-0.0495199 -0.0614772
-0.0488805 -0.0614629
-0.0482358 -0.0608226
-0.0514375 -0.0602668
-0.0507812 -0.0602507
-0.0514086 -0.0590229
-0.0457489 -0.0571721
-0.0393789 -0.0559511
-0.0445194 -0.0553883
-0.0500934 -0.0371021
-0.0494524 -0.0364957
-0.0457489 -0.0364892
-0.0451399 -0.0364905
-0.0475769 -0.0358984
-0.0451399 -0.0358996
-0.0469717 -0.034107
-0.0432664 -0.0340888
-0.0541524 -0.032729
-0.0463621 -0.0322677
-0.0521449 -0.0315172
-0.0528494 -0.0308439
-0.0521706 -0.0308712
-0.0495365 -0.0309577
-0.0489094 -0.0303281
-0.0508873 -0.0296117
-0.0502273 -0.0296357
-0.0495736 -0.0296566
-0.0438076 -0.0290262
-0.0482952 -0.022681
-0.043821 -0.0220186
-0.0438567 -0.0200854
-0.0406257 -0.0201673
-0.0457422 -0.0188193
-0.0507545 -0.0176463
-0.0379874 -0.0177077
-0.0413673 -0.0152085
-0.0379709 -0.0126835
-0.0534588 -0.0120673
-0.0494911 -0.0121674
-0.0488559 -0.0121791
-0.0432469 -0.0121791
-0.0426117 -0.0121674
-0.0406654 -0.0121233
-0.0476083 -0.011576
-0.0514771 -0.010857
-0.0399323 -0.0101883
-0.0515264 -0.00956199
-0.0463671 -0.00967944
-0.0502273 -0.00895281
-0.0444304 -0.00700036
-0.046373 -0.00264624
-0.0444411 -0.00265846
-0.0476419 -0.00132484
-0.0521706 -0.000153123
-0.0425829 0.000571512
-0.0534588 0.00172588
-0.052102 0.00176447
-0.0541029 0.00360489
-0.0475769 0.00487405
-0.0520498 0.00547771
-0.0481962 0.00546866
-0.0540946 0.00610925
-0.0420094 0.00607773
-0.0513986 0.0067
-0.0488291 0.00667129
-0.0451347 0.00665641
-0.0420034 0.00668465
-0.0541154 0.0073663
-0.043893 0.00726957
-0.0419947 0.00729478
-0.0426237 0.00789777
-0.0488944 0.0103926
-0.0450982 0.0193654
-0.0418978 0.0199506
-0.0488454 0.0231367
-0.0513919 0.0249372
-0.051456 0.0298724
-0.0451186 0.029784
-0.0399579 0.0305314
-0.0482573 0.0310629
-0.0489094 0.0317206
-0.0489424 0.0330377
-0.0483093 0.0336949
-0.0495736 0.039998
-0.0527201 0.0462277
-0.0520534 0.047458
-0.0400008 0.0706256
-0.0419547 0.0712029
-0.0438567 0.0717926
-0.0406257 0.0718746
-0.043821 0.0737259
-0.0501843 0.0826469
-0.0494911 0.0845575
-0.0482099 0.0858034
-0.0406942 0.0857573
-0.0372979 0.086326
-0.0463539 0.0876081
-0.0444411 0.0957315
-0.0489254 0.102064
-0.0457391 0.11314
-0.0297893 -0.0900011
-0.0285511 -0.0899903
-0.0310404 -0.0894093
-0.0316698 -0.0876002
-0.0292411 -0.0750486
-0.029231 -0.0743767
-0.0323182 -0.068131
-0.0297756 -0.0669215
-0.035674 -0.0662809
-0.0254835 -0.0663245
-0.028555 -0.0645234
-0.0254647 -0.0645113
-0.0285592 -0.0639095
-0.0235496 -0.0638614
-0.0235169 -0.0626036
-0.0311735 -0.0600165
-0.0310994 -0.0304528
-0.0285636 -0.029784
-0.0254465 -0.0297983
-0.032346 -0.0286046
-0.0356949 -0.0280492
-0.0343221 -0.0280224
-0.0247728 -0.0110377
-0.0248017 -0.00975568
-0.0343765 -0.00923128
-0.0291878 -0.00910693
-0.025456 -0.0084939
-0.0350189 -0.00798188
-0.0350033 -0.00735255
-0.0343221 -0.00733954
-0.029168 -0.00726336
-0.0349914 -0.00672667
-0.0356698 -0.00485804
-0.0310347 -0.00426802
-0.0349914 -0.00361478
-0.0350033 -0.0029889
-0.032346 -0.00241975
-0.0267067 -0.00247477
-0.0298613 0.00133574
-0.0279504 0.00836644
-0.0297829 0.0140174
-0.0304249 0.018229
-0.0285785 0.0213484
-0.025358 0.0276705
-0.027327 0.0370814
-0.0240882 0.0433979
-0.0247569 0.0503571
-0.0254647 0.0541698
-0.0316875 0.0547539
-0.0343109 0.0584245
-0.0298152 0.0608226
-0.0311735 0.0640808
-0.0260205 0.08539
-0.0120843 -0.0840816
-0.00574175 -0.0821601
-0.0113687 -0.0796597
-0.0179506 -0.0778756
-0.011988 -0.0760603
-0.0152439 -0.0747818
-0.0127529 -0.070358
-0.0166177 -0.0603228
-0.01523 -0.0590345
-0.00114628 -0.0590735
-0.0113551 -0.05658
-0.013267 -0.0547539
-0.0166177 -0.0534331
-0.010143 -0.0529476
-0.00177998 -0.0527942
-0.0153038 -0.0522001
-0.00763757 -0.0516784
-0.00503442 -0.0503186
-0.00568811 -0.0427335
-0.0050567 -0.0420981
-0.0120394 -0.04078
-0.0113576 -0.0370899
-0.0113623 -0.0347003
-0.00636724 -0.0309732
-0.0121193 -0.0283376
-0.0133861 -0.0220715
-0.0101527 -0.0207052
-0.00446345 -0.0195125
-0.00889801 -0.0109574
-0.0114541 -0.00834331
-0.0108206 -0.00265846
-0.00695236 -0.00267061
-0.0127529 -0.00203213
-0.00254159 0.0462277
-0.00370714 0.0606091
-0.00254159 0.0675282
-0.0076824 0.0681108
-0.00382424 0.0706082
-0.00639406 0.0711749
-0.00568811 0.0737579
-0.0127747 0.0800249
