0.00823865 -0.12743
0.00761015 -0.126084
0.0069925 -0.12478
0.00579273 -0.121041
0.00642528 -0.121033
0.0045262 -0.118623
0.00386983 -0.11801
0.0038531 -0.116782
0.00382424 -0.115538
0.00309113 -0.113603
0.00635227 -0.0627449
0.00636724 -0.0620998
0.0120394 -0.04078
0.0057073 -0.0007128
0.00376109 -0.000127995
0.00765336 0.00123451
0.00890253 0.00247743
0.00705183 0.00307187
0.00115877 0.00360489
0.00320831 0.00424921
0.0076824 0.00427931
0.00829665 0.00428231
0.00768478 0.00487405
0.000469995 0.0054855
0.000465577 0.00611553
0.000456764 0.00674698
0.00114628 0.0073663
0.00110925 0.00863675
0.00180289 0.00861556
0.0089011 0.00847781
0.00951946 0.00847781
0.00177998 0.00925449
0.00952097 0.00909812
0.00175358 0.0098995
0.00442292 0.0104466
0.00952423 0.0103604
0.0101527 0.0103637
0.00633629 0.0116915
0.0121013 0.0123548
0.00759998 0.0129999
0.0134355 0.0130717
0.026103 -0.109477
0.0222737 -0.0650744
0.0228648 -0.0212192
0.0247219 0.0903863
0.0323607 0.094871
0.0202782 0.0991763
0.0304034 0.0991424
0.0310347 0.0991464
0.0202703 0.0997997
0.0451399 -0.0979483
0.0482692 -0.0923903
0.0405483 -0.0841711
0.0488454 -0.074844
0.0432352 -0.0736053
0.0450982 -0.0710726
0.0438076 -0.0640468
0.050205 -0.0627809
0.0438993 -0.0583727
0.0451272 -0.054182
0.0432352 -0.0529224
0.0482818 -0.0503715
0.0418755 -0.0427544
0.0400178 -0.033416
0.0450862 -0.028374
0.0438766 -0.0188353
0.0393827 -0.0152034
0.0548049 -0.0139359
0.0534238 -0.0133303
0.0541768 -0.0114036
0.0508175 -0.0108777
0.0451311 0.00308268
0.0393789 0.00424383
0.0393827 0.00486193
0.0482262 0.0084939
0.0457319 0.0187079
0.0528494 0.0205024
0.0476012 0.0225383
0.0494791 0.0231266
0.0513884 0.0255483
0.0520605 0.0273913
0.0534395 0.0286648
0.052797 0.0299142
0.0542049 0.0306106
0.0438766 0.0432133
0.0482818 0.0813958
0.0426237 0.0851752
0.0406942 0.0857573
0.0393827 0.0875935
0.0425663 0.134505
0.0431934 0.135135
0.0431774 0.135789
0.0654197 -0.0523727
0.0635517 -0.0279417
0.071152 -0.0243071
0.0603907 -0.0224956
0.0641628 -0.0225465
0.0622772 -0.0212804
0.069238 -0.0212192
0.0596846 -0.0205778
0.0616289 -0.0206317
0.0635243 -0.0200174
0.0602722 -0.0186285
0.0622542 -0.0110242
0.0699212 -0.0104694
0.0705655 -0.00984855
0.0577263 -0.00923128
0.0635605 -0.00546617
0.0584013 -0.00113183
0.0602722 0.0289699
0.0622282 0.0290262
0.0660533 0.0303519
0.0590859 0.0328062
0.067873 0.0364957
0.071152 0.0377416
0.0711632 0.0383639
0.0660365 0.0523139
0.0629222 0.0808762
0.0635436 0.0808707
0.0597846 0.138698
0.061071 0.139309
0.0863101 -0.096129
0.0850984 -0.0516687
0.0806346 -0.0233535
0.078739 -0.0214152
0.0870065 -0.0201279
0.0844495 -0.0194484
0.0838209 -0.0188221
0.0775224 -0.0182767
0.0875956 -0.0176463
0.0875862 -0.0170335
0.0882397 -0.0170415
0.0801228 -0.0158114
0.0869315 -0.0158143
0.0875766 -0.0158158
0.0762238 -0.0152034
0.0862935 -0.0152115
0.0775521 -0.0145958
0.0831964 -0.0146258
0.0825874 -0.0140288
0.0754851 -0.0120673
0.0767451 -0.00953446
0.078739 -0.00960917
0.0780295 -0.00826137
0.0793704 0.0117092
0.0788358 0.0237296
0.0889632 0.0298925
0.0903228 0.0299374
0.0863611 0.0304528
0.0838402 0.0316898
0.0870461 0.0317566
0.0858206 0.0343952
0.088986 0.0418587
0.0819684 0.0492325
0.0774669 0.0511917
0.0774433 0.0826036
0.0774669 0.0832471
0.0781265 0.0832678
0.0856775 0.0900086
0.08904 0.09388
0.0856623 0.128969
0.0959659 -0.0894316
0.0990827 -0.0813958
0.0983851 -0.0793607
0.0983649 -0.078665
0.101633 -0.0600737
0.100996 -0.053021
0.101005 -0.0438432
0.100376 -0.0419786
0.101001 -0.0419818
0.0971802 -0.0412812
0.0984551 -0.0406695
0.0997226 -0.0400409
0.0952934 -0.00732726
0.103472 -0.00726957
0.101617 -0.00605707
0.102227 -0.00605913
0.0979121 -0.00547137
0.100402 -0.00487527
0.102227 -0.00428231
0.101007 -0.00308518
0.102237 -0.00247477
0.103488 -0.00184754
0.103519 3.85274e-05
0.10036 0.00131751
0.105489 0.00138863
0.102278 0.00265032
0.0984221 0.00832811
0.105513 0.00828704
0.0952795 0.0127331
0.099161 0.0140174
0.101008 0.0140288
0.102845 0.0140225
0.110067 0.0139359
0.0991658 0.0146173
0.0979036 0.0170192
0.0991383 0.0188353
0.101001 0.0200669
0.0990953 0.0213656
0.0977909 0.0220506
0.0951939 0.0308712
0.0952625 0.0327888
0.0965833 0.0328223
0.105361 0.037709
0.10287 0.0401313
0.0990693 0.0433639
0.10285 0.0547853
0.104723 0.055371
0.110067 0.0553017
0.103465 0.0583727
0.108674 0.0584339
0.108037 0.0603029
0.109365 0.075995
0.116333 -0.13991
0.122608 -0.112406
0.123276 -0.111724
0.118768 -0.106065
0.125853 -0.020836
0.114987 -0.0195125
0.121908 -0.0188353
0.123138 -0.0146095
0.118817 -0.0140265
0.12194 -3.85274e-05
0.121283 0.00185536
0.113054 0.00362416
0.127082 0.00548141
0.125074 0.00608713
0.112326 0.00861556
0.114898 0.0192703
0.121266 0.0273433
0.122519 0.0279599
0.123151 0.0279684
0.123161 0.0285807
0.125784 0.0292599
0.125804 0.0298925
0.125853 0.0311775
0.117549 0.0425918
0.115652 0.0431785
0.120681 0.0613832
0.12194 0.0620101
0.114308 0.0625642
0.11301 0.0637945
0.116929 0.0638863
0.118184 0.063904
0.120036 0.0876081
0.120036 0.0881965
0.121259 0.088199
0.12379 0.0900263
0.133451 -0.110719
0.135382 -0.109484
0.135384 -0.108884
0.141555 -0.108285
0.130724 -0.104501
0.131486 -0.0261624
0.136626 -0.0249622
0.13659 -0.00973482
0.138465 -0.00909812
0.132121 -0.00239163
0.141608 0.0194807
0.140939 0.0340888
0.140306 0.0347003
0.140932 0.0346945
0.138457 0.0359009
0.130111 0.0371336
0.13009 0.0383906
0.143524 0.0389596
0.132817 0.0565727
0.135296 0.0627449
0.139736 0.0627211
0.133978 0.0634373
0.160002 -0.1162
0.15875 -0.115603
0.161961 -0.115538
0.156259 -0.00967944
0.162577 0.00609223
0.152478 0.0218701
0.150566 0.0243159
0.150576 0.0261606
0.159369 0.0285705
0.162625 0.0292599
0.153759 0.0298092
0.16332 0.0299142
0.15877 0.0304268
0.1511 0.0318038
0.15689 0.0316863
0.154984 0.0323492
0.157528 0.0323418
0.159449 0.0323744
0.153684 0.0330377
0.158175 0.033011
0.160775 0.0330787
0.158196 0.0343654
0.151887 0.0456249
0.158759 0.0504812
0.160043 0.0511357
0.159418 0.0517584
0.160728 0.0524395
0.163963 0.0700305
0.156263 0.0833475
0.156885 0.0839749
0.155651 0.0852063
0.150576 0.0875953
0.151238 0.087597
