-0.156889 -0.124116
-0.156263 -0.123481
-0.151845 -0.122299
-0.151189 -0.122315
-0.159369 -0.121643
-0.155655 -0.121015
-0.15627 -0.12041
-0.155658 -0.120412
-0.149214 -0.120483
-0.161259 -0.118623
-0.163255 -0.11738
-0.165319 -0.076616
-0.163266 -0.075392
-0.15301 -0.0647553
-0.163963 -0.0596891
-0.162594 -0.0590345
-0.162577 -0.0577995
-0.161262 -0.0577895
-0.154427 -0.0559831
-0.155658 -0.0553923
-0.148494 -0.0540493
-0.151845 -0.0535052
-0.160728 -0.0214152
-0.159433 -0.0213791
-0.162668 -0.02019
-0.160671 -0.0194957
-0.160015 -0.0188569
-0.147808 -0.0177223
-0.149222 -0.0164447
-0.153797 -0.0140116
-0.150504 -0.0114733
-0.155632 -0.0103192
-0.151787 -0.0102363
-0.160775 -0.00828704
-0.160728 -0.00073227
-0.162024 -0.000127995
-0.163247 0.00609761
-0.161922 0.0067
-0.156253 0.137085
-0.139736 -0.0730626
-0.14486 -0.070014
-0.132152 -0.0681409
-0.141555 -0.06752
-0.132817 -0.0675247
-0.144823 -0.0669106
-0.140997 -0.0619975
-0.138468 -0.0620297
-0.144845 -0.0487053
-0.144834 -0.0480831
-0.13347 -0.0468402
-0.142848 -0.0450151
-0.142287 -0.031109
-0.144248 -0.0305314
-0.14358 -0.0305088
-0.139719 -0.0304177
-0.143559 -0.0298724
-0.144205 -0.0292599
-0.14354 -0.0292425
-0.144174 -0.0280102
-0.140927 -0.0267523
-0.139682 -0.026745
-0.135382 -0.0267523
-0.146895 -0.0261684
-0.144163 -0.0243159
-0.141582 -0.0231266
-0.130724 -0.0217698
-0.131356 -0.0205024
-0.138472 -0.0193691
-0.136564 -0.019358
-0.139113 -0.018704
-0.137217 -0.00972861
-0.137221 -0.0091011
-0.139697 -0.00787174
-0.146218 -0.0073663
-0.145527 -0.00735255
-0.142857 -0.00730488
-0.139691 -0.00726336
-0.131463 -0.00733954
-0.137849 -0.0066541
-0.131482 -0.00609761
-0.139704 -0.00185536
-0.134701 -0.00120216
-0.134651 0.00962865
-0.144952 0.010161
-0.144845 0.017681
-0.143629 0.0214623
-0.14299 0.0296117
-0.138465 0.0322677
-0.130724 0.0321113
-0.135979 0.0328719
-0.132104 0.0327888
-0.132784 0.0334305
-0.130794 0.0346391
-0.14486 0.0389897
-0.144952 0.0415462
-0.135382 0.0559793
-0.134115 0.0565758
-0.130111 0.0578165
-0.145503 0.160603
-0.116211 -0.104782
-0.116891 -0.103466
-0.116905 -0.102829
-0.118184 -0.101559
-0.116929 -0.101577
-0.11819 -0.100945
-0.117575 -0.100343
-0.120699 -0.064699
-0.12391 -0.0634373
-0.122592 -0.0627449
-0.122577 -0.0620998
-0.123848 -0.0614937
-0.120041 -0.0595712
-0.112277 -0.0409238
-0.118813 -0.034107
-0.119424 -0.032888
-0.121306 -0.0309955
-0.116843 -0.0226962
-0.121266 -0.0170018
-0.128478 -0.016457
-0.122503 -0.0158114
-0.11301 -0.0120873
-0.12448 -0.0115118
-0.11364 -0.0108343
-0.123887 -0.00960917
-0.118161 -2.88369e-05
-0.120658 0.00247477
-0.119427 0.00308518
-0.120039 0.00368735
-0.123138 0.00426802
-0.123773 0.00486862
-0.11943 0.00605707
-0.127106 0.00735255
-0.126532 0.0105219
-0.121291 0.0297898
-0.121298 0.0304177
-0.119421 0.0304084
-0.124544 0.0317789
-0.123237 0.0317371
-0.115558 0.06066
-0.100376 -0.0924602
-0.0959659 -0.0894316
-0.106 -0.0456249
-0.10872 -0.0430917
-0.100341 -0.0380333
-0.0996921 -0.0380247
-0.102278 -0.0336747
-0.103557 -0.0330225
-0.09581 -0.0324639
-0.0958381 -0.0318038
-0.104766 -0.0298222
-0.0972164 -0.0298372
-0.0931877 -0.0299621
-0.0932121 -0.0293196
-0.0932326 -0.0286823
-0.0939644 -0.0261643
-0.0925728 -0.0261684
-0.102278 -0.0129918
-0.0932326 -0.00799939
-0.108662 -0.00548141
-0.109352 -0.00485804
-0.108662 -0.00486004
-0.108666 -0.00423816
-0.0952625 -0.00176447
-0.106762 0.000127995
-0.106762 0.0102135
-0.100385 0.0122023
-0.0997811 0.0140225
-0.0966194 0.0139908
-0.107982 0.015821
-0.0939644 0.0158229
-0.0979092 0.0164149
-0.0972651 0.0170261
-0.100376 0.0200701
-0.0971802 0.0207675
-0.0951939 0.020836
-0.0945151 0.0208634
-0.102934 0.024024
-0.0965024 0.0302698
-0.0938828 0.0321113
-0.0932742 0.0365077
-0.09327 0.0371336
-0.0938828 0.0402788
-0.0984221 0.0496939
-0.101005 0.0541847
-0.0838642 -0.106747
-0.0832162 -0.106743
-0.0819209 -0.106747
-0.0747671 -0.102352
-0.074812 -0.101072
-0.0775453 -0.0967144
-0.085665 -0.0577766
-0.0806488 -0.0433639
-0.0793896 -0.0420786
-0.0775521 -0.0371115
-0.0755439 -0.0358844
-0.0768906 -0.0352735
-0.0902999 0.00172588
-0.0902531 0.00361478
-0.0888945 0.00424921
-0.074841 0.00673656
-0.0896382 0.00923128
-0.0889632 0.00920961
-0.0832101 0.0116553
-0.0800495 0.0206317
-0.0889431 0.0431303
-0.086302 0.0450295
-0.0838062 0.0456481
-0.0856623 0.0462372
-0.0700055 -0.136548
-0.0647915 -0.136414
-0.0692826 -0.135193
-0.0686256 -0.135171
-0.0692593 -0.134544
-0.0686049 -0.134523
-0.0679253 -0.133237
-0.0622876 -0.133213
-0.0584013 -0.133307
-0.0679117 -0.132613
-0.0672765 -0.132601
-0.0629222 -0.132583
-0.0678997 -0.131995
-0.0666381 -0.131976
-0.0660092 -0.131361
-0.066004 -0.130758
-0.0647758 -0.130154
-0.0647745 -0.129562
-0.0635605 -0.128973
-0.0647758 -0.128382
-0.0647771 -0.127785
-0.0641669 -0.127785
-0.0623199 -0.127773
-0.0623059 -0.12656
-0.0635436 -0.125958
-0.0603907 -0.12591
-0.0590859 -0.125879
-0.0635392 -0.125338
-0.0629151 -0.125332
-0.0616557 -0.125313
-0.0603753 -0.125285
-0.0589969 -0.123318
-0.0641642 -0.0492298
-0.067257 -0.0237473
-0.0666468 -0.0225304
-0.067315 -0.0206317
-0.0666898 -0.0200001
-0.0641563 -0.0110035
-0.0635295 -0.0103637
-0.0666667 -0.00974391
-0.0691593 -0.0060823
-0.0725109 -0.00485804
-0.0725151 -0.0042322
-0.0718326 -0.00361478
-0.071152 -0.00362416
-0.0653887 -0.00368503
-0.0678895 -0.00305597
-0.0635517 -0.00308268
-0.0629348 -0.00307808
-0.0591148 -0.00302574
-0.0691871 -0.00241975
-0.0647797 -0.00247743
-0.0698977 -0.000515554
-0.069947 0.000779458
-0.0699751 0.00890188
-0.0673011 0.0200971
-0.0699212 0.0208109
-0.0641483 0.048379
-0.0660721 0.0497206
-0.0641525 0.0497322
-0.069947 0.0509278
-0.0725525 0.0540493
-0.0563914 0.0540493
-0.072536 0.0546824
-0.0577919 0.0553314
-0.0591349 0.0571832
-0.0641656 0.0589635
-0.0641628 0.060185
-0.0635436 0.0601879
-0.0635345 0.0614358
-0.0629074 0.061442
-0.0603184 0.104147
-0.0647915 0.105389
-0.0635129 0.105393
-0.061563 0.106101
-0.0451272 -0.038891
-0.0501843 -0.0309397
-0.0438455 -0.0309858
-0.0432084 -0.0309732
-0.042487 -0.0283177
-0.0541029 -0.017078
-0.0534001 -0.0158229
-0.0400423 -0.0139745
-0.0438076 -0.00834331
-0.0513884 0.00486545
-0.0501193 0.00790918
-0.0379709 0.00799939
-0.0501653 0.00978648
-0.0469889 0.0304115
-0.0411883 0.0537873
-0.0534588 0.0637746
-0.0514216 0.0644549
-0.0541029 0.0656536
-0.0439041 0.0663245
-0.0500903 0.0675215
-0.0469717 0.0693074
-0.0425663 0.0724567
-0.0292411 -0.0543657
-0.0266718 -0.0536861
-0.0337783 -0.0405588
-0.0254004 -0.04003
-0.0234311 -0.0393114
-0.0228202 -0.0317789
-0.0234979 -0.031109
-0.0235342 -0.0298372
-0.0248264 -0.0291867
-0.0260877 -0.0285546
-0.0254647 -0.0285617
-0.0222938 -0.0261589
-0.0323777 -0.0218533
-0.0317844 -0.0199506
-0.0279546 -0.0173547
-0.0285733 2.22649e-05
-0.0229468 0.0152085
-0.0298486 0.0627314
-0.0343221 0.075392
-0.0076605 -0.0742455
-0.0146595 -0.0722621
-0.0126142 -0.0577806
-0.0069665 -0.0497091
-0.00564583 -0.0490006
-0.0076783 -0.0376847
-0.00452296 -0.0352835
-0.00516829 -0.0164192
-0.0152609 0.00176447
-0.0076824 0.00606214
-0.0152123 0.0249321
