-0.0509897    -0.13275
-0.0521147    -0.131062
-0.0504272    -0.134437
-0.0470522    -0.142313
-0.0476147    -0.141187
-0.0487397    -0.1395
-0.0658359    -0.129867
-0.0787734    -0.128742
-0.0703359    -0.13043
-0.0782109    -0.128742
-0.0680859    -0.130992
-0.0476147    -0.110109
-0.0543647    -0.114047
-0.0493022    -0.115734
-0.0560522    -0.112922
-0.0493022    -0.122484
-0.0481772    -0.122484
-0.0652734    -0.112852
-0.0708984    -0.110602
-0.0714609    -0.110039
-0.0686484    -0.114539
-0.0742734    -0.102727
-0.0697734    -0.115664
-0.0742734    -0.103852
-0.0776484    -0.0879609
-0.0770859    -0.0907734
-0.0776484    -0.0896484
-0.0708984    -0.0812109
-0.0725859    -0.0834609
-0.0737109    -0.0857109
-0.0481772    -0.0732656
-0.0498647    -0.0721406
-0.0481772    -0.0833906
-0.0504272    -0.0839531
-0.0737109    -0.0602578
-0.0753984    -0.0630703
-0.0737109    -0.0591328
-0.0742734    -0.0602578
-0.0770859    -0.0653203
-0.0720234    -0.0658828
-0.0641484    -0.0658828
-0.0680859    -0.0653203
-0.0577397    -0.052875
-0.0549272    -0.052875
-0.0577397    -0.0523125
-0.0470522    -0.052875
-0.0498647    -0.0534375
-0.0470522    -0.0495
-0.0470522    -0.0624375
-0.0515522    -0.048375
-0.0577397    -0.0500625
-0.0487397    -0.048375
-0.0566147    -0.0511875
-0.0669609    -0.0522422
-0.0692109    -0.0488672
-0.0753984    -0.0454922
-0.0737109    -0.0471797
-0.0770859    -0.0454922
-0.0493022    -0.0375469
-0.0594272    -0.0347344
-0.0487397    -0.0375469
-0.0549272    -0.0414844
-0.0549272    -0.0426094
-0.0686484    -0.0301641
-0.0680859    -0.0296016
-0.0658359    -0.0296016
-0.0708984    -0.0341016
-0.0663984    -0.0301641
-0.0686484    -0.0284766
-0.0459272    -0.0199688
-0.0476147    -0.0210937
-0.0464897    -0.0109687
-0.0453647    -0.0104062
-0.0594272    -0.0104062
-0.0588647    -0.0104062
-0.0538022    -0.0160313
-0.0577397    -0.0143438
-0.0459272    -0.0132187
-0.0464897    -0.0115312
-0.0594272    -0.0182812
-0.0571772    -0.00984375
-0.0605522    -0.0160313
-0.0641484    -0.00302344
-0.0652734    -0.000773437
-0.0635859    -0.00696094
-0.0692109    0.00203906
-0.0782109    -0.00246094
-0.0686484    -0.00527344
-0.0652734    -0.00583594
-0.0686484    -0.00583594
-0.0635859    -0.00358594
-0.0647109    -0.00583594
-0.0641484    -0.00864844
-0.0493022    -0.000703125
-0.0504272    0.00885937
-0.0498647    0.00998438
-0.0504272    0.00548437
-0.0464897    0.00998438
-0.0464897    0.00604688
-0.0487397    0.00660937
-0.0481772    0.00267187
-0.0487397    0.00885937
-0.0509897    0.00942187
-0.0498647    0.0122344
-0.0481772    0.00885937
-0.0476147    0.00660937
-0.0470522    0.000421875
-0.0470522    0.00379687
-0.0583022    0.00379687
-0.0532397    0.00773437
-0.0532397    0.00548437
-0.0487397    -0.000703125
-0.0532397    0.0122344
-0.0521147    -0.00126563
-0.0532397    -0.00295313
-0.0509897    0.0122344
-0.0731484    0.0196172
-0.0647109    0.00892969
-0.0680859    0.0100547
-0.0720234    0.0111797
-0.0680859    0.00780469
-0.0669609    0.0173672
-0.0703359    0.0201797
-0.0714609    0.00724219
-0.0686484    0.00892969
-0.0680859    0.00892969
-0.0641484    0.0123047
-0.0731484    0.00724219
-0.0675234    0.0224297
-0.0692109    0.0179297
-0.0725859    0.0111797
-0.0641484    0.0134297
-0.0658359    0.0128672
-0.0714609    0.0111797
-0.0630234    0.0145547
-0.0753984    0.0106172
-0.0464897    0.021375
-0.0487397    0.0225
-0.0504272    0.0219375
-0.0532397    0.0185625
-0.0487397    0.02475
-0.0509897    0.0230625
-0.0543647    0.0264375
-0.0532397    0.023625
-0.0554897    0.0286875
-0.0560522    0.0320625
-0.0498647    0.0185625
-0.0532397    0.0225
-0.0560522    0.0286875
-0.0532397    0.018
-0.0532397    0.0286875
-0.0538022    0.0196875
-0.0538022    0.0185625
-0.0538022    0.027
-0.0554897    0.025875
-0.0554897    0.0253125
-0.0560522    0.0298125
-0.0663984    0.0377578
-0.0532397    0.0485156
-0.0509897    0.0383906
-0.0464897    0.0462656
-0.0453647    0.0485156
-0.0459272    0.0485156
-0.0493022    0.0423281
-0.0509897    0.0530156
-0.0538022    0.0383906
-0.0737109    0.0502734
-0.0720234    0.0525234
-0.0714609    0.0542109
-0.0720234    0.0547734
-0.0635859    0.0581484
-0.0714609    0.0530859
-0.0748359    0.0558984
-0.0476147    0.0593437
-0.0543647    0.0700313
-0.0594272    0.0705937
-0.0594272    0.0621562
-0.0692109    0.0684141
-0.0703359    0.0684141
-0.0554897    0.0797344
-0.0748359    0.0910547
-0.0708984    0.102305
-0.0753984    0.0994922
-0.0776484    0.100055
-0.0686484    0.0978047
-0.0680859    0.113133
-0.0588647    0.130641
-0.0327684    -0.15082
-0.0322059    -0.149695
-0.0162345    -0.142313
-0.012297     -0.142875
-0.0196095    -0.142313
-0.0277059    -0.127055
-0.0344559    -0.132117
-0.0350184    -0.12818
-0.0305184    -0.12593
-0.0293934    -0.12593
-0.0372684    -0.121992
-0.0361434    -0.126492
-0.0333309    -0.130992
-0.011172     -0.123047
-0.0106095    -0.115172
-0.012297     -0.118547
-0.017922     -0.110109
-0.0207345    -0.118547
-0.0241095    -0.122484
-0.017922     -0.116297
-0.0389559    -0.0993516
-0.0293934    -0.103289
-0.0383934    -0.104414
-0.0378309    -0.0999141
-0.0395184    -0.109477
-0.0406434    -0.112289
-0.0395184    -0.108914
-0.0389559    -0.105539
-0.0378309    -0.0993516
-0.0383934    -0.101602
-0.0406434    -0.111727
-0.0128595    -0.0936562
-0.014547     -0.100406
-0.025797     -0.0998437
-0.0218595    -0.0959062
-0.013422     -0.103781
-0.011172     -0.100406
-0.011172     -0.0998437
-0.0361434    -0.0789609
-0.0361434    -0.0800859
-0.0355809    -0.0879609
-0.0417684    -0.0828984
-0.0395184    -0.0857109
-0.0417684    -0.0812109
-0.0383934    -0.0812109
-0.0322059    -0.0896484
-0.0277059    -0.0851484
-0.0310809    -0.0879609
-0.0162345    -0.0805781
-0.0162345    -0.0800156
-0.0218595    -0.0715781
-0.0151095    -0.0817031
-0.019047     -0.0743906
-0.020172     -0.0721406
-0.0173595    -0.0760781
-0.011172     -0.0777656
-0.0173595    -0.0794531
-0.015672     -0.0788906
-0.0162345    -0.0788906
-0.0355809    -0.0591328
-0.0350184    -0.0726328
-0.0327684    -0.0675703
-0.0310809    -0.0641953
-0.0310809    -0.0630703
-0.0350184    -0.0737578
-0.0355809    -0.0743203
-0.0316434    -0.0664453
-0.0333309    -0.0647578
-0.013422     -0.0556875
-0.020172     -0.0489375
-0.0196095    -0.0489375
-0.015672     -0.055125
-0.0162345    -0.0556875
-0.020172     -0.0495
-0.0128595    -0.0500625
-0.017922     -0.0523125
-0.0173595    -0.05175
-0.024672     -0.055125
-0.0263595    -0.0545625
-0.022422     -0.0585
-0.019047     -0.063
-0.0162345    -0.050625
-0.015672     -0.0534375
-0.0406434    -0.0460547
-0.0434559    -0.0454922
-0.0310809    -0.0499922
-0.0434559    -0.0443672
-0.0310809    -0.0432422
-0.0316434    -0.0432422
-0.0338934    -0.0454922
-0.0299559    -0.0415547
-0.0338934    -0.0460547
-0.0305184    -0.0443672
-0.0338934    -0.0544922
-0.0361434    -0.0544922
-0.0417684    -0.0432422
-0.0367059    -0.0381797
-0.0417684    -0.0443672
-0.022422     -0.0358594
-0.0241095    -0.0307969
-0.0229845    -0.0397969
-0.022422     -0.0392344
-0.024672     -0.0319219
-0.024672     -0.0324844
-0.0151095    -0.0386719
-0.016797     -0.0296719
-0.0128595    -0.0279844
-0.023547     -0.0313594
-0.0117345    -0.0364219
-0.0162345    -0.0392344
-0.014547     -0.0279844
-0.023547     -0.0296719
-0.019047     -0.0307969
-0.0241095    -0.0302344
-0.010047     -0.0358594
-0.0162345    -0.0369844
-0.0241095    -0.0307969
-0.024672     -0.0324844
-0.024672     -0.0347344
-0.0252345    -0.0324844
-0.0162345    -0.0296719
-0.0372684    -0.0217266
-0.0400809    -0.0189141
-0.0288309    -0.0267891
-0.0367059    -0.0234141
-0.0378309    -0.0284766
-0.0389559    -0.0290391
-0.0395184    -0.0200391
-0.0350184    -0.0251016
-0.0372684    -0.0279141
-0.0395184    -0.0256641
-0.0400809    -0.0256641
-0.0305184    -0.0290391
-0.0277059    -0.0273516
-0.0378309    -0.0279141
-0.0322059    -0.0324141
-0.0355809    -0.0239766
-0.0355809    -0.0211641
-0.0361434    -0.0251016
-0.0327684    -0.0239766
-0.0316434    -0.0267891
-0.0305184    -0.0312891
-0.0316434    -0.0296016
-0.0338934    -0.0211641
-0.0344559    -0.0335391
-0.0389559    -0.0239766
-0.0293934    -0.0222891
-0.017922     -0.0143438
-0.019047     -0.0165937
-0.011172     -0.0149062
-0.013422     -0.0165937
-0.011172     -0.0120938
-0.0139845    -0.00815625
-0.0117345    -0.0115312
-0.013422     -0.0104062
-0.0117345    -0.0120938
-0.011172     -0.0126562
-0.016797     -0.0132187
-0.0252345    -0.0126562
-0.017922     -0.00759375
-0.0196095    -0.0154687
-0.020172     -0.0154687
-0.0196095    -0.0165937
-0.0117345    -0.0205312
-0.0162345    -0.0149062
-0.017922     -0.0126562
-0.0139845    -0.0194062
-0.0162345    -0.0165937
-0.023547     -0.0216563
-0.015672     -0.00871875
-0.0241095    -0.0120938
-0.0162345    -0.0239063
-0.019047     -0.0182812
-0.016797     -0.0222187
-0.020172     -0.0137812
-0.020172     -0.0188437
-0.0184845    -0.00815625
-0.0173595    -0.00759375
-0.0117345    -0.00984375
-0.0117345    -0.0205312
-0.012297     -0.0104062
-0.022422     -0.0188437
-0.0218595    -0.0132187
-0.0218595    -0.0188437
-0.0218595    -0.0109687
-0.016797     -0.0210937
-0.019047     -0.0165937
-0.0241095    -0.0194062
-0.015672     -0.0137812
-0.0310809    -0.00471094
-0.0395184    -0.00246094
-0.0322059    -0.00864844
-0.0288309    -0.0108984
-0.0378309    -0.00639844
-0.0305184    0.00147656
-0.0412059    0.000351562
-0.0383934    -0.0125859
-0.0350184    -0.0108984
-0.0395184    -0.00752344
-0.0367059    -0.0103359
-0.0322059    -0.0131484
-0.0428934    -0.00527344
-0.0338934    -0.00302344
-0.0355809    -0.0137109
-0.0338934    -0.00471094
-0.0305184    -0.00527344
-0.0316434    -0.00583594
-0.0310809    -0.00358594
-0.0293934    -0.0114609
-0.0299559    -0.00752344
-0.0173595    -0.00126563
-0.017922     -0.00126563
-0.0139845    -0.00126563
-0.016797     0.0111094
-0.0173595    0.0105469
-0.0173595    0.000984375
-0.0184845    0.00435938
-0.019047     0.00717188
-0.022422     0.0111094
-0.0241095    0.00773437
-0.023547     0.00998438
-0.017922     0.00267187
-0.0139845    0.000984375
-0.020172     0.00660937
-0.0207345    -0.000703125
-0.0196095    0.00773437
-0.0184845    0.00154687
-0.017922     0.00717188
-0.0218595    0.000984375
-0.0151095    0.0111094
-0.0241095    0.00548437
-0.0207345    0.00773437
-0.017922     0.00998438
-0.0173595    0.0105469
-0.014547     0.0116719
-0.016797     0.00660937
-0.0151095    0.00267187
-0.017922     0.00885937
-0.0139845    0.0105469
-0.025797     0.00323437
-0.017922     0.00942187
-0.0252345    0.00379687
-0.015672     0.0111094
-0.0184845    0.00942187
-0.023547     0.00942187
-0.0151095    0.00773437
-0.0128595    0.00660937
-0.0117345    0.00154687
-0.012297     0.00323437
-0.012297     -0.000140625
-0.0412059    0.0162422
-0.0428934    0.0168047
-0.0406434    0.0201797
-0.0383934    0.0111797
-0.0378309    0.0179297
-0.0372684    0.0196172
-0.0406434    0.0123047
-0.0277059    0.0196172
-0.0355809    0.0213047
-0.0361434    0.0213047
-0.0400809    0.0162422
-0.0378309    0.0196172
-0.0378309    0.0123047
-0.0389559    0.0106172
-0.0383934    0.0123047
-0.0344559    0.0218672
-0.0395184    0.00949219
-0.0406434    0.00949219
-0.0389559    0.00892969
-0.0389559    0.00949219
-0.0350184    0.00892969
-0.0288309    0.0100547
-0.0395184    0.00780469
-0.013422     0.02025
-0.011172     0.02475
-0.0128595    0.0225
-0.0151095    0.019125
-0.010047     0.0253125
-0.011172     0.0253125
-0.012297     0.030375
-0.021297     0.0219375
-0.0173595    0.021375
-0.019047     0.018
-0.0139845    0.0331875
-0.0184845    0.0331875
-0.016797     0.0331875
-0.0184845    0.032625
-0.011172     0.0196875
-0.0184845    0.0253125
-0.0196095    0.02025
-0.0196095    0.028125
-0.020172     0.02025
-0.017922     0.025875
-0.017922     0.0315
-0.014547     0.0275625
-0.0151095    0.0275625
-0.0128595    0.0275625
-0.014547     0.028125
-0.012297     0.0219375
-0.014547     0.02025
-0.0252345    0.0241875
-0.016797     0.0298125
-0.014547     0.0275625
-0.019047     0.028125
-0.0139845    0.028125
-0.014547     0.0286875
-0.024672     0.0275625
-0.0229845    0.028125
-0.0184845    0.0286875
-0.0117345    0.0286875
-0.0106095    0.0264375
-0.0117345    0.028125
-0.0333309    0.0326953
-0.0327684    0.0326953
-0.0412059    0.0298828
-0.0316434    0.0281953
-0.0338934    0.0270703
-0.0333309    0.0276328
-0.0322059    0.0287578
-0.0338934    0.0287578
-0.0378309    0.0416953
-0.0440184    0.0360703
-0.0282684    0.0349453
-0.0277059    0.0338203
-0.0277059    0.0366328
-0.0322059    0.0433828
-0.0299559    0.0422578
-0.0412059    0.0400078
-0.0428934    0.0394453
-0.0378309    0.0366328
-0.0367059    0.0349453
-0.0344559    0.0281953
-0.0355809    0.0360703
-0.0400809    0.0422578
-0.0350184    0.0315703
-0.0412059    0.0422578
-0.019047     0.0473906
-0.0218595    0.0507656
-0.0106095    0.0507656
-0.0106095    0.0451406
-0.011172     0.0445781
-0.010047     0.0417656
-0.011172     0.0496406
-0.0162345    0.0507656
-0.017922     0.0507656
-0.0241095    0.0502031
-0.0139845    0.0507656
-0.0117345    0.0507656
-0.0184845    0.0513281
-0.013422     0.0462656
-0.022422     0.0395156
-0.0241095    0.0428906
-0.0207345    0.0479531
-0.014547     0.0485156
-0.019047     0.0490781
-0.0106095    0.0485156
-0.021297     0.0400781
-0.0117345    0.0468281
-0.0196095    0.0496406
-0.0423309    0.0592734
-0.0293934    0.0497109
-0.0316434    0.0525234
-0.0310809    0.0525234
-0.0310809    0.0513984
-0.0355809    0.0620859
-0.0333309    0.0592734
-0.0350184    0.0609609
-0.0333309    0.0553359
-0.0417684    0.0513984
-0.0383934    0.0491484
-0.0344559    0.0474609
-0.0316434    0.0615234
-0.023547     0.0615938
-0.020172     0.0587813
-0.0196095    0.0593437
-0.011172     0.0649687
-0.014547     0.0909844
-0.0229845    0.0808594
-0.0184845    0.0887344
-0.0173595    0.0904219
-0.021297     0.11025
-0.0383934    0.11932
-0.000263241  -0.15082
0.00479925    -0.144633
0.000299259   -0.142945
0.000861759   -0.140695
-0.00251325   -0.142945
-0.00645075   -0.142945
0.0168331     -0.131062
0.0168331     -0.129937
0.0157081     -0.1305
0.0173956     -0.129937
0.0173956     -0.131062
0.0173956     -0.1305
0.0168331     -0.1305
0.0179581     -0.129937
0.0162706     -0.1305
0.0179581     -0.131625
0.0162706     -0.129937
0.00952057    -0.137813
0.0100831     -0.134437
0.0106456     -0.133875
0.0213331     -0.132187
0.0202081     -0.133875
0.0168331     -0.145687
0.0218956     -0.1305
0.0179581     -0.142313
0.0185206     -0.138375
0.0162706     -0.145125
0.0128956     -0.133312
0.0190831     -0.124172
0.00536175    -0.106102
0.00311175    -0.111727
-0.00307575   -0.113414
0.0173956     -0.0975937
0.0179581     -0.0975937
0.024708      -0.101531
0.0218956     -0.0953438
0.0213331     -0.0964688
0.0224581     -0.0970312
0.0213331     -0.0975937
0.0213331     -0.100406
0.0202081     -0.0970312
0.0185206     -0.0947812
0.0157081     -0.0891562
0.0179581     -0.102656
0.0128956     -0.0930937
0.0123331     -0.0902812
0.0123331     -0.0925312
0.0151456     -0.0987187
0.0128956     -0.0936562
0.0134581     -0.0964688
0.00142426    -0.0947109
-0.00138824   -0.0924609
0.00254925    -0.0879609
0.00254925    -0.0795234
0.0213331     -0.0833906
0.0252705     -0.0766406
0.0123331     -0.0760781
0.0123331     -0.0783281
0.0117706     -0.0822656
-0.00757575   -0.0636328
0.00142426    -0.0591328
-0.00476325   -0.0625078
-0.000263241  -0.0602578
-0.00420075   -0.0630703
-0.00701325   -0.0608203
-0.00138824   -0.0630703
-0.00251325   -0.0625078
0.00761175    -0.0636328
0.00254925    -0.0641953
0.00479925    -0.0647578
0.0230206     -0.0601875
0.0224581     -0.06075
0.0140206     -0.0568125
0.0157081     -0.06075
0.0145831     -0.0585
0.0117706     -0.0534375
0.00952057    -0.052875
0.0168331     -0.0585
0.0207706     -0.0635625
0.0134581     -0.055125
0.0241455     -0.059625
0.0218956     -0.06075
0.0185206     -0.0646875
0.0185206     -0.0635625
0.00592425    -0.0432422
-0.00532575   -0.0488672
-0.000263241  -0.0505547
0.00648675    -0.0488672
-0.00195074   -0.0511172
0.000299259   -0.0516797
0.00311175    -0.0398672
0.00704925    -0.0421172
0.00311175    -0.0499922
0.00592425    -0.0488672
0.00536175    -0.0494297
-0.00588825   -0.0511172
0.0128956     -0.0319219
0.0134581     -0.0409219
0.0196456     -0.0302344
0.0224581     -0.0285469
0.0168331     -0.0319219
0.0179581     -0.0313594
0.00895807    -0.0347344
0.0128956     -0.0341719
0.0123331     -0.0341719
0.023583      -0.0313594
0.0213331     -0.0291094
0.0123331     -0.0364219
0.0140206     -0.0330469
0.0117706     -0.0375469
0.0157081     -0.0302344
0.0202081     -0.0347344
0.0117706     -0.0369844
0.0100831     -0.0369844
0.0145831     -0.0397969
0.0179581     -0.0403594
0.0179581     -0.0414844
0.0173956     -0.0431719
0.0157081     -0.0431719
0.024708      -0.0330469
0.0202081     -0.0397969
0.0117706     -0.0392344
0.00536175    -0.0239766
-0.00476325   -0.0245391
-0.00195074   -0.0228516
-0.00476325   -0.0251016
-0.00195074   -0.0211641
0.00536175    -0.0194766
0.000299259   -0.0279141
0.00536175    -0.0189141
-0.00307575   -0.0335391
0.00311175    -0.0239766
0.00536175    -0.0222891
-0.00251325   -0.0279141
0.00254925    -0.0251016
0.00479925    -0.0234141
-0.000825741  -0.0324141
0.00648675    -0.0262266
0.00479925    -0.0284766
0.00761175    -0.0267891
-0.00476325   -0.0267891
-0.00813825   -0.0284766
0.00254925    -0.0189141
0.00311175    -0.0312891
0.00254925    -0.0183516
0.00142426    -0.0341016
0.00367425    -0.0251016
0.00479925    -0.0239766
-0.00420075   -0.0177891
0.0106456     -0.0160313
0.0157081     -0.0210937
0.0140206     -0.00871875
0.0134581     -0.00815625
0.0213331     -0.00984375
0.0162706     -0.0120938
0.00952057    -0.0126562
0.00895807    -0.0137812
0.00952057    -0.0132187
0.0145831     -0.0126562
0.0134581     -0.0171563
0.0179581     -0.00871875
0.0162706     -0.00984375
0.0157081     -0.00759375
0.0100831     -0.0160313
0.0117706     -0.0115312
0.0117706     -0.0126562
0.0241455     -0.0182812
0.0190831     -0.0154687
0.0207706     -0.0182812
0.0168331     -0.0132187
0.0252705     -0.0188437
0.0241455     -0.0194062
0.0128956     -0.0199688
0.0185206     -0.0104062
0.0140206     -0.00984375
-0.00420075   -0.00527344
0.00254925    -0.00921094
0.00142426    -0.00864844
-0.00757575   -0.00302344
0.000299259   -0.00246094
0.00423675    -0.00133594
-0.00251325   -0.00246094
-0.00757575   -0.00471094
0.00761175    -0.000773437
-0.000825741  -0.00189844
-0.00588825   -0.00358594
-0.000825741  -0.000773437
-0.00588825   -0.00864844
-0.00420075   -0.00696094
-0.00588825   -0.00808594
-0.00757575   -0.00752344
0.00311175    -0.00302344
0.00254925    -0.00189844
0.00254925    -0.00302344
0.00198676    0.000914062
0.00367425    -0.00358594
-0.00363825   -0.00921094
0.00311175    -0.00527344
0.00311175    -0.00977344
-0.00307575   0.000351562
-0.00476325   -0.00808594
0.00423675    -0.0114609
-0.00701325   -0.00752344
-0.00363825   -0.0114609
0.000299259   -0.00808594
0.00142426    -0.0108984
0.000299259   -0.0103359
0.00198676    -0.00977344
-0.00138824   -0.00527344
0.000299259   -0.00639844
0.00198676    -0.00189844
-0.00251325   -0.0120234
-0.00195074   -0.0131484
0.00479925    -0.00133594
0.00536175    -0.00358594
0.0117706     -0.000140625
0.0224581     -0.00126563
0.0196456     -0.000140625
0.0185206     -0.000140625
0.0145831     -0.000140625
0.0100831     0.000984375
0.0128956     0.00379687
0.0123331     0.00998438
0.0134581     0.0127969
0.0157081     0.0116719
0.0202081     0.0116719
0.0151456     0.0105469
0.0213331     0.00154687
0.0213331     -0.00182812
0.0218956     0.000421875
0.0162706     0.00154687
0.0168331     0.00660937
0.0128956     -0.000140625
0.0157081     -0.00295313
0.0151456     -0.00239062
0.0134581     0.00210938
0.0173956     0.00435938
0.0151456     -0.00182812
0.0145831     0.00210938
0.0145831     0.00379687
0.0128956     0.0111094
0.0241455     0.00267187
0.0190831     -0.00126563
0.0252705     0.00379687
0.0157081     0.00323437
0.0179581     -0.000703125
0.0117706     0.00660937
0.0117706     0.00717188
0.0162706     0.00379687
0.0207706     0.0105469
0.0196456     0.0105469
0.0168331     0.0127969
0.0157081     0.00660937
0.0151456     0.00773437
0.0213331     0.00379687
0.0128956     0.0105469
0.0123331     0.00942187
0.0123331     0.00885937
0.0140206     -0.00239062
0.0128956     -0.00182812
0.0123331     -0.000140625
0.0123331     0.00717188
0.0106456     0.00379687
0.00592425    0.0207422
0.00254925    0.0123047
0.00142426    0.00836719
0.00536175    0.0207422
0.00479925    0.0196172
-0.00420075   0.0179297
-0.00195074   0.0229922
0.00648675    0.0184922
-0.00307575   0.0168047
-0.00476325   0.0213047
0.000299259   0.0100547
0.00198676    0.0229922
-0.00251325   0.0123047
-0.00251325   0.0117422
-0.00757575   0.0123047
-0.00645075   0.0128672
0.000299259   0.0123047
-0.00251325   0.00949219
0.000299259   0.0207422
-0.000825741  0.0128672
-0.00757575   0.0128672
-0.00701325   0.0134297
-0.00476325   0.0134297
-0.00532575   0.0134297
-0.00307575   0.0179297
-0.00195074   0.0173672
-0.000263241  0.00892969
-0.00307575   0.0224297
-0.00363825   0.0162422
0.00895807    0.02475
0.0162706     0.0315
0.00895807    0.0264375
0.0128956     0.0298125
0.0128956     0.023625
0.0106456     0.030375
0.0123331     0.0219375
0.0123331     0.02925
0.0134581     0.023625
0.0230206     0.0208125
0.0134581     0.027
0.0157081     0.025875
0.0241455     0.02025
0.0112081     0.0275625
0.0224581     0.0219375
0.0100831     0.0298125
0.0112081     0.0196875
0.0117706     0.027
0.0207706     0.030375
0.0162706     0.0320625
0.0252705     0.0275625
0.0196456     0.0309375
0.0173956     0.0315
0.0157081     0.0331875
0.0179581     0.032625
0.0196456     0.0320625
0.0168331     0.023625
0.0162706     0.023625
0.0157081     0.0208125
0.0162706     0.0219375
0.0230206     0.02475
0.0151456     0.0275625
0.024708      0.0253125
0.0168331     0.0219375
0.0162706     0.021375
0.0173956     0.027
0.0168331     0.025875
0.0151456     0.0174375
0.0145831     0.019125
0.0218956     0.0185625
0.0112081     0.028125
0.0128956     0.0219375
0.0106456     0.02475
0.0151456     0.0185625
0.0157081     0.0196875
0.0196456     0.025875
0.0202081     0.0264375
0.0185206     0.0241875
0.0202081     0.02025
0.00761175    0.0355078
-0.00420075   0.0304453
0.00423675    0.0349453
-0.00588825   0.0298828
0.00479925    0.0355078
0.00704925    0.0360703
0.00367425    0.0400078
-0.00476325   0.0394453
-0.00645075   0.0338203
-0.00307575   0.0315703
-0.00251325   0.0326953
-0.00588825   0.0304453
0.00761175    0.0366328
0.00311175    0.0422578
-0.00138824   0.0276328
0.000861759   0.0287578
-0.00307575   0.0298828
-0.00363825   0.0304453
-0.00138824   0.0293203
-0.00532575   0.0400078
-0.00476325   0.0428203
-0.00420075   0.0422578
0.00536175    0.0428203
0.00254925    0.0394453
0.00592425    0.0366328
0.00536175    0.0371953
0.00198676    0.0428203
0.00254925    0.0310078
0.00142426    0.0310078
0.00311175    0.0315703
-0.00138824   0.0304453
-0.000825741  0.0310078
-0.000263241  0.0332578
0.00254925    0.0383203
0.00536175    0.0366328
-0.000263241  0.0400078
-0.00195074   0.0355078
0.00423675    0.0394453
0.00367425    0.0400078
0.00142426    0.0355078
-0.00251325   0.0281953
-0.00251325   0.0304453
0.0168331     0.0434531
0.0162706     0.0428906
0.0168331     0.0485156
0.0168331     0.0490781
0.0112081     0.0507656
0.0151456     0.0485156
0.0123331     0.0417656
0.0162706     0.0496406
0.0112081     0.0412031
0.0112081     0.0400781
0.0123331     0.0434531
0.0162706     0.0513281
0.0128956     0.0462656
0.0123331     0.0451406
0.0128956     0.0445781
0.0134581     0.0434531
0.0123331     0.0445781
0.0117706     0.0445781
0.0162706     0.0412031
0.0151456     0.0417656
0.0213331     0.0428906
0.0202081     0.0434531
0.0145831     0.0485156
0.0179581     0.0502031
0.0106456     0.0468281
0.0224581     0.0518906
0.0202081     0.0518906
-0.00645075   0.0547734
-0.00813825   0.0564609
-0.000825741  0.0474609
0.00254925    0.0485859
-0.00195074   0.0480234
-0.00870075   0.0558984
0.0207706     0.0717187
0.00536175    0.0746016
-0.00307575   0.0689766
-0.00701325   0.0807891
-0.00532575   0.0836016
-0.00532575   0.0830391
-0.00476325   0.0836016
-0.00870075   0.0779766
0.0218956     0.0864844
0.0128956     0.0932344
0.0173956     0.0915469
0.0190831     0.0780469
0.0241455     0.0881719
0.023583      0.0876094
0.0140206     0.0797344
0.0157081     0.0819844
-0.00307575   0.0961172
-0.00420075   0.0961172
-0.00476325   0.0961172
0.00704925    0.113695
0.0185206     0.132891
0.0173956     0.127266
0.0168331     0.148781
0.0162706     0.150469
0.0196456     0.140344
0.0288668     -0.145758
0.0311168     -0.144633
0.0322418     -0.145195
0.0367418     -0.142945
0.0333668     -0.144633
0.0339293     -0.133242
0.0311168     -0.125367
0.060588      -0.118547
0.0476505     -0.115734
0.050463      -0.115734
0.0521505     -0.118547
0.0544005     -0.111234
0.054963      -0.110672
0.047088      -0.114047
0.0487755     -0.113484
0.0316793     -0.111164
0.0283043     -0.111164
0.0442755     -0.0970312
0.0442755     -0.0964688
0.045963      -0.0981563
0.0299918     -0.0862734
0.0412418     -0.0924609
0.0350543     -0.0879609
0.0406793     -0.0879609
0.0476505     -0.0715781
0.0487755     -0.0715781
0.048213      -0.0721406
0.054963      -0.0687656
0.056088      -0.0693281
0.0288668     -0.0715078
0.0344918     -0.0731953
0.0350543     -0.0743203
0.049338      -0.0511875
0.0566505     -0.059625
0.0544005     -0.0579375
0.0521505     -0.05625
0.0566505     -0.0585
0.0589005     -0.059625
0.045963      -0.054
0.0367418     -0.0409922
0.0361793     -0.0449297
0.0344918     -0.0477422
0.0373043     -0.0409922
0.0350543     -0.0466172
0.0361793     -0.0454922
0.0429293     -0.0409922
0.0406793     -0.0466172
0.0350543     -0.0539297
0.0328043     -0.0522422
0.0350543     -0.0398672
0.0333668     -0.0409922
0.0367418     -0.0539297
0.0476505     -0.0369844
0.060588      -0.0313594
0.0532755     -0.0358594
0.0510255     -0.0381094
0.049338      -0.0386719
0.0510255     -0.0375469
0.0361793     -0.0279141
0.0339293     -0.0189141
0.0356168     -0.0228516
0.0378668     -0.0335391
0.0373043     -0.0245391
0.0322418     -0.0183516
0.0328043     -0.0189141
0.0418043     -0.0228516
0.0429293     -0.0222891
0.0328043     -0.0177891
0.0384293     -0.0217266
0.0423668     -0.0234141
0.0406793     -0.0234141
0.0389918     -0.0222891
0.0266168     -0.0245391
0.0288668     -0.0222891
0.0277418     -0.0251016
0.0333668     -0.0194766
0.0294293     -0.0234141
0.0401168     -0.0239766
0.0367418     -0.0228516
0.0378668     -0.0194766
0.0378668     -0.0262266
0.0277418     -0.0234141
0.0367418     -0.0273516
0.0294293     -0.0245391
0.0406793     -0.0228516
0.0418043     -0.0211641
0.052713      -0.0137812
0.056088      -0.0104062
0.053838      -0.0132187
0.048213      -0.0216563
0.0499005     -0.0233437
0.057213      -0.00815625
0.0476505     -0.00871875
0.0487755     -0.00984375
0.0532755     -0.0109687
0.059463      -0.0115312
0.0589005     -0.0126562
0.060588      -0.0143438
0.059463      -0.0137812
0.0521505     -0.0182812
0.051588      -0.0177187
0.0555255     -0.0199688
0.0442755     -0.0149062
0.0544005     -0.0216563
0.051588      -0.0227812
0.0577755     -0.0104062
0.052713      -0.0126562
0.056088      -0.0115312
0.0577755     -0.0109687
0.0589005     -0.00984375
0.048213      -0.00871875
0.056088      -0.0233437
0.0333668     -0.00639844
0.0294293     -0.00414844
0.0328043     -0.00527344
0.0418043     -0.000773437
0.0384293     -0.0114609
0.0367418     -0.00752344
0.0373043     -0.00921094
0.0344918     0.000351562
0.0384293     -0.0120234
0.0339293     0.00147656
0.0322418     0.000914062
0.0344918     0.000914062
0.0367418     0.00203906
0.0356168     -0.00414844
0.0378668     -0.0108984
0.0361793     -0.00864844
0.0339293     -0.000210937
0.0328043     0.00203906
0.0367418     -0.0120234
0.0406793     -0.00302344
0.0378668     -0.0120234
0.0401168     -0.00246094
0.0401168     -0.00808594
0.0412418     -0.0103359
0.0339293     -0.0120234
0.0316793     -0.0125859
0.0316793     -0.0120234
0.0277418     -0.00921094
0.0316793     -0.00583594
0.0288668     0.000914062
0.0356168     -0.0137109
0.0294293     -0.000773437
0.0423668     -0.00583594
0.0378668     -0.0120234
0.0373043     -0.0103359
0.0406793     -0.00921094
0.0311168     -0.0120234
0.0544005     0.00548437
0.053838      0.00829687
0.0600255     0.00998438
0.0544005     0.00154687
0.0454005     0.00604688
0.0544005     0.00210938
0.050463      0.00379687
0.048213      0.00548437
0.057213      0.000421875
0.047088      0.00154687
0.053838      0.00942187
0.044838      0.00379687
0.0566505     0.0111094
0.0589005     0.00492188
0.0510255     0.00210938
0.0465255     0.00998438
0.045963      0.00829687
0.048213      0.0105469
0.0566505     0.0122344
0.049338      -0.00239062
0.053838      0.000421875
0.0418043     0.0145547
0.0395543     0.0184922
0.0406793     0.0179297
0.0401168     0.0179297
0.0423668     0.0168047
0.0271793     0.0145547
0.0316793     0.0168047
0.0367418     0.0128672
0.0361793     0.0139922
0.0389918     0.0190547
0.0316793     0.0106172
0.0322418     0.00892969
0.0277418     0.0168047
0.0328043     0.00836719
0.0378668     0.00836719
0.0389918     0.0106172
0.0395543     0.0156797
0.0384293     0.0218672
0.0333668     0.00892969
0.0367418     0.0139922
0.0373043     0.0168047
0.0373043     0.0106172
0.0311168     0.0196172
0.0339293     0.0173672
0.0356168     0.00667969
0.0395543     0.0100547
0.0277418     0.0111797
0.0277418     0.0123047
0.0311168     0.00780469
0.0476505     0.0298125
0.0465255     0.0315
0.0487755     0.027
0.0476505     0.027
0.0465255     0.027
0.0589005     0.0315
0.051588      0.0196875
0.0566505     0.018
0.050463      0.0208125
0.0454005     0.0225
0.058338      0.0219375
0.0555255     0.0219375
0.0532755     0.02475
0.057213      0.018
0.054963      0.0196875
0.051588      0.02925
0.0544005     0.0331875
0.0566505     0.030375
0.060588      0.02925
0.058338      0.0309375
0.058338      0.0196875
0.0589005     0.0241875
0.057213      0.0315
0.0283043     0.0315703
0.0328043     0.0287578
0.0283043     0.0326953
0.0395543     0.0338203
0.0429293     0.0315703
0.0311168     0.0371953
0.0328043     0.0394453
0.0322418     0.0287578
0.0299918     0.0400078
0.0361793     0.0377578
0.0344918     0.0366328
0.0412418     0.0411328
0.0367418     0.0366328
0.0283043     0.0366328
0.0288668     0.0405703
0.0288668     0.0400078
0.0294293     0.0411328
0.0384293     0.0355078
0.0288668     0.0338203
0.0344918     0.0355078
0.0429293     0.0343828
0.0384293     0.0304453
0.0389918     0.0310078
0.0401168     0.0310078
0.0356168     0.0310078
0.0333668     0.0310078
0.0277418     0.0315703
0.0339293     0.0360703
0.0288668     0.0394453
0.0395543     0.0315703
0.0316793     0.0383203
0.0378668     0.0343828
0.047088      0.0513281
0.0476505     0.0451406
0.0544005     0.0479531
0.056088      0.0434531
0.057213      0.0417656
0.0465255     0.0457031
0.057213      0.0462656
0.054963      0.0468281
0.057213      0.0468281
0.0600255     0.0457031
0.045963      0.0485156
0.049338      0.0417656
0.0566505     0.0473906
0.0589005     0.0502031
0.056088      0.0468281
0.0577755     0.0507656
0.0442755     0.0473906
0.0487755     0.0389531
0.0476505     0.0445781
0.044838      0.0451406
0.0465255     0.0451406
0.056088      0.0395156
0.052713      0.0395156
0.0499005     0.0383906
0.0577755     0.0412031
0.0555255     0.0383906
0.060588      0.0423281
0.0600255     0.0417656
0.0454005     0.0485156
0.053838      0.0372656
0.0476505     0.0440156
0.050463      0.0412031
0.048213      0.0445781
0.0454005     0.0468281
0.0266168     0.0558984
0.0271793     0.0592734
0.0350543     0.0637734
0.0418043     0.0564609
0.0401168     0.0603984
0.0418043     0.0553359
0.0406793     0.0581484
0.0423668     0.0525234
0.0401168     0.0592734
0.0288668     0.0519609
0.0454005     0.0621562
0.0566505     0.0722812
0.0521505     0.0666562
0.0499005     0.0722812
0.049338      0.0734062
0.050463      0.0694687
0.0510255     0.0711563
0.0521505     0.0632812
0.0510255     0.0694687
0.0454005     0.0677813
0.0487755     0.0739687
0.044838      0.0694687
0.0277418     0.0762891
0.0283043     0.0729141
0.0288668     0.0723516
0.0333668     0.0729141
0.0283043     0.0757266
0.0350543     0.0729141
0.0271793     0.0768516
0.0423668     0.0751641
0.0465255     0.0814219
0.059463      0.0819844
0.0577755     0.0814219
0.0544005     0.0802969
0.051588      0.0786094
0.0589005     0.0831094
0.053838      0.0847969
0.048213      0.0881719
0.0532755     0.0859219
0.0532755     0.0864844
0.0566505     0.0836719
0.0521505     0.0876094
0.047088      0.0836719
0.0476505     0.0853594
0.0367418     0.0916172
0.0283043     0.0955547
0.0589005     0.122766
0.056088      0.121078
0.0566505     0.122203
0.0600255     0.124453
0.060588      0.123328
0.0776845     -0.148008
0.0698095     -0.15307
0.068122      -0.150258
0.066997      -0.14857
0.065872      -0.141258
0.0664345     -0.145758
0.0698095     -0.155883
0.0698095     -0.154758
0.069247      -0.153633
0.0743095     -0.131555
0.068122      -0.124805
0.0686845     -0.12368
0.068122      -0.129867
0.0675595     -0.128742
0.0675595     -0.12818
0.0709345     -0.121992
0.0641845     -0.102164
0.065872      -0.101039
0.062497      -0.105539
0.0698095     -0.0812109
0.064747      -0.0664453
0.066997      -0.0692578
0.068122      -0.0709453
0.065872      -0.0522422
0.0675595     -0.0488672
0.0675595     -0.0511172
0.0686845     -0.0505547
0.062497      -0.0245391
0.064747      -0.0245391
0.068122      -0.0239766
0.0675595     -0.0183516
0.063622      -0.0222891
0.066997      -0.0211641
0.0686845     -0.0189141
0.075997      -0.0217266
0.0619345     -0.0256641
0.0720595     -0.0245391
0.078247      -0.0222891
0.073747      -0.0245391
0.064747      -0.0312891
0.0675595     -0.0335391
0.066997      -0.0239766
0.068122      -0.0256641
0.0686845     -0.0222891
0.066997      -0.0177891
0.073747      -0.0301641
0.0675595     -0.0251016
0.0709345     -0.0114609
0.073747      0.00203906
0.0653095     -0.00639844
0.063622      -0.00752344
0.075997      -0.00752344
0.077122      -0.00527344
0.0776845     -0.00414844
0.0765595     -0.00864844
0.0731845     -0.0131484
0.071497      -0.00808594
0.0686845     -0.0114609
0.074872      -0.00133594
0.0686845     -0.0131484
0.073747      -0.00583594
0.0731845     -0.00752344
0.064747      -0.00471094
0.066997      -0.00189844
0.0641845     -0.00583594
0.065872      -0.00527344
0.0653095     -0.00583594
0.063622      -0.00471094
0.0698095     -0.0120234
0.064747      -0.00639844
0.0641845     -0.00639844
0.0653095     -0.00921094
0.0653095     -0.000773437
0.0641845     -0.00358594
0.071497      -0.00527344
0.0731845     -0.000210937
0.075997      0.0173672
0.0743095     0.0207422
0.077122      0.0162422
0.066997      0.00836719
0.065872      0.00949219
0.0754345     0.0173672
0.0675595     0.00836719
0.0664345     0.00836719
0.064747      0.00949219
0.066997      0.00780469
0.072622      0.0134297
0.072622      0.0111797
0.0731845     0.0184922
0.069247      0.0224297
0.0731845     0.0179297
0.062497      0.0168047
0.062497      0.0179297
0.0731845     0.0145547
0.068122      0.00836719
0.075997      0.0173672
0.0686845     0.00949219
0.070372      0.0173672
0.0698095     0.0179297
0.068122      0.0207422
0.068122      0.0218672
0.073747      0.0151172
0.078247      0.0360703
0.0720595     0.0332578
0.0743095     0.0326953
0.077122      0.0326953
0.0686845     0.0332578
0.066997      0.0338203
0.069247      0.0293203
0.0698095     0.0293203
0.074872      0.0326953
0.075997      0.0326953
0.0743095     0.0360703
0.073747      0.0360703
0.0686845     0.0411328
0.077122      0.0310078
0.0754345     0.0349453
0.063622      0.0315703
0.065872      0.0304453
0.0686845     0.0287578
0.064747      0.0315703
0.066997      0.0281953
0.0776845     0.0321328
0.0641845     0.0360703
0.066997      0.0355078
0.068122      0.0360703
0.069247      0.0349453
0.078247      0.0321328
0.0754345     0.0343828
0.0641845     0.0343828
0.0686845     0.0293203
0.068122      0.0310078
0.0698095     0.0281953
0.070372      0.0281953
0.0743095     0.0281953
0.0653095     0.0315703
0.0653095     0.0304453
0.064747      0.0383203
0.0664345     0.0287578
0.0653095     0.0338203
0.0765595     0.0321328
0.0641845     0.0405703
0.064747      0.0405703
0.0720595     0.0377578
0.0664345     0.0394453
0.065872      0.0355078
0.078247      0.0371953
0.0641845     0.0355078
0.0709345     0.0349453
0.064747      0.0553359
0.062497      0.0542109
0.062497      0.0547734
0.070372      0.0598359
0.070372      0.0525234
0.0720595     0.0553359
0.0731845     0.0558984
0.077122      0.0592734
0.075997      0.0592734
0.070372      0.0542109
0.066997      0.0502734
0.064747      0.0609609
0.0653095     0.0564609
0.0653095     0.0525234
0.0653095     0.0791016
0.074872      0.0830391
0.063622      0.0785391
0.0653095     0.0813516
0.071497      0.0841641
0.068122      0.0836016
0.0698095     0.0841641
0.0675595     0.102305
0.075997      0.0961172
0.069247      0.0994922
0.0754345     0.0944297
0.066997      0.0938672
0.069247      0.0944297
0.0686845     0.0949922
0.072622      0.0955547
0.074872      0.0949922
0.0686845     0.121008
0.0698095     0.122133
0.0686845     0.122695
0.0698095     0.12157
0.070372      0.122133
0.0698095     0.122695
0.069247      0.122133
0.0686845     0.122133
0.069247      0.12157
0.069247      0.121008
0.0698095     0.121008
0.0698095     0.120445
0.069247      0.122695
0.070372      0.12157
0.064747      0.136336
0.0686845     0.142523
0.0743095     0.145336
