-0.0521147    -0.00871875
-0.0509897    -0.0104062
-0.0487397    -0.0154687
-0.0543647    -0.0199688
-0.0611147    -0.0177187
-0.0470522    -0.0149062
-0.0594272    -0.0149062
-0.0526772    -0.0210937
-0.0577397    -0.0177187
-0.0731484    -0.00752344
-0.0776484    0.000351562
-0.0765234    -0.00246094
-0.0630234    -0.00864844
-0.0652734    -0.00189844
-0.0509897    0.00379687
-0.0521147    0.00323437
-0.0532397    0.000984375
-0.0782109    0.0139922
-0.0787734    0.0168047
-0.0635859    0.0162422
-0.0647109    0.0168047
-0.0663984    0.00949219
-0.0652734    0.0156797
-0.0498647    0.019125
-0.0453647    0.021375
-0.0737109    0.0349453
-0.0720234    0.0298828
-0.0742734    0.0287578
-0.0543647    0.0412031
-0.0470522    0.0417656
-0.0571772    0.0610312
-0.0630234    0.0791016
-0.0521147    0.0814219
-0.0464897    0.0814219
-0.0605522    0.0831094
-0.0549272    0.0814219
-0.0776484    0.10118
-0.0686484    0.0893672
-0.0753984    0.0961172
-0.0630234    0.142523
-0.0759609    0.132398
-0.016797     -0.0727031
-0.020172     -0.0721406
-0.0162345    -0.0732656
-0.0327684    -0.0653203
-0.0277059    -0.0692578
-0.0327684    -0.0658828
-0.0218595    -0.048375
-0.0423309    -0.0460547
-0.0316434    -0.0432422
-0.0338934    -0.0421172
-0.0372684    -0.0387422
-0.0367059    -0.0398672
-0.0355809    -0.0421172
-0.0184845    -0.0307969
-0.0184845    -0.0302344
-0.0344559    -0.0183516
-0.0355809    -0.0189141
-0.0350184    -0.0189141
-0.0327684    -0.0307266
-0.0361434    -0.0183516
-0.0355809    -0.0177891
-0.0350184    -0.0177891
-0.0350184    -0.0183516
-0.0355809    -0.0183516
-0.0344559    -0.0177891
-0.0361434    -0.0200391
-0.0344559    -0.0307266
-0.0389559    -0.0234141
-0.0428934    -0.0211641
-0.0327684    -0.0177891
-0.0395184    -0.0251016
-0.0338934    -0.0183516
-0.0389559    -0.0189141
-0.0417684    -0.0200391
-0.0423309    -0.0290391
-0.0361434    -0.0251016
-0.0305184    -0.0279141
-0.0344559    -0.0256641
-0.0412059    -0.0211641
-0.0344559    -0.0262266
-0.0310809    -0.0279141
-0.0338934    -0.0267891
-0.0305184    -0.0267891
-0.0151095    -0.0227812
-0.016797     -0.0177187
-0.017922     -0.0109687
-0.0162345    -0.0216563
-0.0173595    -0.0171563
-0.025797     -0.0120938
-0.012297     -0.00871875
-0.0151095    -0.0205312
-0.010047     -0.0160313
-0.0117345    -0.0171563
-0.0282684    -0.00864844
-0.0367059    -0.000210937
-0.0417684    -0.0103359
-0.0395184    -0.00302344
-0.014547     0.00548437
-0.014547     0.00379687
-0.0162345    -0.000140625
-0.017922     -0.00239062
-0.0128595    0.00885937
-0.0207345    -0.00126563
-0.0196095    0.00210938
-0.0196095    -0.00182812
-0.017922     0.00492188
-0.0173595    0.00885937
-0.013422     0.00829687
-0.0229845    0.00773437
-0.020172     0.00885937
-0.0241095    0.00885937
-0.021297     0.00942187
-0.023547     0.00942187
-0.0277059    0.0117422
-0.0428934    0.0117422
-0.020172     0.0219375
-0.024672     0.030375
-0.022422     0.0264375
-0.0207345    0.02475
-0.016797     0.0320625
-0.0406434    0.0293203
-0.0282684    0.0355078
-0.0282684    0.0360703
-0.0367059    0.0388828
-0.0344559    0.0377578
-0.0406434    0.0411328
-0.0293934    0.0332578
-0.0288309    0.0343828
-0.0378309    0.0371953
-0.0395184    0.0377578
-0.0350184    0.0383203
-0.0282684    0.0377578
-0.0400809    0.0383203
-0.014547     0.0881719
-0.020172     0.0892969
-0.0173595    0.0881719
-0.0162345    0.110812
-0.014547     0.113625
-0.020172     0.130078
-0.020172     0.131203
-0.0333309    0.143086
-0.0378309    0.130711
-0.0355809    0.136898
-0.0184845    0.149906
-0.016797     0.147094
-0.010047     0.150469
-0.014547     0.149344
0.000861759   -0.0698203
0.00648675    -0.0664453
0.00592425    -0.0670078
-0.000263241  -0.0703828
0.0157081     -0.0523125
0.0151456     -0.055125
0.0157081     -0.052875
0.0123331     -0.06075
0.00367425    -0.0409922
0.000299259   -0.0393047
-0.00645075   -0.0460547
-0.000825741  -0.0432422
0.0140206     -0.0426094
0.0190831     -0.0414844
0.023583      -0.0409219
0.0168331     -0.0426094
0.0106456     -0.0352969
0.0168331     -0.0442969
0.00895807    -0.0352969
0.0145831     -0.0291094
0.0145831     -0.0279844
0.0173956     -0.0375469
0.0162706     -0.0285469
0.0157081     -0.0291094
0.0190831     -0.0375469
0.0196456     -0.0397969
0.0218956     -0.0279844
0.0196456     -0.0279844
0.0213331     -0.0279844
0.0100831     -0.0324844
0.00648675    -0.0217266
-0.00420075   -0.0222891
-0.00645075   -0.0245391
-0.000825741  -0.0206016
-0.00532575   -0.0217266
0.00592425    -0.0228516
-0.00138824   -0.0183516
-0.00195074   -0.0194766
0.00311175    -0.0189141
-0.00476325   -0.0256641
-0.000825741  -0.0239766
-0.00588825   -0.0273516
0.0241455     -0.0120938
0.0190831     -0.0120938
0.0151456     -0.0109687
0.0230206     -0.0132187
0.0185206     -0.0132187
0.0128956     -0.0222187
0.0106456     -0.0126562
0.0112081     -0.0109687
0.0106456     -0.0104062
0.000299259   -0.00133594
0.00704925    -0.00921094
0.00761175    -0.00133594
0.00761175    -0.00527344
0.00761175    -0.00864844
0.00761175    -0.00808594
0.000861759   -0.0131484
-0.00307575   -0.0103359
-0.00588825   -0.00977344
-0.00476325   -0.0120234
0.00423675    -0.0108984
0.00761175    -0.00583594
0.00367425    0.00147656
-0.00420075   -0.000210937
-0.00532575   -0.00752344
-0.00588825   -0.0103359
0.0173956     0.00548437
0.0185206     0.00604688
0.0207706     0.00773437
0.0112081     0.000421875
0.0179581     0.00154687
0.0157081     0.00210938
0.0123331     0.00323437
0.0190831     0.000421875
0.0134581     0.00267187
-0.00588825   0.0207422
-0.00701325   0.0134297
-0.00588825   0.0145547
-0.000825741  0.0184922
-0.000825741  0.0190547
-0.00420075   0.0173672
0.00254925    0.0201797
0.00367425    0.0207422
-0.00532575   0.0162422
0.00704925    0.0151172
-0.00307575   0.0207422
-0.00476325   0.0196172
-0.00420075   0.0201797
0.00142426    0.0123047
0.00311175    0.0111797
-0.00251325   0.0111797
-0.00645075   0.0123047
-0.00701325   0.0207422
0.0168331     0.0219375
0.023583      0.02025
0.0123331     0.0315
0.0151456     0.032625
-0.00307575   0.0298828
-0.00195074   0.0310078
0.000299259   0.0366328
0.00592425    0.0422578
0.00479925    0.0416953
-0.00251325   0.0281953
0.00704925    0.0304453
-0.00195074   0.0405703
-0.00195074   0.0411328
-0.00307575   0.0343828
-0.00420075   0.0360703
-0.00701325   0.0315703
0.0213331     0.0479531
0.0168331     0.0473906
0.0162706     0.0468281
0.0117706     0.0462656
0.0252705     0.0490781
0.0173956     0.0451406
0.0202081     0.0417656
0.0179581     0.0440156
0.0151456     0.0479531
0.00311175    0.0513984
0.00536175    0.0547734
0.000299259   0.0491484
0.0112081     0.0683438
0.0123331     0.0734062
0.0123331     0.0722812
0.0117706     0.0599062
0.0117706     0.0705937
0.0168331     0.0621562
0.0213331     0.0638437
0.024708      0.0644062
0.0207706     0.0644062
0.0134581     0.0621562
0.0252705     0.0649687
0.023583      0.0898594
0.0173956     0.0842344
0.0230206     0.0898594
0.0140206     0.0797344
0.0112081     0.0909844
0.0128956     0.0921094
0.00311175    0.0910547
0.00367425    0.0904922
0.000299259   0.0888047
0.00536175    0.0899297
-0.00251325   0.0888047
-0.000263241  0.0888047
0.0190831     0.109125
0.0168331     0.1035
0.0196456     0.11025
0.0162706     0.10125
0.0151456     0.100687
0.0202081     0.111375
0.0202081     0.123328
0.0196456     0.128953
0.0218956     0.121641
0.0196456     0.132328
0.0106456     0.149906
0.0162706     0.146531
0.0179581     0.154406
0.0418043     -0.15307
0.0283043     -0.121992
0.052713      -0.0908438
0.0577755     -0.0964688
0.045963      -0.0585
0.0476505     -0.0545625
0.0328043     -0.0494297
0.0283043     -0.0488672
0.0429293     -0.0488672
0.058338      -0.0420469
0.0521505     -0.0414844
0.056088      -0.0397969
0.0316793     -0.0251016
0.0283043     -0.0267891
0.0344918     -0.0251016
0.0350543     -0.0251016
0.0344918     -0.0256641
0.0454005     -0.0126562
0.0454005     -0.0188437
0.0454005     -0.0154687
0.057213      -0.0227812
0.049338      -0.0188437
0.0521505     -0.0210937
0.0499005     -0.0199688
0.053838      -0.0216563
0.0510255     -0.0205312
0.0499005     -0.0205312
0.0521505     -0.0216563
0.0361793     -0.0103359
0.0423668     -0.00639844
0.0418043     -0.00639844
0.0406793     -0.00808594
0.0429293     -0.00639844
0.0378668     -0.0114609
0.0384293     -0.0103359
0.0373043     -0.0103359
0.0389918     -0.00977344
0.0384293     -0.0108984
0.0389918     -0.0108984
0.0389918     -0.0103359
0.0395543     -0.0103359
0.0384293     -0.00977344
0.0378668     -0.0108984
0.0384293     -0.0114609
0.0389918     -0.0114609
0.0378668     -0.0103359
0.0389918     -0.0125859
0.0378668     -0.00977344
0.0339293     0.000351562
0.0322418     0.000351562
0.0395543     0.00147656
0.052713      0.00604688
0.052713      0.00379687
0.050463      0.00660937
0.0499005     0.00717188
0.0499005     0.00942187
0.049338      0.0127969
0.0521505     0.00154687
0.0487755     0.00942187
0.045963      0.00604688
0.050463      0.00942187
0.0373043     0.0111797
0.0367418     0.0134297
0.0412418     0.0100547
0.0316793     0.0106172
0.0316793     0.0117422
0.0378668     0.0117422
0.0373043     0.0151172
0.0367418     0.00836719
0.0378668     0.0173672
0.0401168     0.0218672
0.0532755     0.0196875
0.054963      0.023625
0.059463      0.0219375
0.048213      0.032625
0.056088      0.021375
0.054963      0.0174375
0.0429293     0.0326953
0.0361793     0.0338203
0.0412418     0.0321328
0.0316793     0.0343828
0.0367418     0.0338203
0.0344918     0.0298828
0.0271793     0.0338203
0.0283043     0.0343828
0.0499005     0.0535781
0.0577755     0.0412031
0.0577755     0.0400781
0.056088      0.0451406
0.053838      0.0926719
0.060588      0.0887344
0.058338      0.0909844
0.060588      0.0898594
0.0378668     0.0961172
0.0389918     0.0961172
0.0361793     0.0955547
0.0395543     0.0966797
0.0294293     0.122133
0.0288668     0.113133
0.050463      0.154406
0.0499005     0.155531
0.0664345     -0.100477
0.0743095     -0.109477
0.068122      -0.106102
0.0619345     -0.0857109
0.0686845     -0.0675703
0.064747      -0.0715078
0.068122      -0.0234141
0.0698095     -0.0245391
0.074872      -0.0228516
0.064747      -0.0245391
0.0675595     -0.0234141
0.070372      -0.0245391
0.068122      -0.0239766
0.0653095     -0.0239766
0.0754345     -0.0228516
0.0675595     -0.0251016
0.0619345     -0.0245391
0.0720595     -0.0245391
0.0698095     -0.0245391
0.0720595     -0.00696094
0.0664345     -0.00133594
0.0675595     -0.00189844
0.0653095     0.000351562
0.0686845     -0.00527344
0.075997      0.00203906
0.075997      0.00147656
0.075997      0.000351562
0.066997      0.0168047
0.0664345     0.0207422
0.0720595     0.00667969
0.0709345     0.00892969
0.0664345     0.0332578
0.0664345     0.0326953
0.0653095     0.0310078
0.072622      0.0400078
0.0675595     0.0360703
0.065872      0.0326953
0.0731845     0.0338203
0.0765595     0.0349453
0.0743095     0.0332578
0.0754345     0.0343828
0.071497      0.0428203
0.0664345     0.0304453
0.073747      0.0383203
0.066997      0.0394453
0.0709345     0.0388828
0.0641845     0.0394453
0.0720595     0.0609609
0.068122      0.0485859
0.072622      0.0637734
0.0731845     0.0615234
0.074872      0.0497109
0.0709345     0.0746016
0.066997      0.0813516
0.0720595     0.0678516
0.0675595     0.12157
