-0.0459272    -0.0165937
-0.0470522    -0.0104062
-0.0464897    -0.0104062
-0.0566147    -0.0143438
-0.0532397    -0.0143438
-0.0599897    -0.0137812
-0.0543647    -0.0143438
-0.0481772    -0.0137812
-0.0487397    -0.0154687
-0.0509897    -0.0199688
-0.0538022    -0.0120938
-0.0753984    -0.00696094
-0.0737109    -0.00864844
-0.0470522    0.0111094
-0.0470522    0.00379687
-0.0464897    0.00829687
-0.0464897    0.000984375
-0.0521147    -0.00126563
-0.0532397    0.000421875
-0.0532397    -0.000703125
-0.0526772    -0.00182812
-0.0509897    0.00379687
-0.0532397    -0.00239062
-0.0526772    0.000421875
-0.0583022    0.0507656
-0.0588647    0.0507656
-0.0560522    0.0513281
-0.0594272    0.0507656
-0.0675234    0.0480234
-0.0669609    0.0491484
-0.0697734    0.0480234
-0.0481772    0.0739687
-0.0481772    0.0694687
-0.0481772    0.0728437
-0.0464897    0.0644062
-0.0470522    0.0847969
-0.0464897    0.0876094
-0.0599897    0.102937
-0.0532397    0.0995625
-0.0173595    -0.0523125
-0.0106095    -0.0556875
-0.014547     -0.054
-0.015672     -0.054
-0.0218595    -0.050625
-0.0173595    -0.055125
-0.0327684    -0.0387422
-0.0344559    -0.0381797
-0.0277059    -0.0426797
-0.0293934    -0.0398672
-0.0378309    -0.0381797
-0.0196095    -0.0279844
-0.015672     -0.0313594
-0.016797     -0.0313594
-0.0241095    -0.0324844
-0.0151095    -0.0324844
-0.0196095    -0.0324844
-0.0162345    -0.0324844
-0.0117345    -0.0291094
-0.0106095    -0.0324844
-0.0128595    -0.0386719
-0.0117345    -0.0386719
-0.017922     -0.0358594
-0.024672     -0.0313594
-0.013422     -0.0386719
-0.0196095    -0.0347344
-0.022422     -0.0324844
-0.011172     -0.0403594
-0.015672     -0.0381094
-0.0106095    -0.0409219
-0.0196095    -0.0381094
-0.011172     -0.0347344
-0.0117345    -0.0352969
-0.015672     -0.0375469
-0.0162345    -0.0381094
-0.0440184    -0.0239766
-0.0395184    -0.0324141
-0.0400809    -0.0318516
-0.0434559    -0.0284766
-0.0322059    -0.0228516
-0.0277059    -0.0256641
-0.0338934    -0.0217266
-0.0322059    -0.0279141
-0.0316434    -0.0189141
-0.0322059    -0.0189141
-0.0417684    -0.0290391
-0.0417684    -0.0251016
-0.0316434    -0.0267891
-0.0372684    -0.0211641
-0.0305184    -0.0273516
-0.0333309    -0.0262266
-0.0338934    -0.0290391
-0.0327684    -0.0296016
-0.0383934    -0.0267891
-0.0299559    -0.0307266
-0.0293934    -0.0307266
-0.0316434    -0.0177891
-0.0293934    -0.0228516
-0.020172     -0.0109687
-0.014547     -0.0104062
-0.0151095    -0.0210937
-0.0151095    -0.0109687
-0.0151095    -0.00871875
-0.015672     -0.0120938
-0.0151095    -0.0233437
-0.021297     -0.0227812
-0.0128595    -0.0177187
-0.013422     -0.0171563
-0.013422     -0.0188437
-0.013422     -0.0115312
-0.0282684    -0.00639844
-0.0322059    -0.00246094
-0.0293934    -0.00527344
-0.0367059    0.00260156
-0.0299559    -0.00246094
-0.0338934    -0.00696094
-0.0389559    -0.0108984
-0.0383934    -0.0103359
-0.0423309    -0.00583594
-0.0378309    -0.0114609
-0.0406434    -0.00977344
-0.0305184    -0.0120234
-0.0333309    -0.00471094
-0.0378309    -0.0103359
-0.0288309    0.000351562
-0.0299559    -0.000773437
-0.0383934    -0.0114609
-0.0372684    -0.00977344
-0.0310809    -0.000210937
-0.0316434    -0.00583594
-0.0299559    0.00203906
-0.0310809    -0.00133594
-0.0316434    -0.00527344
-0.010047     0.000984375
-0.025797     0.00379687
-0.025797     0.00548437
-0.0252345    0.00604688
-0.014547     0.00267187
-0.016797     0.00548437
-0.013422     0.00660937
-0.0218595    0.00435938
-0.021297     0.00492188
-0.019047     0.00379687
-0.0241095    -0.000703125
-0.011172     0.00492188
-0.0106095    0.00210938
-0.0378309    0.0100547
-0.0383934    0.0207422
-0.0378309    0.00724219
-0.0383934    0.00949219
-0.0378309    0.0156797
-0.0395184    0.0168047
-0.0355809    0.0106172
-0.0389559    0.00836719
-0.0367059    0.0218672
-0.0417684    0.0156797
-0.0316434    0.0190547
-0.013422     0.0196875
-0.012297     0.019125
-0.015672     0.02025
-0.022422     0.0230625
-0.023547     0.0286875
-0.0229845    0.0196875
-0.012297     0.032625
-0.0106095    0.030375
-0.011172     0.0315
-0.0106095    0.0309375
-0.015672     0.018
-0.0117345    0.02025
-0.0151095    0.0185625
-0.0316434    0.0338203
-0.0338934    0.0321328
-0.0316434    0.0405703
-0.0282684    0.0371953
-0.0338934    0.0298828
-0.0361434    0.0287578
-0.0299559    0.0371953
-0.0395184    0.0281953
-0.0333309    0.0298828
-0.010047     0.0428906
-0.022422     0.0412031
-0.014547     0.0440156
-0.0117345    0.0479531
-0.0196095    0.0468281
-0.015672     0.0468281
-0.0162345    0.0462656
-0.0117345    0.0406406
-0.014547     0.0412031
-0.0106095    0.0406406
-0.0173595    0.0406406
-0.0207345    0.0417656
-0.0173595    0.0434531
-0.024672     0.0490781
-0.010047     0.0507656
-0.011172     0.0496406
-0.0106095    0.0473906
-0.0117345    0.0485156
-0.0316434    0.0491484
-0.0367059    0.0513984
-0.0305184    0.103992
-0.0305184    0.10343
-0.0184845    0.10575
-0.0196095    0.106313
-0.0139845    0.106313
-0.0293934    0.11257
-0.015672     0.127828
-0.014547     0.126141
-0.0207345    0.148781
-0.0151095    0.139781
-0.0218595    0.152719
0.0224581     -0.0534375
0.0241455     -0.0534375
0.0151456     -0.055125
0.0173956     -0.0500625
0.0162706     -0.0511875
0.0151456     -0.0511875
0.0157081     -0.0511875
0.0128956     -0.0489375
0.0224581     -0.050625
-0.00195074   -0.0404297
-0.00251325   -0.0398672
0.00311175    -0.0381797
-0.00195074   -0.0421172
-0.00870075   -0.0449297
-0.00701325   -0.0426797
-0.00420075   -0.0466172
-0.00532575   -0.0454922
0.00254925    -0.0516797
-0.00645075   -0.0449297
-0.00476325   -0.0415547
-0.00363825   -0.0421172
0.000861759   -0.0466172
-0.00195074   -0.0409922
-0.00363825   -0.0483047
0.0190831     -0.0420469
0.0151456     -0.0437344
0.0168331     -0.0341719
0.0241455     -0.0381094
0.0202081     -0.0369844
0.024708      -0.0409219
0.0168331     -0.0381094
0.0190831     -0.0307969
0.0190831     -0.0285469
0.0162706     -0.0381094
0.0190831     -0.0319219
0.0179581     -0.0364219
0.0196456     -0.0279844
0.0224581     -0.0296719
0.0213331     -0.0319219
0.00704925    -0.0200391
-0.00251325   -0.0251016
-0.00757575   -0.0217266
-0.00532575   -0.0206016
-0.00195074   -0.0194766
0.00198676    -0.0177891
-0.00251325   -0.0290391
0.00423675    -0.0251016
-0.00195074   -0.0290391
-0.000825741  -0.0290391
-0.00532575   -0.0301641
0.00198676    -0.0273516
-0.00588825   -0.0284766
0.00254925    -0.0222891
0.00479925    -0.0222891
0.00311175    -0.0206016
0.00142426    -0.0256641
-0.00307575   -0.0279141
-0.00532575   -0.0307266
-0.00307575   -0.0284766
0.0207706     -0.0104062
0.0157081     -0.0120938
0.0151456     -0.0104062
0.0117706     -0.00984375
0.0112081     -0.0132187
0.0123331     -0.00984375
0.0185206     -0.0171563
0.0145831     -0.00759375
0.0145831     -0.00815625
0.0190831     -0.0199688
0.0173956     -0.0143438
0.0179581     -0.0126562
0.0145831     -0.0115312
0.0117706     -0.0154687
0.0128956     -0.0120938
0.0213331     -0.00928125
0.0207706     -0.00928125
0.0179581     -0.00928125
0.00367425    -0.00752344
0.00592425    -0.00808594
0.00479925    0.000351562
-0.00645075   -0.00246094
-0.00420075   0.000351562
0.00254925    0.00260156
0.00198676    0.00147656
-0.000825741  0.00260156
-0.00532575   0.00147656
0.00367425    -0.00527344
0.00479925    -0.0103359
0.0134581     0.00435938
0.0196456     0.00435938
0.0185206     0.00660937
0.0196456     0.00942187
0.0179581     0.00998438
0.0185206     0.0105469
0.0202081     0.0105469
0.024708      0.00885937
0.024708      0.00829687
0.0106456     0.00998438
0.0117706     0.00492188
0.0134581     -0.000140625
0.0128956     0.00267187
0.0218956     0.00660937
0.0190831     0.00773437
0.0151456     0.00773437
0.0134581     0.00773437
0.0145831     0.00829687
0.0145831     0.0122344
0.0134581     -0.000703125
0.0162706     0.00773437
0.0151456     0.00379687
0.0145831     0.000984375
0.0162706     0.0111094
0.0190831     -0.00295313
0.0162706     0.00717188
0.0162706     0.00604688
0.0173956     -0.00239062
0.00952057    0.00717188
0.0100831     0.00660937
0.0106456     0.00604688
0.0112081     0.00492188
0.0106456     0.00267187
0.0179581     0.0111094
0.0179581     0.0116719
0.0213331     0.0116719
0.0202081     0.0122344
0.0213331     0.0122344
0.0157081     0.0127969
0.00761175    0.0117422
0.00648675    0.00949219
-0.00588825   0.0179297
-0.00532575   0.0179297
-0.00813825   0.0184922
-0.00363825   0.0179297
0.00536175    0.0179297
0.00479925    0.0184922
0.00648675    0.0134297
0.00479925    0.0190547
0.00198676    0.0224297
-0.00813825   0.0134297
-0.00645075   0.00949219
0.000861759   0.00724219
0.00198676    0.0213047
0.00367425    0.0218672
-0.000825741  0.0128672
-0.00701325   0.0145547
0.00536175    0.0173672
0.00648675    0.0168047
-0.00420075   0.0106172
-0.00420075   0.0111797
-0.00420075   0.0123047
-0.00757575   0.0151172
-0.00532575   0.0139922
0.0151456     0.0219375
0.0145831     0.02025
0.0145831     0.02475
0.0151456     0.0225
0.024708      0.0208125
0.0213331     0.02025
0.0106456     0.0219375
0.0134581     0.021375
0.0140206     0.0196875
0.0140206     0.0219375
0.0123331     0.02475
0.0106456     0.0208125
0.0145831     0.0174375
0.000299259   0.0405703
-0.000263241  0.0411328
0.00536175    0.0366328
0.00592425    0.0371953
0.00423675    0.0383203
-0.000825741  0.0416953
-0.00307575   0.0428203
-0.00701325   0.0349453
0.00198676    0.0321328
0.00423675    0.0310078
0.00648675    0.0321328
0.00479925    0.0338203
0.00536175    0.0338203
-0.00363825   0.0315703
-0.000825741  0.0394453
0.0157081     0.0457031
0.00536175    0.0609609
0.00592425    0.0626484
0.00592425    0.0620859
0.00367425    0.0581484
0.00198676    0.0547734
0.00254925    0.0558984
0.0100831     0.0705937
0.00311175    0.0723516
0.00423675    0.0734766
0.00761175    0.0751641
0.00592425    0.0751641
0.00311175    0.0740391
0.00952057    0.0836719
0.000299259   0.0983672
0.00254925    0.0961172
-0.00251325   0.101742
-0.00476325   0.102867
0.00479925    0.0949922
0.0252705     0.128391
0.0305543     -0.0404297
0.0344918     -0.0471797
0.0412418     -0.0393047
0.0316793     -0.0466172
0.0288668     -0.0488672
0.0311168     -0.0477422
0.0299918     -0.0488672
0.0328043     -0.0449297
0.048213      -0.0375469
0.047088      -0.0381094
0.0521505     -0.0364219
0.0544005     -0.0341719
0.0487755     -0.0386719
0.051588      -0.0369844
0.0454005     -0.0313594
0.045963      -0.0302344
0.0454005     -0.0324844
0.044838      -0.0341719
0.045963      -0.0307969
0.048213      -0.0307969
0.0311168     -0.0217266
0.0378668     -0.0262266
0.0423668     -0.0273516
0.0344918     -0.0290391
0.0350543     -0.0279141
0.0283043     -0.0267891
0.0288668     -0.0273516
0.0294293     -0.0234141
0.0288668     -0.0200391
0.0333668     -0.0211641
0.0344918     -0.0211641
0.0339293     -0.0245391
0.0299918     -0.0206016
0.0344918     -0.0251016
0.0373043     -0.0279141
0.0328043     -0.0245391
0.0384293     -0.0217266
0.0395543     -0.0206016
0.045963      -0.0154687
0.047088      -0.0210937
0.0373043     -0.0120234
0.0350543     -0.00358594
0.0322418     0.000914062
0.0401168     -0.00471094
0.0389918     -0.00414844
0.0429293     -0.00921094
0.0423668     -0.00808594
0.0339293     0.00203906
0.0418043     -0.00696094
0.0406793     -0.00414844
0.0389918     0.000914062
0.0418043     -0.00246094
0.0305543     -0.0114609
0.0288668     -0.000773437
0.0288668     -0.000210937
0.0521505     0.0111094
0.051588      0.0105469
0.0344918     0.0184922
0.0367418     0.0229922
0.0356168     0.0207422
0.0367418     0.0207422
0.0361793     0.0123047
0.0344918     0.0218672
0.0333668     0.0213047
0.0328043     0.0213047
0.0339293     0.0179297
0.0294293     0.0151172
0.0328043     0.0162422
0.0305543     0.0145547
0.050463      0.0315
0.054963      0.030375
0.0499005     0.0315
0.0532755     0.0320625
0.0465255     0.0219375
0.052713      0.019125
0.0487755     0.0208125
0.0555255     0.0174375
0.044838      0.0230625
0.058338      0.032625
0.045963      0.0253125
0.0589005     0.02475
0.057213      0.025875
0.0322418     0.0281953
0.0361793     0.0270703
0.0367418     0.0298828
0.0344918     0.0298828
0.0316793     0.0349453
0.0350543     0.0270703
0.0299918     0.0383203
0.0350543     0.0310078
0.059463      0.0490781
0.0600255     0.0496406
0.0521505     0.0485156
0.0476505     0.0423281
0.048213      0.0428906
0.047088      0.0417656
0.0499005     0.0473906
0.051588      0.0513281
0.050463      0.0530156
0.0487755     0.0440156
0.0487755     0.0496406
0.050463      0.0485156
0.049338      0.0530156
0.060588      0.0666562
0.053838      0.0610312
0.058338      0.0672187
0.0384293     0.0695391
0.0294293     0.0757266
0.0311168     0.0746016
0.0356168     0.0734766
0.0389918     0.102305
0.0311168     0.110883
0.0271793     0.120445
0.0311168     0.145336
0.0266168     0.136898
0.0271793     0.137461
0.0765595     -0.0421172
0.0765595     -0.0432422
0.0720595     -0.0432422
0.0709345     -0.0404297
0.0709345     -0.0426797
0.069247      -0.0409922
0.0720595     -0.0494297
0.0709345     -0.0324141
0.069247      -0.0284766
0.068122      -0.0245391
0.0653095     -0.0183516
0.0619345     -0.0256641
0.063622      -0.0267891
0.0754345     -0.0211641
0.075997      -0.0200391
0.070372      -0.0341016
0.0731845     -0.0239766
0.074872      -0.0211641
0.0731845     -0.0200391
0.0754345     -0.0103359
0.0743095     -0.0108984
0.0720595     -0.0114609
0.071497      -0.0108984
0.0675595     -0.0108984
0.065872      -0.00133594
0.0686845     -0.00921094
0.0641845     -0.00864844
0.0731845     -0.00583594
0.070372      0.00260156
0.0709345     0.00203906
0.0698095     0.00260156
0.077122      -0.00133594
0.077122      -0.00414844
0.0776845     -0.00414844
0.0765595     -0.00696094
0.069247      0.0218672
0.074872      0.00949219
0.0664345     0.0162422
0.0675595     0.0128672
0.064747      0.0173672
0.0641845     0.0184922
0.0731845     0.0128672
0.0698095     0.0173672
0.0720595     0.0156797
0.078247      0.0315703
0.075997      0.0287578
0.078247      0.0338203
0.074872      0.0281953
0.064747      0.0383203
0.063622      0.0332578
0.0641845     0.0355078
0.066997      0.0428203
0.0765595     0.0293203
0.070372      0.0485859
0.078247      0.0542109
0.0731845     0.0575859
0.072622      0.0581484
0.0653095     0.0581484
0.065872      0.0706641
0.0754345     0.0706641
0.068122      0.101742
