0.0179638 0.00359446
0.0173113 0.0223876
0.0113687 0.0486354
0.0107535 0.0492375
0.00574175 0.0511357
0.0337783 0.0421728
0.0273113 0.0433408
0.0535081 -0.0314663
0.0521989 -0.0302174
0.0508873 -0.0296117
0.0457277 -0.0240111
0.0450862 -0.0233332
0.043821 -0.0220186
0.0431934 -0.0213791
0.0419835 -0.0182506
0.0507545 -0.0176463
0.0507355 -0.0152085
0.0413641 -0.0146006
0.0413216 -0.0121394
0.0495048 -0.0115436
0.0406257 -0.010857
0.0501653 -0.0108964
0.0405179 -0.00210904
0.0411883 -0.00208007
0.0438076 -0.00199813
0.0425829 0.000571512
0.0501653 0.000554963
0.0426475 0.00426802
0.0445082 0.00787174
0.0451139 0.00972861
0.0399323 0.0104946
0.0450862 0.0129918
0.0457422 0.0225465
0.0469681 0.0273393
0.0482358 0.0297983
0.0501653 0.0304694
0.0692593 -0.0311295
0.0705911 -0.0311775
0.0679405 -0.0304528
0.0604041 -0.0231152
0.0596613 -0.0199284
0.062214 -0.0130121
0.0691657 -0.00669209
0.0622972 0.012189
0.0622772 0.0200854
0.0719287 0.0202409
0.0691871 0.0334441
0.069175 0.0340609
0.0653856 0.0370835
0.0591018 0.0389596
0.0635243 0.0420313
0.0666898 0.0420485
0.0775453 -0.0346658
0.0819758 -0.0347094
0.082575 -0.0297105
0.0780819 -0.0214374
0.0896905 -0.0208634
0.090265 -0.017694
0.0782084 -0.0158158
0.0793281 -0.00763483
0.0780819 -0.000754526
0.0909731 0.00234206
0.089565 0.00424383
0.0862964 0.00607342
0.0851229 0.0116772
0.0858015 0.0130281
0.083212 0.0187079
0.082575 0.0193691
0.0806978 0.0212804
0.0794528 0.0225089
0.0806866 0.0310629
0.0819393 0.0323418
0.0858015 0.033711
0.0945151 -0.0312048
0.101007 -0.0279392
0.103458 -0.0261515
0.102839 -0.0255569
0.101621 -0.0231603
0.10287 -0.0219174
0.104782 -0.0212544
0.105427 -0.0212379
0.106149 -0.0192703
0.102272 -0.0123203
0.104118 -0.00850378
0.104723 -0.0066777
0.102225 -0.00546617
0.108662 -0.00548141
0.105361 -0.0036568
0.108037 -0.00174581
0.0945675 -0.00111017
0.107407 0.0108343
0.102233 0.0134241
0.0997811 0.0140225
0.0985281 0.0176185
0.0965979 0.0182631
0.0959271 0.018901
0.0925596 0.0346188
0.120049 -0.00967944
0.111653 0.00234206
0.112361 0.0029889
0.113714 0.00301418
0.122511 0.00667129
0.121892 0.00726957
0.127106 0.00735255
0.12941 -0.0474813
0.132814 -0.0474529
0.136007 -0.0456416
0.139697 -0.0438355
0.139711 -0.0426003
0.145542 -0.00798188
0.140302 -0.00427585
0.141676 0.00136776
0.136622 0.0583676
0.140932 0.0583785
0.153171 -0.0164149
0.152399 -0.00895281
0.155651 0.00786668
