0.0162743 0.00248286
0.0144063 0.00962886
0.00342545 0.0231891
0.013187 0.0408848
0.0119391 0.0415244
0.0340414 -0.00724855
0.0285139 -0.00373959
0.0291065 -0.00373582
0.032151 -0.00311956
0.0291416 -0.000176078
0.0303597 -0.000158643
0.0279353 0.00929496
0.0255582 0.0140726
0.0249609 0.0146468
0.0353326 0.0340981
0.0346753 0.0347059
0.0359733 0.0352937
0.0242309 0.070047
0.0309492 0.0737474
0.0291113 0.0795763
0.0310013 0.0838176
0.0328621 0.0925584
0.045744 -0.0229842
0.0439505 -0.0193061
0.0518258 -0.0175808
0.0487261 -0.0169571
0.0415467 -0.0158042
0.0469296 -0.0152275
0.0500282 -0.00986049
0.0481367 0.00777782
0.0499623 0.0078035
0.0488282 0.012671
0.0512827 0.0201683
0.0537445 0.0243575
0.0543998 0.0243503
0.042042 0.0396388
0.0433335 0.0421318
0.0493587 0.0433205
0.0469414 0.0439403
0.0537386 0.0474335
0.0445271 0.0527619
0.0469652 0.102365
0.0690735 -0.0522042
0.0653816 -0.0314553
0.0611289 -0.0308775
0.0574275 -0.0273427
0.0567848 -0.0267506
0.0580782 -0.0255576
0.0567848 -0.0249566
0.0587112 -0.0249691
0.0587057 -0.0243781
0.0715249 -0.0237663
0.0666185 -0.0120289
0.0647723 -0.00955101
0.0599421 -0.00781357
0.0721738 -0.00726768
0.0653501 -0.00488609
0.0629741 -0.00138384
0.0611289 -0.000146847
0.0616952 0.00232952
0.0623254 0.008654
0.0629802 0.0123209
0.0641803 0.0157958
0.0623254 0.0293369
0.0605248 0.0317663
0.0574191 0.0382823
0.0574079 0.0388829
0.0629802 0.0393863
0.0629915 0.0588934
0.0617741 0.0600843
0.0715836 0.0613879
0.0716037 0.0620036
0.0567789 0.0760647
0.0567702 0.0796578
0.069668 0.0937856
0.0715655 0.102142
0.0874941 -0.0625456
0.0850019 -0.0612733
0.0874615 -0.019955
0.081995 -0.0192941
0.087447 -0.0193504
0.077095 -0.0187759
0.089327 -0.0187895
0.0795076 -0.00862996
0.080746 -0.008654
0.0813465 -0.00739426
0.0813611 -0.00167918
0.0819744 -0.00167359
0.0838063 -0.00104925
0.086249 -0.00046669
0.0881238 -0.000514579
0.0850019 0.000775385
0.0887212 0.000696229
0.0899702 0.00187923
0.0855737 0.00314298
0.089303 0.00309289
0.0867793 0.00546145
0.0873999 0.0060473
0.0862109 0.00898414
0.0881056 0.0102398
0.0869019 0.0189559
0.0764255 0.0213618
0.0843967 0.0214656
0.0874339 0.0226152
0.089937 0.0243645
0.0831889 0.0284474
0.078338 0.0296918
0.0795742 0.029667
0.0831942 0.0308404
0.0838063 0.0320736
0.0813883 0.0421485
0.0764428 0.042654
0.0899566 0.0492244
0.0837862 0.049723
0.083197 0.0527537
0.0850391 0.0533947
0.085049 0.0540256
0.0874941 0.0822346
0.091241 0.0894056
0.077712 0.104733
0.0961001 -0.0621503
0.0967115 -0.0615517
0.100395 -0.0603751
0.101622 -0.0591103
0.0979281 -0.0327358
0.0979566 -0.031491
0.0986056 -0.0296565
0.0998214 -0.0290448
0.102799 -0.0284544
0.101018 -0.0278625
0.10102 -0.0267075
0.102789 -0.0244187
0.105843 -0.0232108
0.105915 -0.0201859
0.10224 -0.0132828
0.102831 -0.0107778
0.10582 -0.0060473
0.0974022 -0.00253794
0.101017 -0.00257689
0.0967284 -0.000118163
0.104042 0.0105001
0.108391 0.0122207
0.100423 0.0129159
0.0992346 0.0134911
0.100427 0.013501
0.108997 0.0158111
0.0961766 0.0169812
0.0986384 0.0169571
0.109026 0.0182123
0.101615 0.0204989
0.102859 0.0280772
0.101009 0.0299778
0.102227 0.0299751
0.100408 0.0312056
0.0955009 0.0323281
0.0949109 0.0347128
0.0968005 0.0347324
0.102783 0.0364808
0.105202 0.0370678
0.101608 0.0382039
0.0998272 0.0387959
0.104103 0.04874
0.102236 0.049403
0.0948786 0.0601553
0.102231 0.0637223
0.10347 0.0643671
0.107087 0.100312
0.116363 -0.0424518
0.116982 -0.0424391
0.118262 -0.0370537
0.121819 -0.033588
0.122423 -0.0335803
0.113887 -0.0311082
0.114553 -0.0193643
0.126787 -0.0175994
0.113337 -0.0146236
0.113267 -0.0110204
0.118264 0.00488494
0.116403 0.00958668
0.116993 0.0107958
0.113887 0.0207668
0.113976 0.0255589
0.126127 0.0261497
0.12371 0.0408848
0.122452 0.0421318
0.125546 0.0426696
0.127447 0.0438364
0.116349 0.0603372
0.116426 0.0640034
0.124862 0.0881956
0.118851 0.0893334
0.111376 0.0900092
0.115724 0.101687
0.118202 0.101735
0.134798 -0.031491
0.13665 -0.0302416
0.139686 -0.0120206
0.140255 -0.00896469
0.131758 0.0146236
0.144556 0.0169944
0.140852 0.0329887
0.137274 0.0353392
0.139646 0.0393863
0.138451 0.074967
0.134877 0.0766918
0.137274 0.076705
0.137862 0.0767069
0.137261 0.0807473
0.136643 0.0825555
0.136027 0.0831758
0.13663 0.0837863
0.152045 -0.0128693
0.151343 -0.00982687
0.151973 -0.00984448
0.151343 -0.000514579
0.155057 -0.000436354
0.153857 0.000765971
0.15207 0.00546274
0.150746 0.00964522
0.163639 0.0492244
0.158106 0.0533864
0.155029 0.100467
0.159893 0.104772
