-0.140508     -0.0445078
-0.140508     -0.0433828
-0.14107      -0.0439453
-0.139945     -0.0445078
-0.141633     -0.0445078
-0.140508     -0.0450703
-0.140508     -0.0461953
-0.140508     -0.0439453
-0.14107      -0.0445078
-0.139383     -0.0439453
-0.139945     -0.0433828
-0.139945     -0.0450703
-0.14107      -0.0450703
-0.138258     -0.0433828
-0.14107      -0.0433828
-0.141633     -0.0450703
-0.139945     -0.0439453
-0.141633     -0.0439453
-0.141633     -0.0456328
-0.141633     -0.0467578
-0.139383     -0.0445078
-0.121724     -0.00660937
-0.119474     -0.00773437
-0.104628     -0.0615234
-0.102378     -0.0598359
-0.10969      -0.0665859
-0.108565     -0.0648984
-0.0914688    -0.025875
-0.0886563    -0.0275625
-0.0858438    -0.0354375
-0.0835938    -0.025875
-0.109128     0.0166641
-0.0852813    0.0257344
-0.0847188    0.0285469
-0.112503     0.0664453
-0.0659351    -0.0643359
-0.0544638    -0.0451406
-0.0595263    -0.0552656
-0.0499638    -0.0457031
-0.0681851    -0.0405703
-0.0636851    -0.0388828
-0.0589638    -0.0331875
-0.0600888    -0.0343125
-0.0578388    -0.0275625
-0.0600888    -0.0286875
-0.0516513    -0.032625
-0.0606513    -0.0315
-0.0561513    -0.0331875
-0.0600888    -0.030375
-0.0454638    -0.0286875
-0.0693101    -0.0145547
-0.0693101    -0.0168047
-0.0653726    -0.0229922
-0.0642476    -0.0252422
-0.0721226    -0.0128672
-0.0653726    -0.0213047
-0.0606513    -0.0133594
-0.0612138    -0.0133594
-0.0544638    -0.0122344
-0.0527763    -0.0139219
-0.0533388    -0.0156094
-0.0465888    -0.00773437
-0.0777476    -0.00203906
-0.0738101    0.00246094
-0.0693101    0.00752344
-0.0653726    -0.000351562
-0.0738101    -0.00147656
-0.0721226    -0.00147656
-0.0738101    -0.00260156
-0.0636851    0.000210937
-0.0516513    0.0120938
-0.0465888    0.00703125
-0.0522138    0.0126562
-0.0510888    0.0160313
-0.0606513    0.00815625
-0.0522138    0.0165937
-0.0578388    0.0165937
-0.0578388    0.0160313
-0.0561513    0.0160313
-0.0561513    0.0154687
-0.0567138    0.0165937
-0.0499638    0.0171563
-0.0589638    0.0160313
-0.0550263    0.0160313
-0.0648101    0.0222891
-0.0749351    0.0228516
-0.0754976    0.0155391
-0.0636851    0.0251016
-0.0653726    0.0239766
-0.0681851    0.0262266
-0.0664976    0.0222891
-0.0659351    0.0211641
-0.0460263    0.0257344
-0.0499638    0.0274219
-0.0561513    0.0251719
-0.0612138    0.0302344
-0.0595263    0.0291094
-0.0494013    0.0229219
-0.0606513    0.0291094
-0.0617763    0.0319219
-0.0516513    0.0234844
-0.0539013    0.0240469
-0.0561513    0.0307969
-0.0555888    0.0307969
-0.0527763    0.0285469
-0.0482763    0.0274219
-0.0477138    0.0369844
-0.0460263    0.0358594
-0.0709976    0.0421172
-0.0631226    0.0421172
-0.0642476    0.0415547
-0.0631226    0.0443672
-0.0631226    0.0409922
-0.0642476    0.0359297
-0.0636851    0.0438047
-0.0670601    0.0353672
-0.0754976    0.0471797
-0.0783101    0.0438047
-0.0636851    0.0370547
-0.0653726    0.0359297
-0.0664976    0.0336797
-0.0670601    0.0336797
-0.0648101    0.0370547
-0.0664976    0.0353672
-0.0561513    0.05175
-0.0561513    0.0523125
-0.0606513    0.048375
-0.0477138    0.0534375
-0.0505263    0.054
-0.0454638    0.054
-0.0460263    0.0534375
-0.0550263    0.0534375
-0.0317426    -0.0575859
-0.0112712    -0.0451406
-0.0202712    -0.0513281
-0.0180212    -0.0569531
-0.0157712    -0.0451406
-0.0362426    -0.0366328
-0.0396176    -0.0343828
-0.0379301    -0.0439453
-0.0368051    -0.0355078
-0.0317426    -0.0400078
-0.0289301    -0.0388828
-0.0289301    -0.0383203
-0.0441176    -0.0411328
-0.0362426    -0.0445078
-0.0435551    -0.0416953
-0.0289301    -0.0467578
-0.0306176    -0.0478828
-0.0351176    -0.0416953
-0.0140837    -0.0230625
-0.0146462    -0.0241875
-0.0191462    -0.0331875
-0.0185837    -0.0320625
-0.0168962    -0.032625
-0.0191462    -0.0388125
-0.0185837    -0.039375
-0.0163337    -0.0253125
-0.0174587    -0.0253125
-0.0213962    -0.0264375
-0.0264588    -0.0309375
-0.0163337    -0.0309375
-0.0213962    -0.0365625
-0.0180212    -0.0376875
-0.0208337    -0.0320625
-0.0247713    -0.027
-0.0219587    -0.0315
-0.0146462    -0.0354375
-0.0213962    -0.0320625
-0.0253338    -0.0264375
-0.0242088    -0.028125
-0.0202712    -0.0331875
-0.0247713    -0.0275625
-0.0129587    -0.036
-0.0123962    -0.036
-0.0135212    -0.036
-0.0213962    -0.032625
-0.0168962    -0.034875
-0.0242088    -0.0298125
-0.0247713    -0.028125
-0.0180212    -0.034875
-0.0146462    -0.0298125
-0.0118337    -0.0320625
-0.0283676    -0.0246797
-0.0300551    -0.0156797
-0.0345551    -0.0224297
-0.0424301    -0.0156797
-0.0362426    -0.0246797
-0.0390551    -0.0246797
-0.0294926    -0.0179297
-0.0300551    -0.0218672
-0.0213962    -0.00323437
-0.0242088    -0.00604688
-0.0180212    -0.00492188
-0.0118337    -0.0133594
-0.0208337    -0.00660937
-0.0185837    -0.00885937
-0.0247713    -0.0150469
-0.0157712    -0.0184219
-0.0180212    -0.0178594
-0.0135212    -0.00379687
-0.0118337    -0.00773437
-0.0202712    -0.0111094
-0.0163337    -0.00885937
-0.0236463    -0.0144844
-0.0197087    -0.00998438
-0.0208337    -0.0105469
-0.0225212    -0.0122344
-0.0180212    -0.00885937
-0.0208337    -0.0111094
-0.0135212    -0.00717188
-0.0152087    -0.00773437
-0.0379301    -0.00710156
-0.0407426    0.00302344
-0.0311801    0.00414844
-0.0283676    0.00471094
-0.0384926    0.00527344
-0.0373676    0.00471094
-0.0317426    0.00358594
-0.0390551    0.00133594
-0.0356801    0.00358594
-0.0351176    0.00471094
-0.0339926    0.00471094
-0.0278051    -0.00203906
-0.0300551    0.00414844
-0.0202712    0.00984375
-0.0225212    0.0109687
-0.0219587    0.0104062
-0.0208337    0.00815625
-0.0146462    0.00478125
-0.0157712    0.00421875
-0.0146462    0.00309375
-0.0163337    0.00421875
-0.0118337    0.0165937
-0.0107087    0.0143438
-0.0107087    0.0137812
-0.0258963    0.00703125
-0.0242088    0.00815625
-0.0230837    0.0171563
-0.0242088    0.00759375
-0.0219587    0.0143438
-0.0219587    0.0126562
-0.0225212    0.0104062
-0.0180212    0.0177187
-0.0129587    0.0171563
-0.0146462    0.0165937
-0.0123962    0.0165937
-0.0140837    0.0126562
-0.0146462    0.0143438
-0.0146462    0.0149062
-0.0146462    0.0137812
-0.0135212    0.00928125
-0.0135212    0.00984375
-0.0123962    0.00703125
-0.0112712    0.00534375
-0.0129587    0.00815625
-0.0135212    0.00871875
-0.0135212    0.00759375
-0.0135212    0.00253125
-0.0197087    0.0126562
-0.0185837    0.00759375
-0.0197087    0.0104062
-0.0163337    0.00478125
-0.0197087    0.0165937
-0.0219587    0.0177187
-0.0180212    0.0149062
-0.0174587    0.0137812
-0.0191462    0.0171563
-0.0146462    0.00759375
-0.0253338    0.0115312
-0.0174587    0.0132187
-0.0140837    0.00928125
-0.0135212    0.00984375
-0.0118337    0.00871875
-0.0140837    0.00984375
-0.0225212    0.00421875
-0.0213962    0.0115312
-0.0118337    0.00590625
-0.0191462    0.00928125
-0.0107087    0.00590625
-0.0202712    0.00928125
-0.0202712    0.00984375
-0.0163337    0.00703125
-0.0242088    0.0154687
-0.0191462    0.00871875
-0.0242088    0.0143438
-0.0230837    0.0120938
-0.0191462    0.0149062
-0.0185837    0.0160313
-0.0213962    0.0132187
-0.0208337    0.0120938
-0.0219587    0.0154687
-0.0174587    0.00759375
-0.0225212    0.0171563
-0.0168962    0.00703125
-0.0163337    0.00534375
-0.0112712    0.0143438
-0.0107087    0.0132187
-0.0123962    0.0160313
-0.0242088    0.0149062
-0.0247713    0.0149062
-0.0185837    0.0126562
-0.0225212    0.0137812
-0.0129587    0.0120938
-0.0168962    0.0115312
-0.0247713    0.0143438
-0.0236463    0.0137812
-0.0202712    0.0126562
-0.0168962    0.0120938
-0.0219587    0.0126562
-0.0247713    0.0104062
-0.0101462    0.00815625
-0.0185837    0.00759375
-0.0118337    0.0126562
-0.0373676    0.0228516
-0.0334301    0.0234141
-0.0368051    0.0234141
-0.0351176    0.0234141
-0.0429926    0.0172266
-0.0384926    0.0222891
-0.0328676    0.0245391
-0.0390551    0.0228516
-0.0356801    0.0256641
-0.0429926    0.0228516
-0.0390551    0.0234141
-0.0351176    0.0262266
-0.0334301    0.0273516
-0.0339926    0.0256641
-0.0294926    0.0177891
-0.0294926    0.0172266
-0.0306176    0.0206016
-0.0311801    0.0211641
-0.0396176    0.0262266
-0.0339926    0.0206016
-0.0407426    0.0267891
-0.0278051    0.0166641
-0.0429926    0.0245391
-0.0278051    0.0172266
-0.0384926    0.0132891
-0.0429926    0.0228516
-0.0429926    0.0200391
-0.0407426    0.0149766
-0.0435551    0.0217266
-0.0435551    0.0228516
-0.0435551    0.0172266
-0.0441176    0.0200391
-0.0311801    0.0267891
-0.0283676    0.0172266
-0.0300551    0.0200391
-0.0317426    0.0262266
-0.0306176    0.0245391
-0.0202712    0.0336094
-0.0107087    0.0319219
-0.0163337    0.0302344
-0.0225212    0.0234844
-0.0197087    0.0274219
-0.0185837    0.0285469
-0.0123962    0.0319219
-0.0174587    0.0296719
-0.0225212    0.0246094
-0.0123962    0.0257344
-0.0129587    0.0257344
-0.0168962    0.0240469
-0.0180212    0.0223594
-0.0135212    0.0268594
-0.0146462    0.0268594
-0.0118337    0.0285469
-0.0107087    0.0285469
-0.0180212    0.0262969
-0.0146462    0.0307969
-0.0191462    0.0240469
-0.0185837    0.0262969
-0.0242088    0.0364219
-0.0174587    0.0285469
-0.0185837    0.0274219
-0.0157712    0.0302344
-0.0219587    0.0336094
-0.0146462    0.0285469
-0.0135212    0.0257344
-0.0123962    0.0251719
-0.0219587    0.0234844
-0.0129587    0.0257344
-0.0146462    0.0262969
-0.0191462    0.0251719
-0.0185837    0.0251719
-0.0107087    0.0257344
-0.0236463    0.0268594
-0.0185837    0.0330469
-0.0202712    0.0313594
-0.0180212    0.0336094
-0.0236463    0.0274219
-0.0140837    0.0352969
-0.0129587    0.0364219
-0.0123962    0.0364219
-0.0152087    0.0352969
-0.0225212    0.0296719
-0.0107087    0.0358594
-0.0168962    0.0347344
-0.0174587    0.0246094
-0.0197087    0.0302344
-0.0185837    0.0285469
-0.0180212    0.0268594
-0.0247713    0.0341719
-0.0163337    0.0240469
-0.0152087    0.0313594
-0.0197087    0.0274219
-0.0123962    0.0330469
-0.0168962    0.0307969
-0.0163337    0.0313594
-0.0152087    0.0319219
-0.0219587    0.0240469
-0.0163337    0.0307969
-0.0225212    0.0234844
-0.0157712    0.0319219
-0.0185837    0.0296719
-0.0225212    0.0240469
-0.0306176    0.0353672
-0.0294926    0.0398672
-0.0300551    0.0353672
-0.0300551    0.0404297
-0.0294926    0.0364922
-0.0351176    0.0483047
-0.0339926    0.0471797
-0.0362426    0.0319922
-0.0306176    0.0438047
-0.0289301    0.0353672
-0.0317426    0.0359297
-0.0300551    0.0353672
0.0184214     -0.0462656
0.0156089     -0.0473906
0.0251714     -0.0530156
0.0111089     -0.0513281
0.0139214     -0.0530156
0.0206714     -0.0524531
0.0139214     -0.0485156
0.0212339     -0.0479531
-0.00204992   -0.0467578
0.00245009    -0.0456328
-0.00373741   -0.0411328
0.00357509    -0.0366328
0.00413759    -0.0422578
0.00695009    -0.0360703
0.00132508    -0.0411328
-0.000924919  -0.0400078
0.00357509    -0.0388828
-0.00486241   -0.0349453
-0.00373741   -0.0343828
0.0167339     -0.03375
0.0144839     -0.0331875
0.0240464     -0.02925
0.0150464     -0.0230625
0.0178589     -0.0264375
0.0212339     -0.037125
0.0229214     -0.0264375
0.0217964     -0.025875
0.0223589     -0.030375
0.0150464     -0.03825
0.0161714     -0.0376875
0.0206714     -0.03825
0.0122339     -0.02925
0.0206714     -0.034875
0.0189839     -0.0241875
0.0240464     -0.034875
0.0144839     -0.0343125
0.0172964     -0.0298125
-0.00879991   -0.0201797
-0.00373741   -0.0196172
0.00132508    -0.0274922
-0.00486241   -0.0207422
-0.00429991   -0.0156797
0.00245009    -0.0258047
0.00132508    -0.0190547
0.00751259    -0.0241172
-0.000362419  -0.0291797
0.00188758    -0.0168047
0.00357509    -0.0224297
0.00188758    -0.0156797
0.00413759    -0.0218672
0.00245009    -0.0156797
0.00413759    -0.0269297
0.00357509    -0.0258047
0.00582509    -0.0196172
0.00582509    -0.0201797
0.00413759    -0.0280547
0.00470009    -0.0246797
0.00470009    -0.0229922
0.0234839     -0.0167344
0.0189839     -0.0184219
0.0217964     -0.00829687
0.0178589     -0.0150469
0.0206714     -0.00885937
0.0184214     -0.0189844
0.0195464     -0.0116719
0.0246089     -0.00604688
0.0111089     -0.0139219
0.0206714     -0.0116719
0.0195464     -0.0116719
0.0116714     -0.0133594
0.0212339     -0.0116719
0.0178589     -0.0116719
0.0150464     -0.0116719
0.0184214     -0.0111094
0.0127964     -0.0127969
0.0111089     -0.0133594
0.0167339     -0.0111094
0.0240464     -0.0116719
-0.00373741   0.00471094
-0.000362419  0.00639844
-0.000362419  0.00583594
-0.00204992   0.00583594
-0.00317491   0.00358594
-0.00373741   0.00414844
-0.00486241   0.00302344
-0.00542491   0.00302344
0.00188758    0.00639844
-0.000924919  0.00752344
0.00413759    0.00583594
0.00301259    0.00583594
0.00695009    0.00527344
0.00188758    -0.000351562
0.00695009    0.000210937
0.00413759    0.000210937
-0.000362419  -0.000914062
0.00245009    -0.000914062
-0.00148742   -0.000351562
0.00357509    -0.000351562
0.00582509    -0.000351562
0.00301259    0.00133594
-0.00542491   0.000773437
0.00301259    0.00246094
0.00638759    0.00414844
0.00357509    0.00246094
-0.00542491   0.00696094
-0.00148742   0.00752344
0.000200081   0.00527344
-0.00261241   0.000773437
-0.00711241   -0.00147656
-0.000362419  0.00414844
-0.000924919  0.00358594
-0.00261241   0.00133594
-0.00767491   -0.00260156
-0.00204992   0.00752344
-0.00486241   0.00583594
-0.00598741   0.00583594
-0.00261241   0.00639844
-0.00373741   0.00639844
-0.00486241   0.00471094
-0.00486241   0.00358594
0.00638759    0.00189844
0.00638759    0.00302344
0.00245009    0.00696094
-0.00373741   0.00414844
-0.00654991   0.00358594
0.000762581   0.00583594
0.00413759    0.00752344
0.00357509    0.00696094
0.0133589     0.0109687
0.0139214     0.0115312
0.0127964     0.0104062
0.0116714     0.00928125
0.0167339     0.0143438
0.0172964     0.0143438
0.0201089     0.0126562
0.0189839     0.0104062
0.0212339     0.0137812
0.0195464     0.00984375
0.0150464     0.00984375
0.0133589     0.00928125
0.0111089     0.0104062
0.0167339     0.00928125
0.0184214     0.0143438
0.0167339     0.0137812
0.0195464     0.0160313
0.0150464     0.0126562
0.0251714     0.00984375
0.0172964     0.00478125
0.0246089     0.00871875
0.0189839     0.00534375
0.0217964     0.00646875
0.0217964     0.00590625
0.0116714     0.00365625
0.0133589     0.00534375
0.0161714     0.0109687
0.0167339     0.0132187
0.0133589     0.00478125
0.0150464     0.00759375
0.0161714     0.00871875
0.0111089     0.0137812
0.0111089     0.0160313
0.0111089     0.0115312
0.0206714     0.0143438
0.0234839     0.0115312
0.0189839     0.0171563
0.0217964     0.0120938
0.0189839     0.0154687
0.0116714     0.0143438
0.0217964     0.0115312
0.0111089     0.0149062
0.0139214     0.0126562
0.0240464     0.0109687
0.0172964     0.0115312
0.0111089     0.00928125
0.0201089     0.0154687
0.0172964     0.00365625
0.0212339     0.00590625
0.0150464     0.00365625
0.0246089     0.00815625
0.0195464     0.00478125
0.0161714     0.00365625
0.0184214     0.00365625
0.0240464     0.00703125
0.00301259    0.0251016
0.00413759    0.0228516
0.00470009    0.0217266
0.00470009    0.0132891
0.000762581   0.0217266
0.00470009    0.0138516
-0.00261241   0.0251016
-0.00204992   0.0222891
-0.00261241   0.0267891
-0.00204992   0.0228516
-0.000924919  0.0239766
-0.000362419  0.0211641
0.000200081   0.0239766
-0.000362419  0.0149766
0.00188758    0.0273516
0.00132508    0.0116016
0.000762581   0.0262266
-0.000924919  0.0172266
0.00132508    0.0262266
-0.000362419  0.0222891
-0.000924919  0.0183516
-0.000362419  0.0245391
-0.000924919  0.0161016
0.000200081   0.0121641
-0.000362419  0.0239766
-0.000362419  0.0144141
0.00751259    0.0245391
0.00470009    0.0267891
0.00695009    0.0251016
0.00357509    0.0279141
0.00695009    0.0245391
0.00638759    0.0262266
0.00695009    0.0234141
0.00695009    0.0217266
0.000762581   0.0273516
-0.000362419  0.0166641
-0.00261241   0.0127266
0.000762581   0.0138516
0.000200081   0.0166641
0.00132508    0.0116016
-0.00654991   0.0239766
0.000762581   0.0161016
-0.00767491   0.0245391
0.000200081   0.0177891
0.00132508    0.0132891
0.00188758    0.0132891
-0.00204992   0.0217266
-0.00598741   0.0239766
0.00413759    0.0279141
0.00357509    0.0127266
0.00526259    0.0267891
0.00582509    0.0256641
0.00638759    0.0234141
0.00638759    0.0228516
0.00638759    0.0217266
0.00638759    0.0245391
0.00695009    0.0228516
0.00695009    0.0234141
0.000200081   0.0222891
0.00526259    0.0177891
0.00132508    0.0194766
0.00470009    0.0144141
0.00695009    0.0206016
0.00470009    0.0149766
0.00526259    0.0172266
0.00413759    0.0161016
0.00582509    0.0206016
0.00751259    0.0245391
0.00751259    0.0251016
0.00245009    0.0155391
-0.00373741   0.0211641
-0.00261241   0.0279141
-0.00317491   0.0217266
-0.00204992   0.0251016
-0.00261241   0.0222891
-0.00711241   0.0155391
-0.00204992   0.0279141
0.000762581   0.0256641
0.000762581   0.0217266
0.0172964     0.0268594
0.0178589     0.0246094
0.0127964     0.0341719
0.0144839     0.0319219
0.0116714     0.0352969
0.0178589     0.0262969
0.0122339     0.0341719
0.0184214     0.0251719
0.0156089     0.0307969
0.0116714     0.0341719
0.0167339     0.0296719
0.0206714     0.0285469
0.0223589     0.0240469
0.0212339     0.0268594
0.0150464     0.0341719
0.0139214     0.0347344
0.0212339     0.0347344
0.0201089     0.0364219
0.0240464     0.0291094
0.0234839     0.0307969
0.0246089     0.0251719
0.0246089     0.0279844
0.0229214     0.0336094
0.0251714     0.0262969
0.0251714     0.0291094
0.0150464     0.0336094
0.0217964     0.0319219
0.0133589     0.0341719
0.0229214     0.0313594
0.0240464     0.0302344
0.0223589     0.0319219
0.0144839     0.0336094
0.00942138    0.0274219
0.0105464     0.0268594
0.00942138    0.0279844
0.0229214     0.0347344
0.0240464     0.0352969
0.0189839     0.0296719
0.0240464     0.0358594
0.0122339     0.0330469
0.0184214     0.0352969
0.00942138    0.0307969
0.00942138    0.0302344
0.0212339     0.0358594
0.0206714     0.0358594
0.0195464     0.0223594
0.0133589     0.0240469
0.0201089     0.0229219
0.0150464     0.0240469
-0.00204992   0.0364922
0.000200081   0.0370547
0.00638759    0.0370547
-0.00598741   0.0348047
0.00638759    0.0364922
0.00751259    0.0364922
-0.00373741   0.0364922
0.00132508    0.0353672
0.00301259    0.0359297
-0.00317491   0.0325547
0.00245009    0.0359297
-0.00148742   0.0348047
0.00188758    0.0364922
0.00470009    0.0353672
0.00526259    0.0359297
0.00695009    0.0381797
-0.000362419  0.0325547
0.00357509    0.0370547
-0.000924919  0.0331172
0.00301259    0.0370547
-0.000362419  0.0336797
0.00245009    0.0370547
-0.00317491   0.0342422
-0.00598741   0.0348047
-0.00767491   0.0370547
0.000200081   0.0331172
-0.00542491   0.0348047
-0.00654991   0.0348047
-0.00373741   0.0376172
-0.000924919  0.0404297
0.00301259    0.0438047
-0.00261241   0.0471797
-0.00148742   0.0342422
-0.00429991   0.0353672
-0.00317491   0.0348047
0.00132508    0.0319922
0.000200081   0.0336797
-0.00711241   0.0370547
-0.00317491   0.0353672
-0.00486241   0.0342422
-0.00148742   0.0331172
-0.00261241   0.0342422
-0.00711241   0.0359297
0.00942138    0.052875
0.00942138    0.0495
0.0217964     0.0466875
0.0223589     0.0444375
0.0332677     -0.0677109
0.0388927     -0.0665859
0.0372052     -0.0536484
0.0599264     -0.0563906
0.0492389     -0.0473906
0.0526139     -0.0496406
0.0498014     -0.0496406
0.0520514     -0.0569531
0.0498014     -0.0468281
0.0498014     -0.0462656
0.0514889     -0.0440156
0.0492389     -0.0518906
0.0520514     -0.0575156
0.0355177     -0.0388828
0.0293302     -0.0416953
0.0405802     -0.0388828
0.0270802     -0.0394453
0.0327052     -0.0445078
0.0360802     -0.0439453
0.0293302     -0.0445078
0.0298927     -0.0456328
0.0343927     -0.0405703
0.0321427     -0.0422578
0.0343927     -0.0400078
0.0293302     -0.0349453
0.0503639     -0.027
0.0576764     -0.0264375
0.0503639     -0.0331875
0.0520514     -0.028125
0.0526139     -0.034875
0.0588014     -0.0286875
0.0458639     -0.03375
0.0503639     -0.0253125
0.0481139     -0.0320625
0.0509264     -0.02475
0.0509264     -0.0241875
0.0464264     -0.030375
0.0554264     -0.0388125
0.0543014     -0.039375
0.0599264     -0.036
0.0576764     -0.025875
0.0548639     -0.0286875
0.0349552     -0.0128672
0.0298927     -0.0162422
0.0304552     -0.0173672
0.0394552     -0.0241172
0.0355177     -0.0241172
0.0377677     -0.0229922
0.0411427     -0.0252422
0.0388927     -0.0128672
0.0310177     -0.0258047
0.0417052     -0.0184922
0.0338302     -0.0246797
0.0332677     -0.0246797
0.0327052     -0.0263672
0.0321427     -0.0190547
0.0310177     -0.0179297
0.0304552     -0.0162422
0.0304552     -0.0168047
0.0332677     -0.0263672
0.0315802     -0.0190547
0.0343927     -0.0229922
0.0417052     -0.0179297
0.0276427     -0.0173672
0.0599264     -0.0127969
0.0576764     -0.0116719
0.0514889     -0.0111094
0.0526139     -0.0116719
0.0486764     -0.00548437
0.0548639     -0.00267187
0.0481139     -0.0150469
0.0604889     -0.0127969
0.0447389     -0.0122344
0.0394552     0.000210937
0.0400177     0.00246094
0.0321427     -0.00485156
0.0377677     -0.00597656
0.0366427     -0.00541406
0.0321427     -0.00428906
0.0287677     -0.00485156
0.0327052     -0.00372656
0.0372052     -0.00260156
0.0377677     -0.00260156
0.0394552     0.00189844
0.0593639     0.00646875
0.0469889     0.0154687
0.0475514     0.0165937
0.0464264     0.0154687
0.0447389     0.0126562
0.0447389     0.00928125
0.0503639     0.0132187
0.0447389     0.00871875
0.0526139     0.0132187
0.0372052     0.0194766
0.0304552     0.0183516
0.0327052     0.0273516
0.0377677     0.0217266
0.0287677     0.0234141
0.0293302     0.0211641
0.0287677     0.0155391
0.0293302     0.0194766
0.0287677     0.0149766
0.0298927     0.0166641
0.0304552     0.0177891
0.0327052     0.0245391
0.0372052     0.0200391
0.0315802     0.0189141
0.0327052     0.0194766
0.0383302     0.0206016
0.0338302     0.0194766
0.0298927     0.0200391
0.0321427     0.0200391
0.0293302     0.0206016
0.0422677     0.0228516
0.0582389     0.0291094
0.0469889     0.0302344
0.0486764     0.0262969
0.0475514     0.0307969
0.0481139     0.0285469
0.0464264     0.0307969
0.0571139     0.0257344
0.0293302     0.0342422
0.0298927     0.0381797
0.0405802     0.0370547
0.0383302     0.0381797
0.0411427     0.0370547
0.0343927     0.0449297
0.0355177     0.0364922
0.0400177     0.0387422
0.0469889     0.0500625
0.0543014     0.0495
0.0453014     0.0511875
0.0422677     0.0625078
0.0428302     0.0625078
0.0417052     0.0596953
0.0422677     0.0625078
0.0685854     -0.0603984
0.0770229     -0.0626484
0.0775854     -0.0626484
0.0764604     -0.0620859
0.0764604     -0.0626484
0.0764604     -0.0637734
0.0764604     -0.0632109
0.0758979     -0.0626484
0.0781479     -0.0632109
0.0770229     -0.0632109
0.0753354     -0.0609609
0.0758979     -0.0632109
0.0770229     -0.0637734
0.0781479     -0.0626484
0.0764604     -0.0643359
0.0758979     -0.0637734
0.0758979     -0.0620859
0.0775854     -0.0637734
0.0775854     -0.0632109
0.0770229     -0.0643359
0.0781479     -0.0598359
0.0736479     -0.0609609
0.0775854     -0.0570234
0.0685854     -0.0626484
0.0730854     -0.0615234
0.0725229     -0.0620859
0.0640854     -0.0632109
0.0781479     -0.0575859
0.0702729     -0.0626484
0.0691479     -0.0632109
0.0663354     -0.0637734
0.0646479     -0.0643359
0.0697104     -0.0632109
0.0668979     -0.0637734
0.0635229     -0.0637734
0.0884941     -0.0490781
0.0856816     -0.0485156
0.0828691     -0.0462656
0.0839941     -0.0479531
0.0834316     -0.0479531
0.0958066     -0.0485156
0.0929941     -0.0496406
0.0817441     -0.0547031
0.0879316     -0.0490781
0.0941191     -0.0473906
0.0834316     -0.0552656
0.0839941     -0.0513281
0.0851191     -0.0513281
0.0907441     -0.0479531
0.0896191     -0.0490781
0.0913066     -0.0485156
0.0851191     -0.0507656
0.0834316     -0.0490781
0.0868066     -0.0507656
0.0924316     -0.0586406
0.0817441     -0.0490781
0.0800566     -0.0507656
0.0811816     -0.0485156
0.0708354     -0.0349453
0.0764604     -0.0355078
0.0635229     -0.0422578
0.0646479     -0.0343828
0.0742104     -0.0383203
0.0652104     -0.0360703
0.0646479     -0.0360703
0.0708354     -0.0366328
0.0702729     -0.0360703
0.0663354     -0.0355078
0.0646479     -0.0355078
0.0834316     -0.0298125
0.0913066     -0.025875
0.0941191     -0.02925
0.0800566     -0.03375
0.0952441     -0.02925
0.0828691     -0.0309375
0.0817441     -0.0315
0.0817441     -0.0309375
0.0839941     -0.0298125
0.0845566     -0.0331875
0.0839941     -0.0230625
0.0839941     -0.0331875
0.0674604     -0.0145547
0.0646479     -0.0190547
0.0708354     -0.0168047
0.0775854     -0.0258047
0.0736479     -0.0162422
0.0685854     -0.0258047
0.0640854     -0.0229922
0.0713979     -0.0173672
0.0834316     -0.0105469
0.0941191     -0.00435938
0.0941191     -0.00548437
0.0823066     -0.0144844
0.0901816     -0.00379687
0.0646479     -0.00147656
0.0758979     0.00189844
0.0719604     -0.00878906
0.0753354     0.00527344
0.0652104     0.00583594
0.0758979     0.00471094
0.0674604     -0.00710156
0.0680229     -0.00822656
0.0685854     0.00246094
0.0901816     0.00478125
0.0929941     0.0132187
0.0736479     0.0234141
0.0668979     0.0200391
0.0775854     0.0206016
0.0685854     0.0200391
0.0747729     0.0166641
0.0623979     0.0211641
0.0758979     0.0217266
0.0685854     0.0149766
0.0697104     0.0267891
0.0697104     0.0194766
0.0640854     0.0172266
0.0806191     0.0291094
0.0884941     0.0302344
0.0823066     0.0364219
0.0941191     0.0347344
0.0851191     0.0313594
0.0811816     0.0358594
0.0913066     0.0257344
0.0929941     0.0364219
0.0781479     0.0393047
0.0674604     0.0415547
0.0657729     0.0443672
0.0685854     0.0359297
0.0668979     0.0449297
0.0691479     0.0477422
0.0685854     0.0471797
0.0674604     0.0449297
0.0618354     0.0409922
0.0674604     0.0454922
0.0811816     0.04725
0.0652104     0.0675703
0.0697104     0.0619453
0.0708354     0.0580078
0.0663354     0.0670078
0.0680229     0.0647578
0.0708354     0.0602578
0.11009       -0.0643359
0.11009       -0.0603984
0.108965      -0.0615234
0.109528      -0.0587109
0.110653      -0.0553359
0.111215      -0.0603984
0.109528      -0.0547734
0.108403      -0.0654609
0.110653      -0.0643359
0.0994029     -0.0637734
0.102215      -0.0422578
0.10109       -0.0411328
0.100528      -0.0428203
0.100528      -0.0377578
0.10109       -0.0428203
0.10109       -0.0377578
0.101653      -0.0478828
0.126624      -0.0241875
0.127187      -0.0376875
0.0988404     -0.0162422
0.106153      -0.0258047
0.107278      -0.0196172
0.11234       -0.0168047
0.125499      -0.0122344
0.123249      -0.0172969
0.117624      -0.00717188
0.105028      -0.00260156
0.100528      0.00583594
0.102215      -0.00428906
0.101653      -0.00485156
0.0994029     -0.00597656
0.102778      -0.00428906
0.10559       -0.000351562
0.105028      -0.00203906
0.10334       -0.00372656
0.102778      -0.00485156
0.106153      0.000773437
0.10559       0.00527344
0.127187      0.00871875
0.127187      0.00984375
0.122687      0.0143438
0.117624      0.0120938
0.101653      0.0256641
0.108403      0.0267891
0.109528      0.0279141
0.108965      0.0245391
0.102778      0.0222891
0.104465      0.0256641
0.119312      0.0268594
0.118749      0.0251719
0.120437      0.0364219
0.122124      0.0279844
0.115374      0.0319219
0.119312      0.0234844
0.106715      0.0449297
0.134158      -0.0581484
0.135283      -0.0587109
0.138658      -0.0564609
0.133595      -0.0575859
0.13472       -0.0592734
0.135845      -0.0581484
0.134158      -0.0592734
0.13472       -0.0598359
0.133595      -0.0587109
0.133595      -0.0592734
0.133595      -0.0598359
0.13472       -0.0587109
0.134158      -0.0598359
0.13472       -0.0581484
0.134158      -0.0587109
0.138095      -0.0450703
0.138095      -0.0184922
0.135283      -0.000914062
0.138658      -0.00653906
0.13247       0.0217266
0.135283      0.0653203
0.140345      0.0664453
0.135283      0.0585703
