-0.0669609    -0.143508
-0.0770859    -0.101039
-0.0635859    -0.0862734
-0.0543647    -0.0833906
-0.0663984    -0.0381797
-0.0459272    -0.0375469
-0.0464897    -0.0369844
-0.0453647    -0.0381094
-0.0464897    -0.0375469
-0.0538022    -0.0291094
-0.0532397    -0.0296719
-0.0776484    -0.0222891
-0.0720234    -0.0324141
-0.0737109    -0.0301641
-0.0759609    -0.0290391
-0.0453647    -0.0154687
-0.0487397    -0.0165937
-0.0549272    -0.0177187
-0.0481772    -0.0165937
-0.0571772    -0.00759375
-0.0571772    -0.00815625
-0.0583022    -0.0137812
-0.0577397    -0.0154687
-0.0588647    -0.0132187
-0.0588647    -0.0165937
-0.0753984    -0.0108984
-0.0782109    -0.00752344
-0.0748359    0.00260156
-0.0782109    -0.00358594
-0.0493022    0.00829687
-0.0493022    0.00885937
-0.0543647    0.00154687
-0.0543647    0.00267187
-0.0481772    0.0105469
-0.0493022    0.00998438
-0.0566147    -0.00126563
-0.0647109    0.0123047
-0.0641484    0.0134297
-0.0686484    0.0100547
-0.0658359    0.0128672
-0.0680859    0.0111797
-0.0635859    0.0145547
-0.0725859    0.00724219
-0.0532397    0.0174375
-0.0504272    0.0174375
-0.0753984    0.0326953
-0.0765234    0.0326953
-0.0543647    0.0400781
-0.0487397    0.0389531
-0.0686484    0.0729141
-0.0675234    0.0729141
-0.0652734    0.0729141
-0.0697734    0.0717891
-0.0641484    0.0723516
-0.0725859    0.0712266
-0.0487397    0.0847969
-0.0476147    0.106875
-0.0453647    0.106313
-0.0389559    -0.144633
-0.024672     -0.134437
-0.0263595    -0.13725
-0.022422     -0.131625
-0.017922     -0.112922
-0.017922     -0.116297
-0.016797     -0.119109
-0.022422     -0.0987187
-0.0218595    -0.0998437
-0.020172     -0.102656
-0.022422     -0.100406
-0.0229845    -0.0981563
-0.022422     -0.0992813
-0.0333309    -0.0868359
-0.0412059    -0.0840234
-0.0417684    -0.0834609
-0.0117345    -0.0760781
-0.0338934    -0.0393047
-0.0355809    -0.0415547
-0.0361434    -0.0421172
-0.0406434    -0.0404297
-0.0338934    -0.0426797
-0.0288309    -0.0438047
-0.0333309    -0.0438047
-0.0299559    -0.0449297
-0.0344559    -0.0438047
-0.0241095    -0.0347344
-0.0229845    -0.0352969
-0.0263595    -0.0347344
-0.013422     -0.0381094
-0.023547     -0.0358594
-0.0218595    -0.0302344
-0.023547     -0.0296719
-0.0241095    -0.0296719
-0.0151095    -0.0291094
-0.024672     -0.0319219
-0.025797     -0.0330469
-0.010047     -0.0375469
-0.015672     -0.0414844
-0.0207345    -0.0431719
-0.0338934    -0.0279141
-0.0400809    -0.0206016
-0.0293934    -0.0256641
-0.0383934    -0.0211641
-0.0395184    -0.0183516
-0.0196095    -0.0199688
-0.0184845    -0.0149062
-0.0378309    -0.0108984
-0.0316434    -0.00414844
-0.0428934    -0.000773437
-0.0395184    -0.0114609
-0.0423309    -0.00246094
-0.0372684    -0.00302344
-0.0428934    -0.00864844
-0.0282684    -0.00133594
-0.0288309    -0.00189844
-0.0288309    -0.00696094
-0.0229845    0.00267187
-0.0218595    0.000984375
-0.0218595    0.00210938
-0.021297     0.000421875
-0.0229845    0.00492188
-0.0305184    0.0190547
-0.0310809    0.0207422
-0.0378309    0.0123047
-0.0400809    0.0100547
-0.0350184    0.0173672
-0.0344559    0.0173672
-0.0395184    0.0123047
-0.0389559    0.0128672
-0.0389559    0.0201797
-0.0316434    0.0168047
-0.0305184    0.0184922
-0.0299559    0.0196172
-0.0350184    0.0100547
-0.0350184    0.0145547
-0.0344559    0.0139922
-0.0417684    0.0168047
-0.0288309    0.0100547
-0.0355809    0.0145547
-0.0395184    0.0156797
-0.0327684    0.0128672
-0.0338934    0.0168047
-0.0299559    0.0179297
-0.0361434    0.0168047
-0.0423309    0.0139922
-0.0310809    0.0190547
-0.0293934    0.0190547
-0.0338934    0.0184922
-0.0316434    0.0190547
-0.0106095    0.027
-0.0229845    0.02475
-0.012297     0.02925
-0.0184845    0.028125
-0.012297     0.0264375
-0.013422     0.0286875
-0.017922     0.027
-0.0151095    0.0230625
-0.0151095    0.023625
-0.020172     0.0174375
-0.0173595    0.0174375
-0.0355809    0.0304453
-0.0383934    0.0321328
-0.0338934    0.0276328
-0.0395184    0.0338203
-0.0440184    0.0371953
-0.0173595    0.120516
0.0112081     -0.0992813
-0.00195074   -0.0930234
-0.00138824   -0.0935859
-0.00813825   -0.0862734
0.00367425    -0.0477422
-0.00420075   -0.0516797
0.0145831     -0.0330469
0.0230206     -0.0364219
0.0207706     -0.0358594
0.0252705     -0.0369844
0.0173956     -0.0341719
0.0151456     -0.0307969
0.0196456     -0.0285469
0.0179581     -0.0392344
0.0128956     -0.0369844
0.0162706     -0.0324844
0.0106456     -0.0364219
0.0157081     -0.0319219
0.024708      -0.0352969
0.0252705     -0.0375469
0.00648675    -0.0307266
0.00536175    -0.0312891
-0.00757575   -0.0290391
-0.00532575   -0.0290391
0.00592425    -0.0239766
0.00704925    -0.0262266
0.00423675    -0.0324141
0.00142426    -0.0335391
0.00423675    -0.0329766
-0.00307575   -0.0290391
-0.000263241  -0.0189141
0.00254925    -0.0262266
0.00142426    -0.0177891
0.00761175    -0.0273516
0.00142426    -0.0234141
0.00142426    -0.0239766
0.00761175    -0.0256641
0.0241455     -0.0177187
0.023583      -0.0194062
0.023583      -0.0154687
0.0224581     -0.0165937
0.0145831     -0.0182812
0.0123331     -0.0171563
0.0185206     -0.0210937
0.0140206     -0.0227812
0.0145831     -0.0143438
0.0112081     -0.0199688
0.0213331     -0.0154687
0.0168331     -0.0239063
0.0196456     -0.0199688
0.0151456     -0.0132187
0.0117706     -0.0182812
0.0173956     -0.00984375
0.00423675    -0.00864844
0.000861759   -0.00977344
0.00311175    0.00260156
0.000861759   -0.0137109
-0.000825741  -0.00583594
-0.000825741  -0.0131484
0.000299259   -0.0131484
-0.000825741  -0.00246094
0.00142426    -0.00808594
0.00198676    -0.00639844
-0.000825741  0.00147656
0.00311175    -0.0131484
0.000299259   -0.00921094
-0.000825741  -0.00977344
0.000861759   -0.00471094
0.0162706     0.0111094
0.0252705     0.000984375
0.0173956     0.00885937
0.0162706     0.00998438
0.0179581     -0.000140625
0.0168331     0.00998438
0.0179581     0.0111094
0.023583      0.00154687
0.0134581     0.0111094
0.0173956     0.00267187
0.0202081     0.000421875
0.000299259   0.0173672
-0.000825741  0.0134297
-0.000263241  0.0100547
0.00142426    0.0218672
0.00536175    0.0207422
0.00592425    0.0207422
0.00761175    0.0123047
0.00479925    0.0139922
-0.00420075   0.00780469
0.00704925    0.0151172
0.00311175    0.0100547
0.00536175    0.0134297
0.0123331     0.028125
0.0123331     0.0241875
0.0117706     0.0253125
0.0117706     0.023625
0.0151456     0.019125
0.00952057    0.0253125
0.0151456     0.0185625
0.0202081     0.0219375
0.0157081     0.0196875
0.0145831     0.0174375
0.0157081     0.0185625
0.0151456     0.018
0.0157081     0.0174375
0.0145831     0.018
0.0151456     0.0174375
0.0162706     0.0174375
0.0157081     0.018
0.0162706     0.0241875
0.0202081     0.021375
0.0134581     0.025875
0.0196456     0.0219375
0.0173956     0.0241875
0.0196456     0.0230625
0.0224581     0.0208125
0.0179581     0.018
0.0179581     0.0241875
-0.00813825   0.0343828
-0.00813825   0.0349453
0.000299259   0.0281953
0.0140206     0.0389531
0.0190831     0.0462656
0.0162706     0.0428906
0.0179581     0.0383906
-0.00532575   0.0933047
0.0328043     -0.14407
0.0378668     -0.0999141
0.0589005     -0.0964688
0.0521505     -0.0959062
0.060588      -0.0959062
0.0465255     -0.0964688
0.051588      -0.0942187
0.0344918     -0.0935859
0.0389918     -0.0873984
0.0406793     -0.0857109
0.0423668     -0.0823359
0.0418043     -0.0823359
0.0378668     -0.0907734
0.0344918     -0.0941484
0.0373043     -0.0924609
0.0406793     -0.0602578
0.0521505     -0.050625
0.053838      -0.0511875
0.0499005     -0.0613125
0.056088      -0.063
0.048213      -0.061875
0.0476505     -0.0613125
0.0311168     -0.0505547
0.0344918     -0.0516797
0.0367418     -0.0522422
0.0378668     -0.0533672
0.0316793     -0.0421172
0.0311168     -0.0387422
0.0322418     -0.0454922
0.0316793     -0.0432422
0.0316793     -0.0449297
0.0344918     -0.0404297
0.044838      -0.0330469
0.0454005     -0.0330469
0.0333668     -0.0211641
0.0367418     -0.0217266
0.0288668     -0.0217266
0.0339293     -0.0211641
0.0311168     -0.0296016
0.0333668     -0.0206016
0.0322418     -0.0228516
0.0367418     -0.0341016
0.050463      -0.0205312
0.058338      -0.0104062
0.044838      -0.0160313
0.050463      -0.0104062
0.0566505     -0.0210937
0.054963      -0.0205312
0.0577755     -0.0126562
0.0316793     -0.00133594
0.0305543     -0.00189844
0.0316793     -0.000773437
0.0350543     0.00260156
0.0283043     -0.000210937
0.0311168     0.000351562
0.0316793     -0.00358594
0.0328043     -0.00414844
0.0356168     -0.00977344
0.0311168     -0.0120234
0.0333668     -0.00583594
0.0322418     -0.0120234
0.0322418     -0.0114609
0.0406793     -0.0108984
0.049338      0.00717188
0.0465255     0.00717188
0.054963      0.000421875
0.058338      0.00323437
0.059463      0.00379687
0.0577755     0.00210938
0.0499005     -0.00295313
0.0521505     0.00660937
0.050463      0.0105469
0.0499005     0.0127969
0.0499005     0.00660937
0.056088      0.000421875
0.057213      0.00267187
0.054963      -0.00295313
0.0555255     -0.00182812
0.058338      0.0105469
0.0589005     0.00998438
0.0544005     0.00942187
0.058338      0.00323437
0.0566505     -0.00239062
0.0510255     0.00942187
0.056088      0.00942187
0.0577755     0.00154687
0.0544005     0.0105469
0.0311168     0.0213047
0.0299918     0.0207422
0.0344918     0.0224297
0.0412418     0.0162422
0.0339293     0.0190547
0.0294293     0.0196172
0.0412418     0.0179297
0.054963      0.019125
0.054963      0.0185625
0.052713      0.025875
0.0532755     0.025875
0.0476505     0.019125
0.0418043     0.0355078
0.0384293     0.0332578
0.0344918     0.0383203
0.0429293     0.0349453
0.0350543     0.0383203
0.0294293     0.0394453
0.051588      0.0535781
0.0510255     0.0400781
0.050463      0.0406406
0.053838      0.0417656
0.0344918     0.0553359
0.0316793     0.0547734
0.0311168     0.0547734
0.0429293     0.0558984
0.0316793     0.0824766
0.0339293     0.0824766
0.0339293     0.0830391
0.0339293     0.0819141
0.0344918     0.0819141
0.0350543     0.0824766
0.0350543     0.0841641
0.0344918     0.0824766
0.0344918     0.0836016
0.0344918     0.0813516
0.0333668     0.0807891
0.0344918     0.0830391
0.0350543     0.0830391
0.0339293     0.0813516
0.0743095     -0.145195
0.077122      -0.14182
0.075997      -0.143508
0.077122      -0.142383
0.066997      -0.0993516
0.069247      -0.0999141
0.0776845     -0.108914
0.074872      -0.0596953
0.073747      -0.0602578
0.0754345     -0.0602578
0.074872      -0.0608203
0.072622      -0.0398672
0.0731845     -0.0387422
0.073747      -0.0381797
0.078247      -0.0211641
0.078247      -0.0296016
0.0653095     -0.0217266
0.075997      -0.0183516
0.0698095     -0.0217266
0.071497      -0.0177891
0.0720595     -0.00696094
0.0686845     -0.00471094
0.0698095     -0.00527344
0.0630595     -0.00302344
0.0664345     -0.00414844
0.069247      0.0207422
0.068122      0.0179297
0.0675595     0.0151172
0.0686845     0.0156797
0.069247      0.0173672
0.069247      0.0315703
0.069247      0.0293203
0.0686845     0.0355078
0.0776845     0.0371953
0.075997      0.0422578
0.0664345     0.0400078
0.0641845     0.0388828
0.074872      0.0428203
0.0686845     0.0422578
