-0.163947 -0.0590598
-0.152421 -0.0420981
-0.149187 -0.0333839
-0.161961 -0.0328062
-0.161362 -0.0309192
-0.153746 -0.0200971
-0.155032 -0.0182132
-0.162577 -0.0145907
-0.164626 -0.0139463
-0.155018 -0.011576
-0.151828 -0.0115118
-0.162 -0.010857
-0.15754 -0.00265032
-0.163281 0.00237609
-0.156883 0.00247743
-0.164639 0.00297515
-0.164626 0.00360489
-0.149214 0.00361478
-0.156268 0.00725627
-0.158156 0.0110139
-0.153666 0.0130281
-0.161438 0.0186028
-0.152399 0.0192943
-0.1581 0.0255569
-0.163923 0.0261643
-0.150573 0.0267751
-0.163935 0.0274096
-0.158112 0.0444439
-0.147808 0.0443264
-0.130747 -0.0913471
-0.131356 -0.0825511
-0.139119 -0.0800812
-0.137189 -0.0800812
-0.140372 -0.0200001
-0.134669 -0.010408
-0.130103 -0.00673656
-0.136009 -0.00546866
-0.13347 -0.00486707
-0.137241 -0.00428231
-0.137835 0.00197501
-0.139119 0.00265032
-0.139097 0.0103192
-0.13659 0.0109481
-0.136597 0.011576
-0.138462 0.0128189
-0.13723 0.0128162
-0.134086 0.0182506
-0.143017 0.0289443
-0.13591 0.0290262
-0.133344 0.0302698
-0.135311 0.0309732
-0.133388 0.0315606
-0.136611 0.033494
-0.131486 0.0358863
-0.139075 0.0382831
-0.142268 0.0408108
-0.144302 0.0421728
-0.139107 0.0426833
-0.13659 0.0523139
-0.134686 0.0522787
-0.13143 0.0741359
-0.113028 -0.0540833
-0.111653 -0.0540493
-0.118134 -0.0433524
-0.118169 -0.0407592
-0.120662 -0.039505
-0.1219 -0.0389032
-0.119423 -0.0322677
-0.120687 -0.0297068
-0.117503 -0.0220186
-0.118796 -0.0200701
-0.116917 -0.0194677
-0.118817 -0.0169979
-0.11504 -0.0170335
-0.115695 -0.0152101
-0.114397 -0.0152069
-0.128487 -0.0139359
-0.114386 -0.0139829
-0.11694 -0.0127953
-0.114259 -0.000779458
-0.115666 0.00243227
-0.127777 0.00610925
-0.127106 0.00735255
-0.12644 0.00796535
-0.123887 0.0110737
-0.123276 0.0123736
-0.125784 0.0224474
-0.118202 0.0273433
-0.117549 0.0297983
-0.125912 0.0324938
-0.12255 0.042581
-0.121918 0.0425918
-0.120666 0.0426061
-0.120658 0.0438406
-0.121262 0.0474279
-0.111691 0.0681579
-0.119423 0.0711468
-0.11941 0.0757183
-0.0978101 -0.0613359
-0.0977909 -0.0606809
-0.103571 -0.0593781
-0.0965663 -0.0298539
-0.0997699 -0.0285546
-0.103571 -0.0130121
-0.105997 -0.00547437
-0.0959559 -0.00302574
-0.0952934 -0.00301418
-0.0938828 0.0114284
-0.0946071 0.0127175
-0.0932742 0.0158248
-0.0952625 0.0189184
-0.0945675 0.0195727
-0.102278 0.0233332
-0.0985191 0.0334782
-0.104856 0.0433979
-0.102241 0.053568
-0.101622 0.0535709
-0.106762 0.0722621
-0.0850984 -0.0620872
-0.0781457 -0.0608783
-0.0819722 -0.0382831
-0.0741259 -0.0384051
-0.0819789 -0.0353067
-0.0761469 -0.0321345
-0.0780295 -0.0289443
-0.0800345 -0.0213791
-0.0800495 -0.0207341
-0.0741478 -0.016457
-0.0838041 -0.0158076
-0.0838402 -0.00967593
-0.0819449 -0.000665512
-0.0794528 0.00182598
-0.0844297 0.00307808
-0.0781895 0.00303657
-0.0781988 0.00364936
-0.0831964 0.00428437
-0.0838093 0.00665641
-0.0832003 0.00786402
-0.074812 0.00799939
-0.0781052 0.0104466
-0.0767734 0.0205298
-0.0774669 0.0211984
-0.0775065 0.0224648
-0.0869604 0.0231152
-0.0775224 0.0230891
-0.0748285 0.023658
-0.0748494 0.0267921
-0.0755319 0.0274096
-0.0838402 0.0316898
-0.0773894 0.0324639
-0.0819335 0.0330032
-0.0787959 0.042553
-0.0825861 0.044451
-0.0856866 0.0492534
-0.0800345 0.0613524
-0.0863202 0.0699464
-0.0680364 -0.0544138
-0.0660447 -0.0517361
-0.0603753 -0.05052
-0.0570417 -0.0506203
-0.0616675 -0.0498696
-0.0678895 -0.0486513
-0.0666304 -0.0486354
-0.0641656 -0.0486221
-0.0704811 -0.0480742
-0.0577919 -0.0480831
-0.0698124 -0.0474529
-0.0691593 -0.0474481
-0.068514 -0.0474435
-0.0725109 -0.0468492
-0.0718206 -0.0468472
-0.0718206 -0.0462258
-0.0623272 -0.0462386
-0.0725151 -0.045598
-0.0653856 -0.0456481
-0.0679117 -0.0431918
-0.0616289 -0.0413146
-0.0706194 -0.0405588
-0.0622282 -0.0393677
-0.0660625 -0.0323492
-0.0602961 -0.032413
-0.060339 -0.031109
-0.0616557 -0.0298092
-0.0597422 -0.0292264
-0.071152 -0.0274002
-0.0653856 -0.026742
-0.0704703 -0.0261606
-0.0725235 -0.0242878
-0.069947 -0.0199034
-0.0647895 -0.0193691
-0.0680364 -0.0130481
-0.0705426 -0.00920961
-0.0616943 -0.00367016
-0.0584629 -0.00363304
-0.0678895 -0.00305597
-0.0603907 -0.0018127
-0.0596846 0.000105135
-0.0596613 0.000754526
-0.0641504 0.00264624
-0.0583245 0.00953446
-0.0641613 0.0115848
-0.0616557 0.0115566
-0.0597846 0.0146006
-0.069335 0.022763
-0.0680146 0.022715
-0.0666898 0.0303416
-0.0616995 0.0370937
-0.0616943 0.0376956
-0.0623135 0.0382939
-0.0475793 -0.0577694
-0.0481962 -0.0571759
-0.0380125 -0.0571906
-0.0380125 -0.0565653
-0.0373111 -0.0565632
-0.0541029 -0.0553121
-0.0445194 -0.0553883
-0.0495941 -0.0496751
-0.042598 -0.0322265
-0.0483093 -0.0233535
-0.0495048 -0.0115436
-0.0494911 0.00182598
-0.0507451 0.00364936
-0.0457476 0.00428437
-0.0400494 0.00424921
-0.0463565 0.0066541
-0.0469842 0.0091011
-0.0457391 0.00972546
-0.0515006 0.0104694
-0.0476328 0.0110139
-0.0438455 0.0206444
-0.0494524 0.025553
-0.0445259 0.0255569
-0.0413046 0.0298539
-0.0489254 0.0323744
-0.0444513 0.0600621
-0.0298888 -0.0543778
-0.0350382 -0.0499813
-0.0202703 -0.0480924
-0.0195919 -0.0462238
-0.0266718 -0.0393869
-0.0241458 -0.0310909
-0.0357319 -0.0293196
-0.0316875 -0.0279777
-0.0310404 -0.0273606
-0.0316728 -0.0267606
-0.0316698 -0.0255515
-0.0254004 -0.0193472
-0.0214525 -0.0192135
-0.0260098 -0.0173418
-0.0259985 -0.0166477
-0.0215117 -0.0104946
-0.0304158 -0.00727702
-0.0304034 -0.00606937
-0.0222904 -0.00608713
-0.0310347 -0.00426802
-0.0285476 -0.00368503
-0.0316875 -0.00304666
-0.0222737 -0.00302574
-0.0336644 -0.00239163
-0.0215973 -0.00239163
-0.0248264 -0.00183766
-0.0248146 -0.00121517
-0.0351504 0.00086959
-0.0279347 0.0146258
-0.0297782 0.016407
-0.0202782 0.0578105
-0.0216217 0.0584156
-0.0229278 0.0590121
-0.0267067 0.0595739
-0.02794 0.060185
-0.0323777 0.0608783
-0.0133242 -0.0522622
-0.0127529 -0.0496751
-0.00449512 -0.038946
-0.01523 -0.0340385
-0.00951946 -0.0188193
-0.0132583 -0.0170261
-0.00117134 -0.0158248
-0.0138944 -0.0152085
-0.0145473 0.00486545
-0.0045262 0.0261573
-0.00451658 0.027375
-0.00501054 0.0393114
