0.0166177 -0.018957
0.0101635 0.0193654
0.0145473 0.0261589
0.00952599 0.0407038
0.0113551 0.0468344
0.0324415 0.000754526
0.0298613 0.00133574
0.0221277 0.00890188
0.0247569 0.00899136
0.0273186 0.0109574
0.0304034 0.0146135
0.0247569 0.0296743
0.0202703 0.037751
0.0279546 0.048379
0.0329713 0.0577944
0.0488676 -0.0608335
0.0520534 -0.0352735
0.0451231 0.00186082
0.0488454 0.00245385
0.0507666 0.0079217
0.052085 0.00794981
0.0541319 0.00799939
0.0514771 0.00982589
0.0444868 0.0212895
0.0426504 0.025553
0.0413362 0.0286046
0.0426237 0.0285807
0.0432469 0.0432034
0.0469991 0.0523727
0.0489254 0.0606986
0.0451186 0.063289
0.052122 0.0631805
0.057674 -0.0518877
0.0610186 -0.0505051
0.0654003 -0.0498464
0.057766 -0.0437419
0.0629222 -0.0432211
0.0603753 -0.042553
0.0628993 -0.0413369
0.0602961 -0.0399771
0.0609498 -0.039998
0.0628718 -0.0393792
0.0654436 -0.0380333
0.0667448 -0.0380119
0.0654144 -0.0310466
0.0685686 -0.0298372
0.0698292 -0.0279986
0.0718444 -0.0236718
0.0635243 -0.011007
0.0603907 -0.00852874
0.0678895 -0.00728547
0.0597783 -0.00364936
0.0686972 0.0027303
0.0654371 0.00769112
0.0635129 0.00836256
0.0725525 0.0126835
0.0584523 0.0133556
0.0591248 0.0170415
0.0704811 0.0170498
0.0610544 0.0176269
0.0610443 0.0182392
0.0603907 0.0188702
0.0705426 0.0195511
0.0712176 0.0195727
0.0635188 0.0220004
0.0622282 0.022681
0.0641525 0.0226579
0.0654436 0.0240154
0.067346 0.0296743
0.067315 0.041417
0.0576096 0.0502051
0.0673011 0.052293
0.0698766 0.0528592
0.0647784 0.0547924
0.0641681 0.0577643
0.0705655 0.0615558
0.0635188 0.0633662
0.0647895 0.0633625
0.0609075 0.0647553
0.0869892 -0.0815444
0.085665 -0.0784595
0.0870461 -0.0420981
0.0902412 -0.0365057
0.0788358 -0.0176362
0.0844297 -0.0176048
0.0768906 -0.0164337
0.0813647 -0.0164036
0.0876077 -0.0127612
0.0788113 -0.0121541
0.0876224 -0.0121394
0.0767451 -0.00953446
0.0768419 0.00176447
0.0819684 0.00247477
0.0825848 0.00247743
0.0902531 0.00361478
0.0762201 0.00424383
0.088233 0.00425431
0.0909357 0.0042322
0.0788536 0.00486862
0.084418 0.00487405
0.0819789 0.00605913
0.0788358 0.00729478
0.0741522 0.0261684
0.0812822 0.0336828
0.0838402 0.0613832
0.0754622 0.0631356
0.0768219 0.0631805
0.0903228 0.0631356
0.104241 -0.075761
0.099713 -0.033011
0.101001 -0.0304084
0.105352 -0.0255515
0.104098 -0.0237473
0.104731 -0.0237389
0.0946071 -0.023059
0.102256 -0.0206606
0.102886 -0.0206541
0.103531 -0.0200001
0.104856 -0.0186508
0.102278 -0.0180326
0.100385 -0.00848062
0.102227 -0.00605913
0.102863 -0.00185536
0.100399 0.0164006
0.0984391 0.022033
0.100354 0.0290454
0.0959559 0.0340501
0.0946331 0.0346485
0.0997811 0.0347054
0.101011 0.0364892
0.101625 0.0407498
0.101637 0.048379
0.102886 0.0620775
0.0958381 0.0628281
0.0965024 0.0628032
0.117476 -0.0697195
0.121881 -0.0577728
0.119421 -0.0523232
0.120671 -0.0523201
0.120048 -0.0516883
0.114348 -0.0395839
0.125753 -0.0383516
0.11633 -0.0370978
0.118822 -0.0364905
0.114397 -0.0358898
0.11505 -0.0358914
0.115695 -0.035893
0.116964 -0.0358958
0.113714 -0.0340385
0.1142 -0.0289153
0.117476 -0.0233535
0.122643 -0.0233696
0.118143 -0.0220077
0.122608 -0.022033
0.118786 -0.0213484
0.121315 -0.0213553
0.121298 -0.0200763
0.12255 -0.0194677
0.120041 -0.0182055
0.127785 -0.0139463
0.124463 -0.0121394
0.12512 -0.0121233
0.118113 -0.00334108
0.117589 0.00487279
0.118208 0.00487405
0.118206 0.00606214
0.117528 0.01038
0.116876 0.0110377
0.118152 0.0110139
0.114871 0.0124215
0.116825 0.0130281
0.118768 0.0129918
0.120699 0.0129918
0.122643 0.0179962
0.113054 0.0243071
0.123773 0.0255515
0.119416 0.053021
0.144273 -0.0618955
0.135936 -0.0613659
0.136573 -0.0613762
0.141657 -0.0613359
0.137837 -0.0607349
0.137201 -0.0323418
0.144302 -0.0318313
0.142942 -0.0311295
0.143603 -0.0311523
0.144952 -0.0312048
0.145562 -0.0292985
0.138461 -0.0237681
0.138463 -0.0225465
0.138465 -0.0219262
0.139087 -0.0219232
0.138466 -0.0212989
0.139102 -0.0200174
0.139736 -0.0200104
0.139765 -0.0180244
0.130724 -0.00925449
0.132768 -0.00855957
0.14354 -0.00855957
0.132784 -0.00793525
0.143511 -0.00731571
0.136002 -0.00666546
0.14036 0.0103029
0.140349 0.010939
0.139711 0.011576
0.135988 0.0128041
0.150524 -0.0602842
0.151872 -0.0590121
0.157492 -0.0583636
0.156272 -0.0571721
0.161945 -0.0541134
0.160728 -0.0420981
0.150555 -0.0176687
0.151218 -0.0176572
0.152518 -0.0176362
0.152533 -0.0164192
0.151238 -0.0158174
0.163923 -0.0152015
0.161945 -0.0127476
0.154975 -0.00835483
0.159466 -0.00201333
0.160117 -0.00203213
0.161322 0.00917105
0.161305 0.0292264
0.153666 0.0386791
