-0.137133     -0.0252422
-0.119474     0.0137812
-0.120037     0.0137812
-0.130162     0.050625
-0.13657      0.0658828
-0.137695     0.0658828
-0.13657      0.0653203
-0.136008     0.0647578
-0.13432      0.0664453
-0.13657      0.0647578
-0.137133     0.0647578
-0.135445     0.0664453
-0.137133     0.0653203
-0.136008     0.0653203
-0.13882      0.0647578
-0.135445     0.0653203
-0.136008     0.0664453
-0.136008     0.0641953
-0.136008     0.0658828
-0.135445     0.0647578
-0.13657      0.0641953
-0.137695     0.0653203
-0.135445     0.0658828
-0.138258     0.0681328
-0.137695     0.0647578
-0.105753     -0.0660234
-0.0807813    -0.025875
-0.106315     -0.0274922
-0.0835938    -0.00829687
-0.0869688    -0.0127969
-0.0909063    -0.0167344
-0.102378     -0.00260156
-0.104065     0.00527344
-0.0807813    0.00590625
-0.0970938    0.0115312
-0.0925938    0.00534375
-0.0948438    0.00928125
-0.0942813    0.00815625
-0.104628     0.0116016
-0.108003     0.0222891
-0.101815     0.0267891
-0.10744      0.0239766
-0.106878     0.0166641
-0.10744      0.0443672
-0.100128     0.0348047
-0.11194      0.0381797
-0.0948438    0.0511875
-0.0544638    -0.0468281
-0.0648101    -0.0405703
-0.0715601    -0.0473203
-0.0664976    -0.0400078
-0.0743726    -0.0473203
-0.0499638    -0.0275625
-0.0471513    -0.0320625
-0.0460263    -0.0320625
-0.0664976    -0.0218672
-0.0676226    -0.0207422
-0.0715601    -0.0274922
-0.0664976    -0.0190547
-0.0631226    -0.0201797
-0.0664976    -0.0184922
-0.0572763    -0.00885937
-0.0589638    -0.00717188
-0.0516513    -0.0178594
-0.0777476    0.00414844
-0.0477138    0.00534375
-0.0527763    0.0177187
-0.0488388    0.00759375
-0.0533388    0.00984375
-0.0766226    0.0251016
-0.0788726    0.0211641
-0.0589638    0.0274219
-0.0454638    0.0319219
-0.0454638    0.0336094
-0.0721226    0.0370547
-0.0687476    0.0432422
-0.0413051    -0.0553359
-0.0140837    -0.0457031
-0.0230837    -0.0535781
-0.0213962    -0.0575156
-0.0247713    -0.0535781
-0.0258963    -0.0541406
-0.0253338    -0.0518906
-0.0230837    -0.0535781
-0.0208337    -0.0507656
-0.0202712    -0.0507656
-0.0401801    -0.0366328
-0.0396176    -0.0422578
-0.0339926    -0.0400078
-0.0362426    -0.0371953
-0.0413051    -0.0405703
-0.0135212    -0.0331875
-0.0180212    -0.030375
-0.0185837    -0.0376875
-0.0191462    -0.0230625
-0.0168962    -0.027
-0.0264588    -0.0309375
-0.0146462    -0.036
-0.0152087    -0.0376875
-0.0334301    -0.0128672
-0.0334301    -0.0151172
-0.0258963    -0.00998438
-0.0168962    -0.00267187
-0.0118337    -0.0161719
-0.0140837    -0.00829687
-0.0163337    -0.00604688
-0.0107087    -0.0105469
-0.0174587    -0.00492188
-0.0107087    -0.00998438
-0.0185837    -0.00379687
-0.0185837    -0.00323437
-0.0185837    -0.00435938
-0.0129587    -0.00942187
-0.0157712    -0.00717188
-0.0356801    -0.00878906
-0.0323051    0.00414844
-0.0289301    0.00189844
-0.0356801    0.00696094
-0.0289301    0.00133594
-0.0311801    0.00471094
-0.0311801    0.00527344
-0.0300551    0.00696094
-0.0306176    0.00752344
-0.0140837    0.00365625
-0.0174587    0.00196875
-0.0118337    0.00421875
-0.0112712    0.00478125
-0.0253338    0.00871875
-0.0208337    0.00253125
-0.0247713    0.00703125
-0.0185837    0.00140625
-0.0219587    0.00365625
-0.0258963    0.00928125
-0.0258963    0.00815625
-0.0242088    0.00534375
-0.0236463    0.00421875
-0.0152087    0.0115312
-0.0242088    0.00478125
-0.0129587    0.0177187
-0.0129587    0.0171563
-0.0163337    0.00871875
-0.0157712    0.00871875
-0.0146462    0.0104062
-0.0135212    0.0104062
-0.0118337    0.0120938
-0.0197087    0.00703125
-0.0247713    0.0115312
-0.0258963    0.0115312
-0.0213962    0.0143438
-0.0197087    0.0149062
-0.0168962    0.0154687
-0.0225212    0.0120938
-0.0191462    0.0137812
-0.0225212    0.0115312
-0.0146462    0.0177187
-0.0264588    0.00984375
-0.0236463    0.0109687
-0.0219587    0.0120938
-0.0118337    0.0160313
-0.0174587    0.0115312
-0.0174587    0.0120938
-0.0185837    0.00984375
-0.0180212    0.0104062
-0.0157712    0.0143438
-0.0202712    0.00534375
-0.0180212    0.0115312
-0.0163337    0.0149062
-0.0379301    0.0256641
-0.0373676    0.0211641
-0.0373676    0.0200391
-0.0368051    0.0222891
-0.0368051    0.0228516
-0.0317426    0.0279141
-0.0334301    0.0267891
-0.0384926    0.0166641
-0.0384926    0.0144141
-0.0379301    0.0206016
-0.0328676    0.0279141
-0.0384926    0.0172266
-0.0384926    0.0177891
-0.0384926    0.0189141
-0.0362426    0.0177891
-0.0311801    0.0172266
-0.0345551    0.0183516
-0.0328676    0.0144141
-0.0424301    0.0177891
-0.0424301    0.0161016
-0.0418676    0.0245391
-0.0390551    0.0267891
-0.0396176    0.0245391
-0.0384926    0.0279141
-0.0368051    0.0121641
-0.0401801    0.0189141
-0.0396176    0.0273516
-0.0401801    0.0234141
-0.0401801    0.0262266
-0.0401801    0.0206016
-0.0407426    0.0138516
-0.0429926    0.0194766
-0.0362426    0.0127266
-0.0368051    0.0127266
-0.0429926    0.0183516
-0.0373676    0.0132891
-0.0390551    0.0138516
-0.0356801    0.0116016
-0.0123962    0.0268594
-0.0258963    0.0302344
-0.0236463    0.0307969
-0.0112712    0.0262969
-0.0219587    0.0313594
-0.0197087    0.0307969
-0.0180212    0.0313594
-0.0101462    0.0262969
-0.0152087    0.0274219
-0.0140837    0.0279844
-0.0185837    0.0262969
-0.0191462    0.0262969
-0.0225212    0.0246094
-0.0112712    0.0257344
-0.0101462    0.0296719
-0.0107087    0.0274219
-0.0107087    0.0257344
-0.0174587    0.0296719
-0.0242088    0.0330469
-0.0191462    0.0313594
-0.0236463    0.0364219
-0.0163337    0.0341719
-0.0191462    0.0358594
-0.0140837    0.0330469
-0.0230837    0.0369844
-0.0107087    0.0296719
-0.0219587    0.0369844
-0.0174587    0.0364219
-0.0225212    0.0257344
-0.0197087    0.0257344
-0.0152087    0.0268594
-0.0219587    0.0257344
-0.0157712    0.0246094
-0.0174587    0.0319219
-0.0180212    0.0330469
-0.0208337    0.0364219
-0.0157712    0.0234844
-0.0208337    0.0369844
-0.0174587    0.0324844
-0.0174587    0.0330469
-0.0197087    0.0358594
-0.0157712    0.0296719
-0.0135212    0.0291094
-0.0191462    0.0375469
-0.0129587    0.0251719
-0.0163337    0.0347344
-0.0129587    0.0285469
-0.0197087    0.0381094
-0.0129587    0.0274219
-0.0135212    0.0285469
-0.0157712    0.0341719
-0.0328676    0.0325547
-0.0294926    0.0353672
-0.0323051    0.0348047
-0.0300551    0.0359297
-0.0351176    0.0331172
-0.0289301    0.0364922
-0.0362426    0.0325547
-0.0390551    0.0387422
-0.0356801    0.0404297
-0.0362426    0.0409922
-0.0317426    0.0404297
-0.0413051    0.0342422
-0.0289301    0.0409922
-0.0300551    0.0404297
-0.0396176    0.0364922
-0.0356801    0.0398672
-0.0407426    0.0353672
-0.0351176    0.0398672
-0.0118337    0.057375
-0.0129587    0.05625
-0.0123962    0.05625
-0.0157712    0.057375
-0.0242088    0.0568125
-0.0230837    0.05175
0.00188758    -0.0553359
0.0189839     -0.0451406
0.0251714     -0.0462656
0.0246089     -0.0507656
-0.00261241   -0.0360703
-0.00711241   -0.0416953
0.00132508    -0.0332578
-0.00486241   -0.0349453
0.00695009    -0.0450703
-0.000924919  -0.0371953
-0.00767491   -0.0405703
-0.00823741   -0.0383203
0.0195464     -0.034875
0.0116714     -0.027
0.0167339     -0.0388125
0.0206714     -0.0286875
0.0127964     -0.025875
0.00413759    -0.0207422
-0.00317491   -0.0128672
-0.000362419  -0.0224297
-0.00486241   -0.0173672
-0.00261241   -0.0162422
0.00413759    -0.0246797
0.0240464     -0.0144844
0.00413759    0.00189844
-0.00654991   0.00133594
-0.00429991   0.00189844
-0.00542491   0.00189844
-0.00204992   0.00752344
0.000200081   0.00752344
0.00582509    0.00133594
0.00357509    0.00414844
0.00245009    0.00639844
0.00301259    0.00471094
0.00245009    0.00527344
0.00695009    -0.000351562
0.00942138    0.00815625
0.0156089     0.0115312
0.0111089     0.0104062
0.0223589     0.0177187
0.0127964     0.0109687
0.0206714     0.0154687
0.0195464     0.0149062
0.0178589     0.0132187
0.0139214     0.0109687
0.0156089     0.0126562
0.0172964     0.0137812
0.0144839     0.0115312
0.00942138    0.00759375
0.0122339     0.00984375
0.0172964     0.0143438
0.0189839     0.0177187
0.0133589     0.0160313
0.0167339     0.0171563
-0.00148742   0.0155391
-0.00261241   0.0161016
-0.00486241   0.0194766
0.000200081   0.0127266
0.00132508    0.0127266
-0.00486241   0.0189141
-0.000924919  0.0144141
-0.00654991   0.0144141
-0.00654991   0.0149766
-0.00654991   0.0172266
-0.00654991   0.0177891
-0.00767491   0.0222891
-0.00654991   0.0155391
-0.00204992   0.0234141
-0.00317491   0.0239766
-0.000362419  0.0211641
-0.00261241   0.0234141
-0.00486241   0.0256641
0.00188758    0.0138516
0.00188758    0.0177891
0.00132508    0.0189141
-0.00261241   0.0245391
-0.00486241   0.0262266
-0.00879991   0.0194766
-0.00542491   0.0262266
-0.00486241   0.0172266
0.00301259    0.0149766
-0.00542491   0.0177891
0.00245009    0.0155391
0.00526259    0.0138516
0.00357509    0.0166641
0.00638759    0.0206016
0.00188758    0.0144141
0.00582509    0.0200391
0.00245009    0.0144141
0.00357509    0.0183516
0.0150464     0.0324844
0.0184214     0.0285469
0.0240464     0.0285469
0.0240464     0.0274219
0.0246089     0.0274219
0.0246089     0.0257344
0.0246089     0.0279844
0.0217964     0.0347344
0.0133589     0.0352969
0.0189839     0.0285469
0.0195464     0.0268594
0.0111089     0.0364219
0.0217964     0.0330469
0.0178589     0.0291094
0.0139214     0.0341719
0.0156089     0.0324844
0.0189839     0.0262969
0.0122339     0.0352969
0.0116714     0.0352969
0.0116714     0.0330469
0.0195464     0.0223594
0.0172964     0.0234844
-0.00598741   0.0443672
-0.00204992   0.0359297
0.00695009    0.0404297
0.00751259    0.0409922
0.00638759    0.0409922
-0.00429991   0.0353672
0.00751259    0.0370547
-0.000362419  0.0376172
0.00357509    0.0393047
-0.00542491   0.0342422
0.00357509    0.0381797
-0.00204992   0.0364922
-0.000362419  0.0364922
-0.00261241   0.0370547
0.00357509    0.0370547
0.0144839     0.0455625
0.0189839     0.0523125
-0.00261241   0.0647578
0.000762581   0.0580078
-0.00486241   0.0625078
-0.00317491   0.0686953
0.00245009    0.0580078
0.000762581   0.0647578
-0.00373741   0.0608203
0.00582509    0.0636328
-0.00767491   0.0591328
0.0332677     -0.0558984
0.0576764     -0.0496406
0.0554264     -0.0457031
0.0543014     -0.0479531
0.0343927     -0.0394453
0.0360802     -0.0400078
0.0304552     -0.0338203
0.0343927     -0.0428203
0.0343927     -0.0377578
0.0304552     -0.0439453
0.0559889     -0.02475
0.0503639     -0.03375
0.0571139     -0.0241875
0.0383302     -0.0151172
0.0338302     -0.0224297
0.0447389     -0.00998438
0.0447389     -0.0105469
0.0453014     -0.00942187
0.0588014     -0.00998438
0.0458639     -0.00604688
0.0475514     -0.00379687
0.0565514     -0.0150469
0.0411427     0.00133594
0.0293302     -0.00203906
0.0349552     0.00414844
0.0400177     0.00639844
0.0360802     -0.00653906
0.0417052     0.00527344
0.0377677     -0.00428906
0.0417052     0.00189844
0.0554264     0.0115312
0.0481139     0.0137812
0.0475514     0.0154687
0.0520514     0.00871875
0.0492389     0.0109687
0.0503639     0.00984375
0.0548639     0.00590625
0.0503639     0.0104062
0.0548639     0.00703125
0.0537389     0.00703125
0.0514889     0.00871875
0.0520514     0.00365625
0.0548639     0.00871875
0.0469889     0.0160313
0.0503639     0.00309375
0.0520514     0.00196875
0.0486764     0.00253125
0.0537389     0.00759375
0.0509264     0.00984375
0.0355177     0.0161016
0.0405802     0.0217266
0.0417052     0.0144141
0.0428302     0.0222891
0.0411427     0.0166641
0.0411427     0.0144141
0.0411427     0.0138516
0.0411427     0.0194766
0.0509264     0.0279844
0.0514889     0.0302344
0.0531764     0.0319219
0.0475514     0.0262969
0.0475514     0.0240469
0.0559889     0.0330469
0.0520514     0.0296719
0.0492389     0.0285469
0.0503639     0.0296719
0.0588014     0.0307969
0.0543014     0.0302344
0.0458639     0.0268594
0.0509264     0.0302344
0.0559889     0.0307969
0.0526139     0.0302344
0.0498014     0.0291094
0.0469889     0.0279844
0.0405802     0.0466172
0.0509264     0.054
0.0548639     0.050625
0.0582389     0.0444375
0.0668979     -0.0484453
0.0663354     -0.0478828
0.0668979     -0.0371953
0.0834316     -0.0241875
0.0652104     -0.0213047
0.0708354     -0.0168047
0.0691479     -0.0190547
0.0736479     -0.0252422
0.0845566     -0.00548437
0.0839941     -0.00604688
0.0851191     -0.00604688
0.0839941     -0.00660937
0.0828691     -0.00604688
0.0834316     -0.00604688
0.0845566     -0.00604688
0.0845566     -0.00660937
0.0828691     -0.00492188
0.0828691     -0.00548437
0.0834316     -0.00548437
0.0851191     -0.00435938
0.0839941     -0.00548437
0.0868066     -0.00435938
0.0856816     -0.00435938
0.0856816     -0.0105469
0.0758979     -0.00372656
0.0652104     0.00583594
0.0657729     0.00583594
0.0668979     0.00583594
0.0697104     0.00696094
0.0708354     0.00752344
0.0719604     0.00189844
0.0713979     0.00133594
0.0668979     0.00639844
0.0640854     0.00358594
0.0663354     0.00583594
0.0652104     0.00471094
0.0680229     0.00639844
0.0691479     0.00752344
0.0890566     0.00759375
0.0753354     0.0138516
0.0770229     0.0211641
0.0753354     0.0132891
0.0770229     0.0206016
0.0775854     0.0183516
0.0747729     0.0127266
0.0770229     0.0172266
0.0691479     0.0161016
0.0753354     0.0177891
0.0685854     0.0245391
0.0708354     0.0116016
0.0674604     0.0267891
0.0713979     0.0138516
0.0713979     0.0127266
0.0719604     0.0144141
0.0758979     0.0155391
0.0753354     0.0144141
0.0856816     0.0291094
0.0884941     0.0251719
0.0668979     0.0331172
0.0646479     0.0342422
0.0657729     0.0336797
0.0856816     0.054
0.0828691     0.054
0.0828691     0.05625
0.0806191     0.0500625
0.0862441     0.054
0.0845566     0.054
0.0851191     0.054
0.0828691     0.055125
0.0828691     0.0545625
0.0845566     0.0534375
0.0834316     0.05625
0.0845566     0.055125
0.0851191     0.0556875
0.0839941     0.0568125
0.0839941     0.0556875
0.0839941     0.054
0.0862441     0.052875
0.0839941     0.055125
0.0834316     0.0556875
0.0856816     0.0545625
0.0839941     0.05625
0.0834316     0.054
0.0839941     0.0545625
0.0828691     0.0556875
0.0834316     0.0545625
0.0845566     0.0545625
0.0856816     0.0556875
0.0834316     0.055125
0.0862441     0.055125
0.0851191     0.0545625
0.129437      -0.0496406
0.129999      -0.0490781
0.129437      -0.0490781
0.128874      -0.0490781
0.128874      -0.0502031
0.129437      -0.0502031
0.130562      -0.0485156
0.128874      -0.0496406
0.131124      -0.0502031
0.108965      -0.0445078
0.128874      -0.0275625
0.126624      -0.0275625
0.128312      -0.028125
0.127749      -0.0286875
0.128874      -0.02475
0.127749      -0.027
0.128312      -0.027
0.127187      -0.0264375
0.127187      -0.027
0.127187      -0.028125
0.129437      -0.0286875
0.127187      -0.0275625
0.126624      -0.027
0.128312      -0.0275625
0.127749      -0.0275625
0.126062      -0.025875
0.127749      -0.028125
0.128874      -0.027
0.126624      -0.028125
0.0982779     -0.0168047
0.10559       -0.0168047
0.111778      0.00133594
0.124937      0.00309375
0.126624      0.00871875
0.117062      0.0149062
0.128312      0.0455625
0.133595      0.0183516
0.140345      0.0245391
