0.00952979 -0.0433408
0.00183785 -0.0383769
0.00828999 -0.0382831
0.0145963 -0.0328062
0.00177998 -0.0321113
0.00693744 -0.0276705
0.0108206 -0.0233414
0.0063193 -0.0226962
0.0165709 -0.0170681
0.00517136 -0.0152101
0.0145507 -0.0145958
0.000456764 -0.0139359
0.0172743 -0.0133166
0.00315968 -0.0121059
0.0166406 -0.0114284
0.00514241 0.00243227
0.00515358 0.00304666
0.00951668 0.00308518
0.00320831 0.00424921
0.00829665 0.00605913
0.0132583 0.00668465
0.0113764 0.00787882
0.00177998 0.00925449
0.0139571 0.00917105
0.0127133 0.0199701
0.0101477 0.0212957
0.0089011 0.0225465
0.00578257 0.0231266
0.00450723 0.0237195
0.00890518 0.0243702
0.00185764 0.0249211
0.00386983 0.0249372
0.00452296 0.024942
0.00116714 0.0267921
0.00451658 0.027375
0.00116714 0.047475
0.00706294 0.0474314
0.00115877 0.0481023
0.00889801 0.0510912
0.00503442 0.0530959
0.011405 0.0626462
0.00890253 0.0699127
0.00695236 0.116427
0.0101755 0.116406
0.0305218 -0.136452
0.0292122 -0.135111
0.0304889 -0.135135
0.0298367 -0.134477
0.0291806 -0.132583
0.029797 -0.131976
0.029168 -0.131361
0.0285424 -0.128973
0.0285511 -0.12718
0.028555 -0.126572
0.02794 -0.125961
0.0234773 -0.0524395
0.0298367 -0.0517458
0.033001 -0.043772
0.0235496 -0.0431785
0.0241623 -0.0419373
0.0273093 -0.0387195
0.0228202 -0.0317789
0.0222052 -0.0305088
0.0209067 -0.0292785
0.0363711 -0.0261684
0.0323607 -0.0224809
0.0298888 -0.0130121
0.025456 -0.0084939
0.032346 -0.0079217
0.0343368 -0.00796535
0.0310484 -0.00728547
0.0310347 -0.00426802
0.0316728 -0.00426371
0.0279359 -0.00368735
0.0241623 -0.000571512
0.0234979 8.46292e-05
0.0221277 0.00143956
0.0273133 0.00902763
0.0266934 0.0109543
0.0273186 0.0109574
0.0310706 0.0121674
0.0356949 0.0133166
0.0349914 0.0139562
0.0242031 0.0182392
0.022901 0.0188849
0.0215602 0.0195511
0.0241775 0.0194807
0.0285636 0.0194425
0.0241623 0.0201114
0.0279431 0.0200669
0.0298256 0.0200854
0.023455 0.0296357
0.0337244 0.0315172
0.0208852 0.0321345
0.0337015 0.0321562
0.0229371 0.0346737
0.0336328 0.0352735
0.0342995 0.0358863
0.0260989 0.0376847
0.0241775 0.0401636
0.0273202 0.0401225
0.0279484 0.0426796
0.0279465 0.0510452
0.0323969 0.0522435
0.0241911 0.0535332
0.0330169 0.0534891
0.0273231 0.0541847
0.0336644 0.0540989
0.0229278 0.0547438
0.0242298 0.0565773
0.0242298 0.0571786
0.0267193 0.0571734
0.0285445 0.0577664
0.0195793 0.0584438
0.0235829 0.0583919
0.03308 0.113628
0.0310586 0.121654
0.0520498 -0.056571
0.0520498 -0.036502
0.0457407 -0.0322677
0.0501481 -0.0322115
0.0385947 -0.0314663
0.0419375 -0.0315793
0.0528217 -0.0314927
0.0482573 -0.0309858
0.0488944 -0.0309732
0.0495365 -0.0309577
0.0508388 -0.0309192
0.0476328 -0.0303519
0.0482692 -0.0303416
0.0489094 -0.0303281
0.0508621 -0.0302698
0.0495736 -0.0296566
0.0508873 -0.0296117
0.0457319 -0.0290493
0.0470104 -0.0290454
0.0457299 -0.0283781
0.0457277 -0.0276961
0.0386211 -0.0114284
0.0451186 -0.0115818
0.0431604 -0.00832811
0.0476328 -0.000672459
0.0508175 0.000536272
0.0514771 0.000515554
0.0451186 0.00124035
0.0475793 0.00427931
0.0494553 0.00607342
0.0438993 0.00666546
0.0463565 0.0066541
0.0400317 0.00732726
0.0541154 0.0073663
0.0400008 0.00857697
0.0393058 0.00923128
0.0419547 0.00915427
0.0463621 0.00909812
0.0515006 0.0104694
0.0425484 0.0110542
0.0463751 0.0173547
0.0476724 0.0173418
0.0444513 0.0186963
0.0482952 0.0186848
0.0495544 0.0199701
0.0438455 0.0206444
0.037926 0.0217451
0.0494911 0.0225089
0.043893 0.0237548
0.0507387 0.024942
0.0534001 0.0255429
0.0520605 0.0273913
0.0507545 0.0279878
0.0482462 0.0419633
0.0386988 0.0474691
0.0386633 0.0493477
0.0419547 0.05052
0.0418755 0.0530959
0.0431774 0.0530573
0.0444304 0.0550483
0.0476617 0.0593902
0.0718206 -0.108274
0.067266 -0.105868
0.067381 -0.100728
0.0621991 -0.100061
0.060424 -0.0657055
0.0597422 -0.0638466
0.0678895 -0.0486513
0.0641563 -0.0407038
0.0596613 -0.0317789
0.0654144 -0.0310466
0.0660217 -0.029169
0.0584384 -0.0286327
0.0635478 -0.0285496
0.0705055 -0.0286327
0.07186 -0.0286648
0.0725235 -0.0274195
0.0704703 -0.0261606
0.0647745 -0.0255594
0.067873 -0.025553
0.0718326 -0.0242977
0.0705655 -0.0211758
0.0666779 -0.0206444
0.0628509 -0.0136825
0.0609075 -0.0130481
0.0622661 -0.01038
0.0628993 -0.0103703
0.0679253 -0.00913929
0.0597422 -0.00854348
0.0660151 -0.00787174
0.0678895 -0.00728547
0.0571233 -0.00548141
0.0691561 -0.00547437
0.0725109 -0.0054834
0.0641669 -0.00368735
0.0672497 -0.00367016
0.0660092 -0.00307808
0.0610443 -0.00244367
0.0584013 -0.00113183
0.0609869 6.65936e-05
0.064158 1.89424e-05
0.061563 0.00268669
0.0647935 0.00264624
0.0647957 0.00332821
0.0667299 0.00767084
0.0647915 0.00836644
0.0622542 0.0096587
0.0692593 0.0102363
0.0698977 0.010857
0.0666468 0.012189
0.0635517 0.0134241
0.066004 0.0140225
0.056433 0.0151995
0.0666167 0.0152142
0.0725109 0.0151995
0.0571233 0.0158229
0.0672418 0.0158114
0.0725109 0.0158248
0.0732123 0.0158269
0.0672445 0.0164108
0.0577919 0.0170587
0.0635517 0.0176002
0.0641656 0.0175977
0.0666304 0.017611
0.0584384 0.0182913
0.0641628 0.0188193
0.0635392 0.0194425
0.0660365 0.0200763
0.0583528 0.020836
0.0666779 0.0207214
0.0609498 0.0220506
0.067346 0.022033
0.0660721 0.0226695
0.0563914 0.0333664
0.0691871 0.0334441
0.0577919 0.0346485
0.0591315 0.0352786
0.072573 0.0396611
0.0692188 0.0401954
0.0712422 0.0408974
0.067346 0.0427159
0.067363 0.0433791
0.0584736 0.056571
0.0591315 0.0577944
0.0718326 0.0584339
0.0641656 0.0589635
0.0660092 0.0589706
0.0654003 0.0601879
0.0647842 0.0614327
0.0685859 0.0614937
0.0686256 0.0627809
0.0641504 0.0646949
0.067346 0.07104
0.0647771 0.0760775
0.0597059 0.0821953
0.0647859 0.0827505
0.061614 0.0923768
0.0635243 0.0924075
0.0603753 0.0942602
0.061071 0.0985444
0.0635478 0.10094
0.0667024 0.10475
0.0667158 0.105413
0.0584523 0.121083
0.0882497 -0.141754
0.0876586 -0.134975
0.0858015 -0.106101
0.0806748 -0.104097
0.0877032 -0.104169
0.0883676 -0.104194
0.0800495 -0.103466
0.0806866 -0.103453
0.0876799 -0.10352
0.0748285 -0.100439
0.0794886 -0.0991464
0.0794915 -0.0985444
0.0916328 -0.0985585
0.0775555 -0.0979385
0.0909357 -0.0973052
0.074841 -0.0966779
0.0755319 -0.0966878
0.0825848 -0.0955504
0.0775065 -0.0948549
0.0909936 -0.0947777
0.0807082 -0.094299
0.0851229 -0.0840673
0.0851103 -0.0834143
0.088986 -0.0822387
0.0832017 -0.0808679
0.0813494 -0.0802619
0.0755201 -0.0797427
0.074841 -0.0791267
0.0762125 -0.0791074
0.0768834 -0.0790985
0.0801148 -0.0790614
0.0755399 -0.0784934
0.0788505 -0.0784678
0.0755439 -0.0778715
0.0782084 -0.0778645
0.0755439 -0.0772502
0.0819789 -0.0766724
0.0888945 -0.0766393
0.0831976 -0.0760775
0.0819393 -0.0633662
0.0895726 -0.0553314
0.0775354 -0.054733
0.0869892 -0.0528944
0.082573 -0.0433408
0.0819642 -0.039505
0.0788358 -0.0383191
0.0755439 -0.0358844
0.0782052 -0.0352835
0.0801075 -0.0340888
0.0869604 -0.0334566
0.0781457 -0.0321947
0.076799 -0.0315172
0.0781265 -0.0315606
0.0813112 -0.0303519
0.0832141 -0.0233291
0.0851229 -0.0220186
0.0800345 -0.0213791
0.0774433 -0.0208109
0.0781052 -0.020788
0.0800495 -0.0207341
0.0806866 -0.0207214
0.0857216 -0.0200971
0.088986 -0.02019
0.0761684 -0.0189371
0.0768419 -0.0189184
0.0807177 -0.0188353
0.0825834 -0.0188193
0.0882786 -0.018901
0.0762013 -0.017681
0.0844245 -0.0170018
0.0788505 -0.0164192
0.0869315 -0.0152101
0.0862964 -0.0146095
0.079483 -0.0140052
0.0813606 -0.0140225
0.079475 -0.0133974
0.0781627 -0.0121394
0.0883182 -0.010857
0.088986 -0.0108343
0.0870684 -0.00895281
0.0786928 -0.00828704
0.0812822 -0.00768298
0.0812822 -0.00265846
0.081328 0.000606629
0.0761469 0.00111017
0.0857088 0.00121517
0.0869892 0.00118718
0.0775065 0.00178187
0.0856866 0.00245385
0.0863202 0.00244367
0.0882627 0.00240619
0.074139 0.00359446
0.0768834 0.00363304
0.0869405 0.0036568
0.085665 0.00427207
0.0788536 0.00486862
0.0768942 0.00547771
0.0895612 0.00547951
0.0916328 0.0054855
0.0889016 0.0067084
0.0775354 0.00731571
0.0831989 0.00725627
0.0902806 0.00798188
0.0863323 0.00851546
0.0896167 0.00859564
0.0813356 0.00910693
0.0857088 0.00912627
0.0876394 0.00917105
0.0896628 0.0098731
0.0819393 0.011659
0.0806488 0.0123396
0.0844927 0.0123281
0.0851505 0.0130121
0.0786928 0.0186285
0.0793499 0.0186508
0.0806488 0.0186848
0.0812924 0.0186963
0.0838516 0.018704
0.0832101 0.0193691
0.0844739 0.0200104
0.0767734 0.0205298
0.083835 0.0206606
0.0863776 0.0206163
0.088986 0.0211758
0.0768219 0.0218147
0.0844495 0.0219174
0.0754851 0.0224088
0.0781627 0.0224809
0.0819642 0.0225437
0.0876077 0.0231026
0.0902452 0.0249211
0.0801228 0.0261529
0.0862964 0.0267563
0.0882397 0.0273829
0.0889016 0.0273913
0.0876077 0.0286046
0.079424 0.0304528
0.0851103 0.0317071
0.0819449 0.0407003
0.0787596 0.0412812
0.0761223 0.0418341
0.079424 0.0419373
0.0909357 0.045598
0.0916328 0.0462217
0.0768419 0.0499428
0.0890117 0.0518604
0.0864352 0.0600165
0.0877556 0.0599686
0.0832017 0.0639123
0.089565 0.0681463
0.0902806 0.0700305
0.0844495 0.0839661
0.0800985 0.0906192
0.078739 0.102682
0.0832032 0.104658
0.0813553 0.106493
0.0825887 0.107699
0.0781774 0.111336
0.0838167 0.111281
0.0788113 0.111943
0.0863323 0.11193
0.088986 0.113263
0.0844652 0.113785
0.0806488 0.115754
0.082573 0.115731
0.102246 -0.153881
0.09661 -0.147817
0.0946071 -0.147156
0.0945889 -0.146526
0.0945428 -0.113288
0.098484 -0.0718044
0.101002 -0.0711468
0.10541 -0.0712029
0.106718 -0.0712382
0.104118 -0.0705525
0.106043 -0.0705921
0.093925 -0.0700305
0.108019 -0.070014
0.100348 -0.0543575
0.0978446 -0.0511357
0.0959429 -0.049301
0.0939525 -0.0480924
0.109356 -0.047475
0.104091 -0.0450359
0.102934 -0.0343654
0.0990552 -0.0336949
0.103557 -0.0330225
0.102894 -0.0316968
0.102246 -0.029784
0.10667 -0.0279986
0.104083 -0.0261529
0.0972164 -0.0218701
0.10541 -0.0218701
0.0984551 -0.0199866
0.102913 -0.0186963
0.0977486 -0.0179763
0.0990552 -0.0180123
0.102278 -0.0129918
0.105489 -0.0117301
0.103519 -0.01038
0.099147 -0.00787882
0.10665 -0.005476
0.10038 -0.00124035
0.102278 0.00265032
0.102256 0.0103192
0.103519 0.0103029
0.0945428 0.0108098
0.096547 0.0108777
0.106739 0.010857
0.108662 0.0158229
0.103488 0.0188353
0.0952196 0.02019
0.0971992 0.0201279
0.104816 0.0213957
0.0984221 0.0226962
0.0990552 0.0233535
0.100348 0.0233332
0.0972164 0.0322115
0.10287 0.0322588
0.0959429 0.0334305
0.099147 0.033487
0.0959559 0.0340501
0.0979092 0.0352924
0.107315 0.0352735
0.104714 0.0358944
0.100402 0.0364905
0.101011 0.0364892
0.10346 0.0370899
0.101008 0.0376784
0.107993 0.0377416
0.108674 0.037751
0.104741 0.0389221
0.108743 0.0402788
0.0946331 0.0553314
0.0946406 0.0559511
0.0932742 0.0565653
0.0979121 0.0571786
0.0997852 0.0577694
0.103472 0.0589768
0.0984551 0.0627449
0.106124 0.0628032
0.104723 0.0967367
0.0932742 0.0979311
0.107311 0.0979367
0.107982 0.0979349
0.10537 0.100368
0.102241 0.101554
0.0952196 0.102922
0.104204 0.105428
0.100989 0.110428
0.0946444 0.118618
0.123773 -0.15999
0.127094 -0.158736
0.123219 -0.103481
0.119421 -0.102798
0.114329 -0.102263
0.115019 -0.0803118
0.115031 -0.079695
0.115677 -0.0796849
0.114386 -0.0790901
0.11504 -0.0790822
0.115686 -0.0790748
0.11505 -0.0778645
0.120051 -0.0633625
0.12719 -0.0616067
0.114348 -0.0534891
0.114329 -0.0528592
0.121928 -0.0523048
0.119412 -0.044012
0.121964 -0.0427015
0.123219 -0.0414324
0.123202 -0.0407943
0.12448 -0.0401954
0.124449 -0.038946
0.125071 -0.0365003
0.127798 -0.0339995
0.1137 -0.033416
0.11686 -0.0296743
0.11878 -0.0297068
0.11749 -0.0290262
0.116169 -0.0233895
0.122643 -0.0233696
0.116191 -0.022715
0.120053 -0.0226579
0.12391 -0.0220715
0.114923 -0.0214374
0.113615 -0.020836
0.114946 -0.020788
0.121306 -0.0207117
0.112963 -0.0202145
0.112303 -0.0195959
0.112988 -0.0195727
0.113663 -0.0195511
0.112326 -0.018957
0.121283 -0.0188275
0.112346 -0.0183233
0.117575 -0.017611
0.118196 -0.0176048
0.117586 -0.016407
0.123138 -0.0164149
0.126406 -0.0164391
0.118208 -0.0152155
0.117586 -0.0146173
0.116324 -0.0140052
0.127785 -0.0139463
0.116316 -0.0133974
0.118196 -0.0134195
0.12004 -0.0134266
0.111653 -0.0126835
0.116306 -0.0127851
0.118184 -0.0121968
0.120662 -0.0122023
0.114968 -0.0108777
0.118796 -0.0109543
0.119421 -0.0109574
0.125827 -0.0108343
0.11942 -0.0103225
0.120048 -0.0103225
0.124521 -0.0102363
0.116876 -0.0096452
0.121964 -0.00900571
0.12457 -0.00892884
0.122643 -0.00268669
0.114871 -0.00208007
0.121964 -0.00133574
0.118791 -2.22649e-05
0.116929 0.00183766
0.113042 0.0030019
0.121271 0.00307808
0.116324 0.00366374
0.116956 0.00367016
0.116333 0.00487008
0.121878 0.00487279
0.120645 0.00546617
0.115692 0.00607773
0.122511 0.00667129
0.113714 0.00732726
0.114376 0.00731571
0.113683 0.00857697
0.116929 0.00850378
0.11628 0.00913929
0.116917 0.00912627
0.120687 0.011659
0.122625 0.0123548
0.120687 0.0193654
0.118801 0.0219232
0.111682 0.0242878
0.127086 0.0267862
0.115031 0.0279878
0.115677 0.0279777
0.123151 0.0279684
0.120662 0.0291635
0.121283 0.029169
0.122592 0.0317206
0.123933 0.0330787
0.120055 0.0336706
0.120693 0.0393869
0.119416 0.040052
0.11558 0.0406335
0.125159 0.0418813
0.125138 0.0425177
0.115046 0.0456249
0.118184 0.0498519
0.118805 0.0498464
0.122538 0.0498696
0.123143 0.0657124
0.125732 0.0675264
0.112373 0.0687753
0.112346 0.0700305
0.124449 0.0699704
0.113663 0.0712583
0.114308 0.0718746
0.119421 0.0717741
0.116825 0.0750768
0.115508 0.0800013
0.114871 0.0806515
0.119421 0.0833475
0.113028 0.0851077
0.117568 0.0851942
0.113042 0.0857335
0.123782 0.0863884
0.113061 0.0869754
0.126406 0.0869754
0.116964 0.0882015
0.11882 0.0887907
0.113725 0.08944
0.117582 0.089397
0.118202 0.089392
0.125081 0.0894316
0.121908 0.0912255
0.11749 0.101416
0.124544 0.10266
0.132705 -0.15525
0.133367 -0.155227
0.145542 -0.132079
0.144845 -0.131437
0.144163 -0.130806
0.145507 -0.128336
0.132156 -0.108892
0.132817 -0.10828
0.131448 -0.105791
0.132679 -0.0612692
0.136573 -0.0613762
0.139754 -0.0600621
0.132007 -0.0525142
0.132084 -0.0505754
0.141594 -0.0498812
0.133439 -0.0492875
0.132807 -0.0480658
0.130802 -0.0474691
0.132152 -0.047458
0.132817 -0.0468418
0.132135 -0.04438
0.132035 -0.0311775
0.141623 -0.0304528
0.13009 -0.0280492
0.140313 -0.0279525
0.146218 -0.0280492
0.131482 -0.0249267
0.13597 -0.0219089
0.139119 -0.0180326
0.144302 -0.0111484
0.1449 -0.00923128
0.142884 -0.00854348
0.146255 -0.00863675
0.13009 -0.0073663
0.129401 -0.00674698
0.144834 -0.00671729
0.145515 -0.00672667
0.129414 -0.0054855
0.129414 -0.00485595
0.134115 -0.00486862
0.144823 -0.00486193
0.144156 -0.00424921
0.143501 -0.00364144
0.146206 -0.00360489
0.142857 -0.00303657
0.144174 -0.00301418
0.134715 -0.00182598
0.137845 -0.00186364
0.139083 -0.00186082
0.140959 -0.00183766
0.142251 -0.00118718
0.135924 0.00133574
0.13591 0.00199813
0.141697 0.00203213
0.135226 0.00337086
0.135296 0.0096452
0.13659 0.0109481
0.13723 0.0128162
0.14486 0.0127175
0.146206 0.0139463
0.146197 0.0145736
0.13968 0.0152155
0.140924 0.0158114
0.142857 0.0176463
0.140959 0.0188452
0.141608 0.0194807
0.135263 0.0226962
0.143017 0.022763
0.143688 0.0227919
0.140412 0.0233535
0.138472 0.0297105
0.13847 0.0303623
0.145562 0.0327502
0.134098 0.034071
0.135369 0.0340888
0.137234 0.034107
0.137848 0.0341095
0.132152 0.0352735
0.132814 0.0352786
0.135382 0.0352964
0.137241 0.0353067
0.132817 0.0358898
0.146895 0.0365098
0.139071 0.0376807
0.133451 0.0383292
0.140349 0.0407682
0.142268 0.0408108
0.135311 0.041417
0.142965 0.0421203
0.139126 0.0483747
0.139736 0.0510348
0.138466 0.0523232
0.144205 0.0534717
0.145562 0.0534331
0.143501 0.0553487
0.142354 0.0641031
0.140313 0.075462
0.136622 0.0790505
0.137226 0.0808707
0.135325 0.0821458
0.139119 0.0853819
0.139097 0.0930507
0.138466 0.093689
0.138465 0.0943163
0.14628 0.0941352
0.144878 0.0948188
0.139078 0.0955478
0.131463 0.0960749
0.132145 0.0967061
0.136622 0.0967541
0.142842 0.0973322
0.144156 0.0973222
0.131486 0.0979349
0.146193 0.0979311
0.134753 0.0985444
0.143491 0.098549
0.13475 0.0991464
0.139682 0.0991351
0.140306 0.0997385
0.132007 0.104221
0.141719 0.106121
0.144302 0.112949
0.139097 0.113734
0.131384 0.114224
0.135325 0.114342
0.135959 0.114353
0.137226 0.115617
0.161945 -0.121691
0.159979 -0.119829
0.156881 -0.116841
0.157499 -0.116231
0.15186 -0.100995
0.15561 -0.0853819
0.156887 -0.0821156
0.158759 -0.0815055
0.160614 -0.0571801
0.15117 -0.0528592
0.154344 -0.0503715
0.156899 -0.044694
0.158833 -0.0440364
0.159484 -0.0440525
0.155002 -0.0413946
0.155642 -0.0401254
0.150566 -0.0377327
0.159347 -0.0352964
0.160631 -0.034071
0.150541 -0.033416
0.151205 -0.0334305
0.162 -0.0315399
0.157546 -0.0240154
0.157534 -0.0226618
0.152421 -0.0214152
0.154993 -0.0213553
0.149118 -0.0202409
0.151149 -0.0201673
0.152461 -0.0201279
0.153746 -0.0200971
0.153121 -0.0194807
0.15439 -0.0194569
0.155642 -0.0194425
0.159391 -0.0194677
0.149167 -0.018957
0.153135 -0.0188569
0.15377 -0.0188452
0.156266 -0.0188193
0.163947 -0.017694
0.14783 -0.016457
0.149902 -0.0164391
0.152527 -0.0139982
0.156268 -0.0134266
0.160708 -0.0102568
0.162078 -0.00890188
0.161385 -0.000754526
0.162722 -0.000806982
0.164094 -0.00086959
0.158781 -3.85274e-05
0.163373 -0.00018046
0.164061 -0.00020997
0.157512 0.000612832
0.152478 0.00118718
0.158759 0.00122604
0.149884 0.0030019
0.152518 0.00304666
0.155038 0.00307808
0.151881 0.00364936
0.152527 0.0036568
0.150573 0.00424921
0.149906 0.00547951
0.163281 0.00796535
0.163963 0.00798188
0.152494 0.00852874
0.151149 0.00982589
0.164031 0.0098995
0.153717 0.0110377
0.154331 0.0123396
0.161961 0.0224648
0.148511 0.023658
0.159992 0.0237389
0.159984 0.0243466
0.160623 0.0243397
0.162584 0.0243159
0.153802 0.0267523
0.156879 0.02674
0.158107 0.0273433
0.156884 0.0291607
0.157508 0.029784
0.158805 0.0323601
0.159466 0.0330377
0.158185 0.0336828
0.159484 0.033711
0.153032 0.0393337
0.150555 0.04438
0.158185 0.0593902
0.163963 0.0644082
0.157486 0.0675148
0.148532 0.0681579
0.152478 0.0712029
0.154357 0.0730729
0.15561 0.0750404
0.156253 0.0800853
0.160078 0.0820188
0.160689 0.092518
0.156257 0.102101
0.158156 0.102742
0.150573 0.109507
0.148523 0.110151
0.149202 0.110767
