-0.162694 -0.165616
-0.156899 -0.044694
-0.155622 -0.0426833
-0.155002 -0.0413946
-0.15627 -0.0376784
-0.15627 -0.0347117
-0.157488 -0.0164006
-0.154344 -0.00900571
-0.158185 -0.00768298
-0.153032 -0.00203213
-0.154993 -0.000672459
-0.164614 0.0054834
-0.152518 0.00729478
-0.154331 0.0123396
-0.154409 0.0231455
-0.151218 0.0237086
-0.159369 0.0285705
-0.150456 0.0311775
-0.160097 0.0323921
-0.155603 0.0343568
-0.140997 -0.0310755
-0.134701 -0.0298222
-0.142196 -0.0267606
-0.137833 -0.0180367
-0.136626 0.0370865
-0.139754 0.0433524
-0.141719 0.0440724
-0.12448 -0.0195125
-0.121918 -0.0194569
-0.11633 -0.0164149
-0.113735 -0.0152052
-0.113054 -0.0139656
-0.112373 -0.0139562
-0.11167 -0.0133166
-0.112988 -0.0114516
-0.119418 -0.00967944
-0.123237 0.0110542
-0.121951 0.0110242
-0.122625 0.0393524
-0.120687 0.0400483
-0.123202 0.0419373
-0.127141 0.0430917
-0.0991183 -0.0304268
-0.106739 -0.00982589
-0.106699 -0.00855957
-0.102233 -0.00308268
-0.102246 -0.00124035
-0.100389 0.0128162
-0.10285 0.0134195
-0.108662 0.0158229
-0.0978101 0.0213957
-0.104187 0.022033
-0.108111 0.0308439
-0.104766 0.0322265
-0.105381 0.0334566
-0.11008 0.033985
-0.0902412 -0.0152015
-0.0819393 -0.00902394
-0.088986 0.00984855
-0.0832082 0.0820696
-0.0760945 0.0825511
-0.086302 0.0863953
-0.0788247 0.132007
-0.0686717 -0.0186285
-0.056408 0.0753653
-0.0571114 0.0760049
-0.0647758 0.0766745
-0.06043 0.0766538
-0.0732123 0.0772461
-0.0610443 0.136882
-0.0406022 -0.144908
-0.0426237 -0.136882
-0.0425663 -0.134372
-0.0431774 -0.133089
-0.050205 -0.0420981
-0.0451272 -0.038891
-0.043821 0.0813958
-0.0418978 0.0819993
-0.0451139 0.0833444
-0.0438567 0.0833291
-0.0489424 0.0950863
-0.0495736 0.102047
-0.052102 0.105179
-0.0507812 0.105212
-0.0379874 0.131464
-0.042598 0.133237
-0.0419547 0.133252
-0.0463637 0.133823
-0.0227949 -0.135851
-0.0316875 -0.131392
-0.0202782 -0.128336
-0.0260937 -0.127175
-0.03375 -0.123944
-0.0221558 -0.123318
-0.0318067 -0.122709
-0.0253871 -0.122099
-0.0227678 0.07031
-0.0273133 0.0710763
-0.0357319 0.0810269
-0.0331643 0.090964
-0.0324182 0.0929679
-0.0304034 0.0991424
-0.0267025 0.101554
-0.0273202 0.102171
-0.0291954 0.102808
-0.0279484 0.104728
-0.0260307 0.111769
-0.0285511 0.121015
-0.0292036 0.124126
-0.0266657 0.131788
-0.0260205 0.13178
-0.0107601 -0.0535626
-0.00638119 -0.052293
-0.0146853 0.0111209
-0.0063193 0.0600353
-0.00951946 0.125961
-0.0126113 0.128967
-0.0172492 0.129581
-0.0172618 0.130834
-0.0145575 0.130797
