-0.0526772    -0.0908438
-0.0509897    -0.0992813
-0.0521147    -0.0970312
-0.0453647    -0.0800156
-0.0481772    -0.0794531
-0.0453647    -0.0805781
-0.0521147    -0.0766406
-0.0538022    -0.0760781
-0.0509897    -0.0828281
-0.0504272    -0.0766406
-0.0487397    -0.0738281
-0.0504272    -0.0760781
-0.0708984    -0.0608203
-0.0731484    -0.0613828
-0.0686484    -0.0466172
-0.0571772    -0.0369844
-0.0605522    -0.0347344
-0.0509897    -0.0431719
-0.0658359    -0.0256641
-0.0647109    -0.0279141
-0.0663984    -0.0183516
-0.0487397    -0.0188437
-0.0493022    -0.0182812
-0.0453647    -0.0171563
-0.0476147    -0.0177187
-0.0453647    -0.0160313
-0.0532397    -0.0216563
-0.0543647    -0.0222187
-0.0549272    -0.0216563
-0.0566147    -0.0165937
-0.0543647    -0.0194062
-0.0538022    -0.0216563
-0.0459272    -0.0154687
-0.0453647    -0.0182812
-0.0459272    -0.0165937
-0.0459272    -0.0194062
-0.0669609    -0.00921094
-0.0658359    -0.00246094
-0.0669609    -0.00414844
-0.0708984    -0.00189844
-0.0459272    0.00885937
-0.0538022    0.032625
-0.0481772    0.019125
-0.0504272    0.0225
-0.0476147    0.0185625
-0.0532397    0.0286875
-0.0509897    0.0507656
-0.0515522    0.0485156
-0.0526772    0.0490781
-0.0515522    0.0518906
-0.0521147    0.0507656
-0.0173595    -0.120797
-0.020172     -0.120797
-0.0434559    -0.110039
-0.0406434    -0.0812109
-0.0361434    -0.0817734
-0.0412059    -0.0806484
-0.0241095    -0.0788906
-0.0173595    -0.0749531
-0.0162345    -0.0738281
-0.0367059    -0.0619453
-0.0316434    -0.0591328
-0.0400809    -0.0625078
-0.0372684    -0.0602578
-0.019047     -0.05625
-0.022422     -0.052875
-0.014547     -0.0556875
-0.0207345    -0.054
-0.023547     -0.0523125
-0.024672     -0.052875
-0.015672     -0.0568125
-0.016797     -0.059625
-0.019047     -0.0590625
-0.024672     -0.05625
-0.012297     -0.0590625
-0.019047     -0.057375
-0.013422     -0.0568125
-0.019047     -0.048375
-0.014547     -0.0495
-0.0361434    -0.0471797
-0.0310809    -0.0454922
-0.0338934    -0.0432422
-0.0367059    -0.0404297
-0.0367059    -0.0398672
-0.0355809    -0.0432422
-0.0316434    -0.0499922
-0.0288309    -0.0438047
-0.0344559    -0.0404297
-0.0327684    -0.0398672
-0.0305184    -0.0415547
-0.0288309    -0.0426797
-0.0151095    -0.0431719
-0.022422     -0.0414844
-0.022422     -0.0386719
-0.019047     -0.0291094
-0.013422     -0.0324844
-0.014547     -0.0319219
-0.019047     -0.0330469
-0.0184845    -0.0330469
-0.014547     -0.0336094
-0.014547     -0.0279844
-0.015672     -0.0279844
-0.0207345    -0.0426094
-0.0196095    -0.0426094
-0.015672     -0.0397969
-0.020172     -0.0279844
-0.0184845    -0.0302344
-0.0389559    -0.0273516
-0.0406434    -0.0228516
-0.0400809    -0.0262266
-0.0372684    -0.0307266
-0.0395184    -0.0273516
-0.0355809    -0.0200391
-0.0333309    -0.0222891
-0.0338934    -0.0222891
-0.0367059    -0.0200391
-0.0316434    -0.0256641
-0.0316434    -0.0228516
-0.0293934    -0.0239766
-0.0389559    -0.0256641
-0.0350184    -0.0341016
-0.0406434    -0.0217266
-0.0417684    -0.0222891
-0.0423309    -0.0200391
-0.0383934    -0.0222891
-0.0372684    -0.0267891
-0.0389559    -0.0262266
-0.0372684    -0.0200391
-0.0372684    -0.0211641
-0.0395184    -0.0324141
-0.0383934    -0.0200391
-0.0440184    -0.0251016
-0.0440184    -0.0262266
-0.0361434    -0.0296016
-0.0400809    -0.0318516
-0.0428934    -0.0296016
-0.0184845    -0.0210937
-0.0207345    -0.0199688
-0.0151095    -0.0227812
-0.022422     -0.0143438
-0.0173595    -0.0171563
-0.023547     -0.0137812
-0.0218595    -0.0154687
-0.011172     -0.0199688
-0.0184845    -0.0137812
-0.0184845    -0.0132187
-0.0196095    -0.0233437
-0.023547     -0.0216563
-0.0218595    -0.0227812
-0.0184845    -0.0239063
-0.0293934    -0.00808594
-0.0322059    -0.00527344
-0.0344559    -0.00246094
-0.0400809    0.000914062
-0.0406434    -0.00189844
-0.0417684    -0.00133594
-0.0412059    -0.000773437
-0.0428934    -0.00864844
-0.0428934    -0.00583594
-0.0428934    -0.00639844
-0.0400809    0.00203906
-0.0395184    -0.00246094
-0.0406434    -0.00302344
-0.0299559    -0.00302344
-0.0282684    -0.000773437
-0.0395184    -0.00696094
-0.0299559    -0.00583594
-0.0423309    -0.00246094
-0.0428934    -0.00302344
-0.0434559    -0.00302344
-0.0333309    -0.0131484
-0.0389559    -0.000773437
-0.0367059    -0.00808594
-0.0389559    0.00147656
-0.0434559    -0.00189844
-0.014547     0.00942187
-0.010047     0.00660937
-0.0106095    0.00660937
-0.0117345    0.00717188
-0.010047     0.00323437
-0.0218595    -0.000703125
-0.0229845    0.00660937
-0.023547     0.00942187
-0.024672     0.00773437
-0.022422     0.00435938
-0.0173595    0.0122344
-0.022422     0.00717188
-0.0184845    0.0122344
-0.025797     0.00717188
-0.0263595    0.00660937
-0.0372684    0.0201797
-0.0350184    0.0123047
-0.0327684    0.0179297
-0.0378309    0.0123047
-0.0327684    0.0179297
-0.0417684    0.0179297
-0.0412059    0.0184922
-0.0367059    0.00724219
-0.0310809    0.0123047
-0.0333309    0.0111797
-0.0327684    0.00724219
-0.0333309    0.0207422
-0.0372684    0.0145547
-0.0299559    0.0145547
-0.0372684    0.00780469
-0.0367059    0.00836719
-0.0196095    0.019125
-0.015672     0.0208125
-0.013422     0.0253125
-0.0173595    0.0253125
-0.024672     0.023625
-0.0252345    0.0230625
-0.0162345    0.016875
-0.0173595    0.0174375
-0.016797     0.0241875
-0.0207345    0.019125
-0.0184845    0.0225
-0.0207345    0.0185625
-0.0117345    0.0309375
-0.0151095    0.0286875
-0.020172     0.0174375
-0.0327684    0.0293203
-0.0338934    0.0298828
-0.0305184    0.0326953
-0.0316434    0.0321328
-0.0162345    0.0428906
-0.0139845    0.0434531
-0.0173595    0.0428906
-0.0151095    0.0428906
-0.017922     0.0428906
-0.023547     0.0395156
-0.0106095    0.0445781
-0.0151095    0.0440156
-0.014547     0.0445781
-0.0196095    0.0672187
-0.017922     0.0677813
-0.020172     0.0677813
-0.0252345    0.0694687
0.00648675    -0.102727
0.00536175    -0.106102
0.00423675    -0.108352
0.0179581     -0.0704531
0.0207706     -0.0777656
0.0190831     -0.0749531
-0.00813825   -0.0630703
-0.00532575   -0.0613828
-0.000825741  -0.0686953
-0.00251325   -0.0692578
-0.00588825   -0.0681328
0.00142426    -0.0692578
0.00311175    -0.0698203
0.00704925    -0.0692578
-0.00138824   -0.0619453
-0.00195074   -0.0619453
-0.00420075   -0.0625078
-0.000263241  -0.0647578
0.0190831     -0.064125
0.0179581     -0.0489375
0.0168331     -0.057375
0.0157081     -0.0556875
-0.00476325   -0.0494297
-0.00532575   -0.0426797
-0.000263241  -0.0409922
-0.00138824   -0.0415547
-0.00307575   -0.0421172
-0.00645075   -0.0438047
-0.00476325   -0.0432422
0.00423675    -0.0421172
0.00648675    -0.0404297
-0.000263241  -0.0443672
0.00536175    -0.0421172
0.00479925    -0.0432422
0.000861759   -0.0432422
0.000861759   -0.0426797
-0.000825741  -0.0443672
0.00198676    -0.0387422
0.00142426    -0.0409922
-0.00813825   -0.0454922
0.00198676    -0.0404297
0.00142426    -0.0426797
-0.000263241  -0.0438047
0.00536175    -0.0404297
0.0140206     -0.0291094
0.0106456     -0.0330469
0.0168331     -0.0291094
0.0190831     -0.0392344
0.0168331     -0.0437344
0.0196456     -0.0397969
0.0173956     -0.0437344
0.023583      -0.0324844
0.023583      -0.0347344
0.024708      -0.0319219
0.0134581     -0.0307969
0.0134581     -0.0313594
0.024708      -0.0392344
0.0179581     -0.0313594
0.0173956     -0.0319219
0.0112081     -0.0364219
0.0128956     -0.0352969
0.0140206     -0.0352969
0.0230206     -0.0291094
0.0241455     -0.0296719
0.0128956     -0.0296719
0.0106456     -0.0347344
0.0112081     -0.0336094
0.000299259   -0.0177891
-0.00588825   -0.0189141
-0.00138824   -0.0189141
-0.00645075   -0.0312891
0.00704925    -0.0234141
-0.00138824   -0.0301641
-0.00420075   -0.0256641
-0.00757575   -0.0262266
0.00592425    -0.0194766
-0.00532575   -0.0262266
0.00367425    -0.0217266
-0.00757575   -0.0273516
-0.00476325   -0.0222891
-0.00645075   -0.0245391
0.00423675    -0.0279141
0.00761175    -0.0217266
0.00895807    -0.0143438
0.0173956     -0.00759375
0.0185206     -0.00928125
0.0196456     -0.0126562
0.0179581     -0.0227812
0.0123331     -0.0188437
0.0128956     -0.0188437
0.0151456     -0.0205312
0.0190831     -0.0216563
0.00952057    -0.0165937
0.0207706     -0.0227812
0.0100831     -0.0149062
0.0128956     -0.00928125
0.0145831     -0.00871875
0.0196456     -0.0205312
0.0207706     -0.0154687
0.0202081     -0.00984375
0.0213331     -0.0188437
0.0196456     -0.00984375
0.0218956     -0.0194062
0.0202081     -0.0109687
0.0173956     -0.00815625
0.0162706     -0.0199688
0.0168331     -0.0210937
0.0162706     -0.00815625
0.0202081     -0.0227812
0.0117706     -0.0137812
0.0106456     -0.0154687
0.0112081     -0.0149062
0.0157081     -0.0132187
-0.00420075   -0.0120234
-0.00532575   -0.00864844
-0.00532575   -0.00302344
0.00479925    0.000914062
-0.000263241  -0.0137109
0.000861759   -0.0120234
0.0207706     -0.000140625
0.0213331     0.000421875
0.0224581     0.000984375
0.0241455     0.00435938
0.0230206     0.00267187
0.0117706     0.00829687
0.0168331     -0.000703125
0.0134581     0.00717188
0.0151456     0.00267187
0.0151456     -0.000703125
0.0128956     0.00717188
0.0145831     0.000421875
0.0134581     0.00998438
0.0162706     0.00379687
0.0162706     0.00492188
0.0162706     -0.00126563
0.0168331     0.00942187
0.0185206     -0.00295313
0.0168331     0.00154687
0.0134581     0.00604688
0.0123331     0.000984375
0.0117706     0.00323437
0.0123331     0.00323437
0.023583      0.00492188
0.0168331     0.0127969
0.0207706     0.0111094
0.0179581     0.000421875
0.0179581     -0.000140625
0.0173956     0.00267187
0.0168331     0.0105469
0.0117706     0.00379687
0.0134581     0.00210938
0.00479925    0.0151172
0.00367425    0.0156797
-0.000263241  0.0224297
-0.000263241  0.0156797
-0.00195074   0.0162422
-0.00813825   0.0179297
0.000861759   0.0156797
0.00592425    0.00892969
-0.00138824   0.0139922
-0.00813825   0.0162422
-0.00757575   0.0168047
-0.000825741  0.0184922
-0.00645075   0.0179297
0.00761175    0.0190547
0.000861759   0.0218672
-0.00476325   0.0151172
0.00142426    0.0224297
0.00536175    0.0201797
-0.000825741  0.00949219
0.00198676    0.0162422
0.00142426    0.0179297
0.00648675    0.0100547
0.0168331     0.0331875
0.0179581     0.0315
0.0196456     0.030375
0.0185206     0.0315
0.0218956     0.02475
0.023583      0.030375
0.0241455     0.0309375
0.024708      0.030375
0.0162706     0.0286875
0.0190831     0.0298125
0.0157081     0.02925
0.0134581     0.019125
0.0100831     0.0264375
-0.00757575   0.0355078
0.00367425    0.0298828
0.00479925    0.0298828
0.00311175    0.0360703
0.000299259   0.0355078
-0.00476325   0.0338203
0.00367425    0.0366328
-0.00251325   0.0366328
0.00592425    0.0360703
0.00198676    0.0304453
0.0213331     0.0530156
0.00704925    0.0575859
0.00198676    0.0519609
0.00311175    0.0508359
0.00254925    0.0513984
0.000861759   0.0547734
-0.00588825   0.0620859
0.00198676    0.0525234
0.00198676    0.0542109
0.0185206     0.0711563
0.0140206     0.0717187
0.0185206     0.0700313
-0.00476325   0.0746016
-0.00420075   0.0717891
-0.00645075   0.0921797
-0.00532575   0.0983672
0.0532755     -0.0902812
0.0521505     -0.0902812
0.054963      -0.0891562
0.0555255     -0.0891562
0.0566505     -0.0891562
0.0577755     -0.0897187
0.0328043     -0.0885234
0.0401168     -0.0918984
0.0277418     -0.0499922
0.053838      -0.0336094
0.050463      -0.0324844
0.059463      -0.0358594
0.0532755     -0.0324844
0.054963      -0.0330469
0.0356168     -0.0211641
0.0333668     -0.0189141
0.0361793     -0.0234141
0.0401168     -0.0318516
0.0395543     -0.0318516
0.0395543     -0.0267891
0.0378668     -0.0279141
0.0294293     -0.0301641
0.054963      -0.00759375
0.0589005     -0.00871875
0.050463      -0.0177187
0.054963      -0.00928125
0.0429293     -0.00414844
0.0344918     0.00260156
0.0373043     -0.00133594
0.0395543     -0.00358594
0.0322418     -0.0125859
0.0271793     -0.00302344
0.0277418     -0.000773437
0.056088      -0.00239062
0.056088      0.00379687
0.0378668     0.0196172
0.0333668     0.0117422
0.0333668     0.0123047
0.0294293     0.00949219
0.0356168     0.0100547
0.0344918     0.0151172
0.0532755     0.028125
0.057213      0.0286875
0.050463      0.02025
0.0389918     0.0428203
0.0344918     0.0400078
0.0311168     0.0343828
0.0350543     0.0411328
0.0283043     0.0315703
0.0316793     0.0315703
0.0378668     0.0298828
0.0277418     0.0321328
0.057213      0.0485156
0.050463      0.0490781
0.045963      0.0479531
0.049338      0.0490781
0.048213      0.0434531
0.047088      0.0440156
0.0378668     0.0564609
0.0361793     0.0553359
0.0401168     0.0558984
0.0373043     0.0592734
0.0476505     0.0649687
0.045963      0.0638437
0.0510255     0.0689063
0.0389918     0.0729141
0.053838      0.0831094
0.053838      0.0887344
0.054963      0.0876094
0.0532755     0.0937969
0.047088      0.0859219
0.0454005     0.0842344
0.0316793     0.0927422
0.049338      0.102375
0.0465255     0.106313
0.0344918     0.114258
0.0401168     0.112008
0.0653095     -0.0828984
0.0743095     -0.0596953
0.0698095     -0.0443672
0.065872      -0.0387422
0.0686845     -0.0324141
0.078247      -0.0279141
0.073747      -0.0301641
0.0765595     0.00147656
0.065872      -0.00639844
0.070372      -0.00527344
0.0776845     0.0366328
0.0743095     0.0411328
0.0754345     0.0400078
0.070372      0.0371953
