  12532.3975  2.7074557E+09
  0.000109811565  0.00759202718  0.000523343776  0.0192841141  0.00295388197
  1.00268565E-06  0.152083247
  0.000219623131  0.0155088601  0.00129046606  0.0424864675  0.00669244148
  1.70184364E-06  0.196290924
  0.000375471103  0.0231090086  0.00259071811  0.0611283478  0.0104956229
  2.11972066E-06  0.227134988
  0.000571409605  0.0307189709  0.00440987114  0.0824050083  0.014692261
  2.56989013E-06  0.24850881
  0.00108200624  0.0384683699  0.00673594742  0.105436374  0.0191013988
  2.99998066E-06  0.268923239
  0.00210550309  0.0462182468  0.00984243586  0.127014861  0.0236615016
  3.42863114E-06  0.286825813
  0.00344647768  0.0541556626  0.0136562837  0.150282813  0.0287624999
  3.86362311E-06  0.303579823
  0.00512796095  0.0623642  0.018525994  0.171390991  0.0338926867
  4.3043766E-06  0.318663395
  0.00730410562  0.0708920585  0.0245659929  0.192990864  0.0391350916
  4.7651497E-06  0.332477391
  0.0101239446  0.0792837437  0.0319051277  0.21422688  0.0447217135
  5.24523177E-06  0.346012713
  0.0136454743  0.0880562902  0.0405214862  0.235379855  0.0505266637
  5.761512E-06  0.359109817
  0.01807271  0.0971715094  0.0504998305  0.256557794  0.0568446211
  6.29410757E-06  0.37259285
  0.0235245748  0.106278402  0.0625466573  0.277151364  0.0630758756
  6.86049176E-06  0.385128565
  0.0300916221  0.115845091  0.0775848151  0.29716879  0.0703085147
  7.46587094E-06  0.397152144
  0.0379479247  0.125810899  0.0956253399  0.318609318  0.0772938807
  8.12172241E-06  0.409401586
  0.0474392502  0.135878968  0.117384052  0.33984887  0.0842985554
  8.81355487E-06  0.420854753
  0.0591594116  0.146161767  0.143404533  0.360550415  0.0915785686
  9.54012242E-06  0.432470786
  0.0734601329  0.156331249  0.176407348  0.381112342  0.0992783496
  1.03143589E-05  0.443260659
  0.0911551363  0.166979315  0.216434714  0.401372865  0.107357839
  1.11611442E-05  0.454529467
  0.112653704  0.177590939  0.266566799  0.422750897  0.115871897
  1.20895081E-05  0.465418902
  0.140103515  0.188455937  0.327113163  0.445104155  0.124760529
  1.30865263E-05  0.476761073
  0.174792636  0.200024069  0.397452797  0.46728228  0.133998229
  1.41583297E-05  0.487117177
  0.219907077  0.212362393  0.473107578  0.49006131  0.143574928
  1.53311959E-05  0.498130995
  0.277634472  0.224920468  0.550443642  0.512284741  0.153342825
  1.66504246E-05  0.508446366
  0.35035982  0.236595599  0.624100465  0.534456776  0.163184318
  1.81195679E-05  0.519361943
  0.438084789  0.242507927  0.689892248  0.556556507  0.173576746
  1.97491314E-05  0.531049843
  0.534833299  0.248373332  0.746541872  0.578957907  0.18487327
  2.15726251E-05  0.542595268
  0.628961039  0.254526686  0.793595915  0.601809906  0.197019874
  2.3644134E-05  0.554475018
  0.709149292  0.260712821  0.832049269  0.624549865  0.209296722
  2.59695718E-05  0.566115458
  0.77243271  0.267170994  0.863189402  0.64484235  0.221520803  2.86003882E-05
  0.577184726
  0.819534071  0.273695076  0.888244448  0.664616896  0.234219977
  3.16538971E-05  0.587896895
  0.855563739  0.285919351  0.908958432  0.684151726  0.244455986
  3.52443218E-05  0.59884013
  0.883399189  0.300431356  0.926179194  0.704964462  0.25127654
  3.95027097E-05  0.606461974
  0.906116684  0.315788274  0.940538547  0.714581206  0.258269655
  4.4578826E-05  0.612161198
  0.924073599  0.332599954  0.952278741  0.72419795  0.265579803
  5.03918458E-05  0.617679759
  0.938658935  0.350701465  0.962069698  0.733655952  0.27293205
  5.72306164E-05  0.623079671
  0.95053024  0.369529031  0.970252087  0.743113782  0.280388053
  6.59073096E-05  0.628511116
  0.960458757  0.389420005  0.977119079  0.752317483  0.290240011
  7.75626507E-05  0.633968315
  0.968634354  0.410123396  0.982724739  0.761511354  0.307904006
  9.33868225E-05  0.642224455
  0.975300234  0.431851153  0.987086823  0.78119123  0.327314766
  0.000114958772  0.654198943
  0.98092152  0.453813867  0.990488103  0.802388232  0.349160102
  0.000147559758  0.667151769
  0.985563254  0.477715092  0.993237289  0.824066352  0.373492694
  0.000198957558  0.681548159
  0.989363311  0.504297695  0.995440053  0.844952223  0.399685114
  0.000293521676  0.696897884
  0.992366583  0.534705019  0.997236092  0.865435399  0.428545114
  0.000427273231  0.713677233
  0.994890515  0.570157995  0.99849555  0.885872225  0.461530604
  0.000536757614  0.731905506
  0.996795855  0.610752225  0.999154723  0.907949494  0.500703219
  0.00085097121  0.752616854
  0.998239928  0.656676479  0.999441409  0.930861129  0.549773472
  0.00180265474  0.775123609
  0.999179803  0.71301928  0.999674739  0.954159707  0.616457576  0.132818745
  0.802639109
  0.999733268  0.805541355  0.999837369  0.976556473  0.744408559  0.566409373
  0.858224722
  1.  1.  1.  1.  1.  1.  1.
