  3044.51703  1.552687E+09
  0.00139990546  0.00801231349  0.00278449302  0.0204167991  0.00171085029
  5.78389687E-07  0.134108543
  0.00352856435  0.0167662176  0.00621059072  0.0400381718  0.00389234646
  9.66766081E-07  0.191355728
  0.00773316863  0.0259998913  0.0113797194  0.0616511594  0.00637108849
  1.18643886E-06  0.216876152
  0.013256825  0.0352806561  0.0174939513  0.080924163  0.0091300111
  1.41755051E-06  0.240952747
  0.0206774707  0.0447531966  0.0246774611  0.101500199  0.0121401063
  1.63063166E-06  0.259035623
  0.0296848751  0.0543858963  0.033500623  0.120565279  0.0153424944
  1.83822245E-06  0.277204312
  0.0403931652  0.0641991606  0.0436530641  0.141524964  0.0188744516
  2.04599531E-06  0.291705248
  0.053108418  0.0747538243  0.0554150559  0.160246961  0.0225674851
  2.25776465E-06  0.306586764
  0.0675566003  0.0850108932  0.0686180999  0.179943516  0.0264094956
  2.47140016E-06  0.321016552
  0.0839231916  0.0957798728  0.0833221736  0.199651793  0.0305924543
  2.6894418E-06  0.334403062
  0.102096701  0.10663671  0.10005671  0.219723396  0.0346506286
  2.91371154E-06  0.347413937
  0.121747566  0.117205433  0.118575526  0.240830633  0.0391379598
  3.14545699E-06  0.359035714
  0.143357422  0.128829608  0.138689284  0.260852461  0.0437872014
  3.38599347E-06  0.370988746
  0.166324316  0.139439601  0.160815367  0.281188164  0.0487044068
  3.63626301E-06  0.382606082
  0.191414809  0.150729655  0.184074931  0.301510166  0.0541379386
  3.89633147E-06  0.394211494
  0.217672038  0.16252196  0.209367884  0.321313589  0.0593450908
  4.16911019E-06  0.405987129
  0.245814155  0.173886956  0.236923947  0.341760067  0.0650628302
  4.4542943E-06  0.416971913
  0.274874775  0.186899898  0.266056926  0.361574451  0.0710627314
  4.75409908E-06  0.42785857
  0.305023397  0.197782963  0.296405548  0.381083283  0.0772649778
  5.07158004E-06  0.438645523
  0.336109886  0.21091182  0.32803335  0.400609455  0.0838478178
  5.40862361E-06  0.449329635
  0.368240165  0.223214538  0.360875944  0.420542421  0.0906532418
  5.76871918E-06  0.459761747
  0.40108203  0.236286631  0.394641042  0.440413316  0.0980908123
  6.15052201E-06  0.470096161
  0.434299584  0.250147444  0.42902938  0.460560908  0.105835649
  6.55931027E-06  0.480404971
  0.467731593  0.263048491  0.463739759  0.480424207  0.113750938
  6.99938723E-06  0.490879911
  0.501373037  0.276653123  0.498959542  0.500594061  0.122097709
  7.47343266E-06  0.501337999
  0.535165038  0.290367657  0.534410239  0.520593602  0.130822023
  7.98741609E-06  0.511742068
  0.569062762  0.30481344  0.569755101  0.540951619  0.139949199
  8.54884999E-06  0.52210491
  0.602217258  0.319620668  0.604482919  0.561181629  0.149654627
  9.16645072E-06  0.532761377
  0.634601865  0.334673973  0.638507566  0.581101769  0.159728961
  9.84600084E-06  0.543399075
  0.666103408  0.350662337  0.671684732  0.600731927  0.170337307
  1.05879113E-05  0.553969891
  0.696904649  0.366501721  0.703582957  0.620265948  0.181532281
  1.14061554E-05  0.564530854
  0.726846435  0.383056123  0.734288223  0.64009858  0.193238806  1.2311732E-05
  0.57545002
  0.755831003  0.399738683  0.763365314  0.659241431  0.206057765
  1.33250794E-05  0.586477265
  0.783629968  0.416932735  0.791061478  0.679309278  0.219712851
  1.44704289E-05  0.597477145
  0.80996318  0.434898322  0.816617746  0.699273384  0.2332235  1.57651177E-05
  0.60839393
  0.834808433  0.453527576  0.840387008  0.719592187  0.248834561
  1.72516253E-05  0.61908198
  0.858434014  0.472904098  0.862322821  0.740509231  0.264803386
  1.89663562E-05  0.630630334
  0.879675499  0.49280151  0.882493073  0.760496176  0.282099526
  2.09580133E-05  0.642911761
  0.899495078  0.513657358  0.900966575  0.780885986  0.301551282
  2.33105608E-05  0.655260017
  0.917582257  0.535600254  0.917476617  0.801070554  0.321014789
  2.61399367E-05  0.668614343
  0.933404624  0.558659773  0.932287  0.821404599  0.342323327  2.96345038E-05
  0.681636179
  0.947534553  0.582183052  0.945442636  0.841612426  0.365184609
  3.40712369E-05  0.69567874
  0.96013757  0.607878877  0.957124348  0.861605517  0.390719163
  3.97528006E-05  0.710429305
  0.970786565  0.635043982  0.967217139  0.881537235  0.420164476
  4.73110159E-05  0.726233283
  0.979905899  0.666819334  0.975842887  0.901259985  0.455116224
  5.75779966E-05  0.743742267
  0.987218767  0.699814377  0.983141128  0.920762378  0.496427989
  7.55061336E-05  0.763849935
  0.992667467  0.73989139  0.989021158  0.940201837  0.549357041
  0.000102644737  0.787586552
  0.996763667  0.781648669  0.993914685  0.959607383  0.605357181
  0.000163466929  0.810503724
  0.998732134  0.861529675  0.997379108  0.979651087  0.730933209
  0.000519383731  0.872325437
  1.  1.  1.  1.  1.  1.  1.
