  93164.9225  9.79408026E+09
  0.000778895813  0.011176012  0.00103576928  0.0220686892  0.00293640798
  9.05513683E-07  0.120658276
  0.00128519341  0.0213055948  0.00268905848  0.0451682227  0.00629977043
  1.50372269E-06  0.196762994
  0.00153451214  0.0314863028  0.00491006396  0.0691217102  0.0101314131
  1.89910321E-06  0.22413351
  0.00178383086  0.0418545053  0.00786708345  0.0934450028  0.0141878932
  2.31125194E-06  0.251870618
  0.00204111342  0.052338688  0.0115527748  0.117103154  0.0183519414
  2.70786051E-06  0.27156767
  0.00235355689  0.0629651913  0.016499301  0.137503177  0.0224311307
  3.1027699E-06  0.288181772
  0.00266600035  0.0734730724  0.0227321768  0.15880152  0.0268085398
  3.51415333E-06  0.304191803
  0.00297844382  0.0833521924  0.0301779998  0.181716884  0.0315108085
  3.94968815E-06  0.321299816
  0.00336305025  0.0935693026  0.0391470692  0.206585518  0.0369117508
  4.4106947E-06  0.337136038
  0.00377150109  0.104443457  0.0501537635  0.231481534  0.0420090314
  4.88576032E-06  0.352114303
  0.00417995194  0.116076765  0.0633332671  0.255521079  0.047511366
  5.38889262E-06  0.366777795
  0.00553502892  0.128080672  0.0790741661  0.279826932  0.0528341677
  5.92994414E-06  0.372719332
  0.00922395007  0.140257422  0.0978487986  0.303868809  0.0585449554
  6.50572169E-06  0.376404007
  0.0142316389  0.152804957  0.12000837  0.327795738  0.0643371155
  7.1204211E-06  0.380088683
  0.0206192868  0.165637321  0.14657709  0.351517489  0.071561728
  7.77981442E-06  0.383751569
  0.0287988784  0.178934636  0.178138038  0.375683302  0.0792398149
  8.50102488E-06  0.387373615
  0.0388185363  0.192743868  0.215363336  0.400024264  0.0870351909
  9.29902347E-06  0.390995661
  0.0506630427  0.197221737  0.259756698  0.422537156  0.0951785045
  1.01795201E-05  0.394617707
  0.0646572466  0.200682209  0.31434447  0.443002123  0.103635036
  1.11391566E-05  0.398004008
  0.0812799821  0.20414268  0.37842054  0.463718146  0.112623286
  1.21718725E-05  0.40136713
  0.101333272  0.207611078  0.44960002  0.486239502  0.122158544
  1.33069304E-05  0.404730251
  0.125929347  0.21108839  0.523720429  0.510472696  0.132624848
  1.45684891E-05  0.412756199
  0.155376968  0.214565703  0.595677587  0.534022772  0.143480458
  1.59791097E-05  0.425910382
  0.190629534  0.218046265  0.662183793  0.558154987  0.155111978
  1.75816883E-05  0.437505262
  0.232960131  0.221609718  0.719979921  0.581535478  0.167227192
  1.93983111E-05  0.448585747
  0.284203351  0.225173171  0.769513693  0.600159533  0.180253831
  2.14651737E-05  0.458678252
  0.346212135  0.228736624  0.810312201  0.606249159  0.183628636
  2.38521812E-05  0.470757368
  0.416230065  0.238941603  0.844094395  0.612338785  0.186939879
  2.66237806E-05  0.482833326
  0.492199281  0.253727573  0.87248554  0.618428412  0.190251122
  2.98492763E-05  0.495225287
  0.569601997  0.268698475  0.896278523  0.624494633  0.19366758
  3.36921968E-05  0.507687345
  0.641477757  0.284618551  0.916132401  0.630552217  0.197169332
  3.84965658E-05  0.520133259
  0.704900274  0.301252967  0.932826719  0.6366098  0.200671085  4.43395845E-05
  0.53286193
  0.758568086  0.318858766  0.946600899  0.642689608  0.204195874
  5.15936906E-05  0.545910206
  0.803161942  0.337122631  0.958061619  0.648839015  0.207899358
  6.0795712E-05  0.559061712
  0.839500858  0.355874957  0.967961983  0.654988422  0.211602842
  7.27888248E-05  0.57193925
  0.869534952  0.375459909  0.976145976  0.661137829  0.215306326
  8.84688727E-05  0.584924569
  0.894135933  0.396168951  0.982732005  0.681338826  0.227188875
  0.000110256828  0.598308805
  0.914889071  0.417925351  0.987957229  0.706632584  0.24401607
  0.000142298189  0.61200167
  0.932245884  0.440411683  0.992126143  0.731881754  0.261198854
  0.000199197116  0.624929511
  0.946725452  0.463881164  0.995268345  0.756758979  0.280119071
  0.000263486242  0.638343193
  0.958864317  0.489307838  0.997545399  0.781390858  0.30037527
  0.000292317612  0.652418219
  0.968900021  0.517035368  0.998784217  0.806196143  0.323565611
  0.000321148983  0.667892296
  0.977109937  0.547379883  0.998978061  0.831279056  0.349285924
  0.000349980353  0.684180647
  0.98386195  0.578924035  0.999171906  0.854705873  0.379060522  0.00828543053
  0.701990213
  0.989030769  0.607348253  0.99936575  0.878379071  0.413831361  0.0165525971
  0.720537306
  0.992865937  0.638610144  0.99951897  0.902486313  0.454038162  0.0248197637
  0.74118612
  0.995705626  0.67801303  0.999639227  0.926584897  0.503928523  0.0752132651
  0.76571404
  0.997818948  0.732879904  0.999759485  0.951256961  0.568618426  0.166402969
  0.795271508
  0.999209758  0.826749594  0.999879742  0.974380378  0.694531673  0.257592674
  0.84450963
  1.  1.  1.  1.  1.  1.  1.
