  4994.46488  1.10701819E+09
  0.000283931585  0.00848383713  0.000593741661  0.0200712907  0.00232989244
  8.37490007E-07  0.128378645
  0.000647132213  0.0167717928  0.00144695841  0.0412759849  0.00527613217
  1.42218174E-06  0.191526575
  0.00125639483  0.0244071876  0.00263934865  0.0610119758  0.00850279591
  1.75892813E-06  0.215725495
  0.00214963251  0.0323880412  0.00406806211  0.0820148537  0.0120741812
  2.10577215E-06  0.238912062
  0.00350098384  0.0405460046  0.00619147298  0.103077246  0.015761037
  2.43647393E-06  0.258796023
  0.00531666741  0.0488789328  0.00867720423  0.123614982  0.0195997841
  2.75918398E-06  0.275447272
  0.00772268661  0.0574702534  0.0125103083  0.143342903  0.0236871883
  3.08689172E-06  0.290595908
  0.0108883541  0.0661261849  0.0177864392  0.162438321  0.0279841586
  3.42228963E-06  0.30510773
  0.0149761093  0.0748237682  0.0243188637  0.181936133  0.0325274708
  3.76785451E-06  0.318982892
  0.0203304338  0.0835517552  0.0326481504  0.201765702  0.0373077427
  4.12276427E-06  0.332815351
  0.0270941186  0.0924343569  0.0431473751  0.221392998  0.0422859514
  4.49020244E-06  0.345779968
  0.0356572522  0.101629734  0.0557409425  0.241006792  0.0474770182
  4.87250356E-06  0.358305545
  0.0462002392  0.110854231  0.070924971  0.260629819  0.0528255333
  5.27735224E-06  0.370460104
  0.0591119762  0.119934868  0.0886083045  0.280333805  0.0585182902
  5.69928684E-06  0.382156773
  0.0748086251  0.1287028  0.109409737  0.30047997  0.0644982689
  6.14016216E-06  0.393719952
  0.0938938837  0.138785272  0.133081598  0.320379383  0.0707027577
  6.60628098E-06  0.405297726
  0.117016532  0.148443659  0.160161604  0.340658301  0.0770968812
  7.10498507E-06  0.415720688
  0.145015099  0.159295796  0.190753561  0.361333506  0.0836240842
  7.63775822E-06  0.426218154
  0.178420423  0.169967863  0.225242584  0.382272981  0.0904683021
  8.20360802E-06  0.436182694
  0.218367797  0.180794409  0.263176735  0.402766555  0.0973859477
  8.80753214E-06  0.44679571
  0.264994525  0.19264465  0.304348344  0.422695415  0.10482507  9.45888107E-06
  0.458112838
  0.318142131  0.204049557  0.348816589  0.442767883  0.112163193
  1.01704038E-05  0.46868067
  0.376828507  0.21425134  0.396332763  0.462792121  0.11992945  1.09436294E-05
  0.479397202
  0.440313103  0.225606557  0.445899032  0.484627938  0.127867567
  1.17878472E-05  0.489845346
  0.505793115  0.236395496  0.496512551  0.505183347  0.136585248
  1.27035776E-05  0.50043443
  0.571061121  0.248357547  0.546987695  0.523733775  0.145299487
  1.37050447E-05  0.510962455
  0.633164321  0.261779719  0.596997619  0.54293584  0.154413797
  1.48109841E-05  0.521449055
  0.69157613  0.275493272  0.644784986  0.560969383  0.163773926
  1.60121555E-05  0.531849893
  0.744164968  0.289408488  0.690299155  0.580251939  0.173776643
  1.73568465E-05  0.542437585
  0.789483626  0.303659421  0.732528018  0.601982667  0.185384564
  1.88262713E-05  0.55326713
  0.827923017  0.318461965  0.771233429  0.621827881  0.196896444
  2.04716794E-05  0.564126046
  0.860386833  0.334191257  0.80609106  0.642243519  0.208785865  2.2308365E-05
  0.575068412
  0.88776681  0.350453599  0.837351806  0.662905621  0.221503194
  2.43854068E-05  0.58596234
  0.91036255  0.367229554  0.864798366  0.682207458  0.232391159
  2.67749357E-05  0.597192906
  0.928611587  0.38462488  0.888662751  0.701775905  0.245085428
  2.95378465E-05  0.608701536
  0.943747039  0.403230651  0.909369545  0.72081808  0.258513727
  3.27293666E-05  0.620473813
  0.956114465  0.422596713  0.927313668  0.740750921  0.273195367
  3.64631447E-05  0.632279403
  0.966287781  0.442610126  0.942817512  0.760306054  0.290687464
  4.08934663E-05  0.644333965
  0.974501305  0.463275186  0.955590563  0.779068105  0.308951866
  4.62627171E-05  0.656729345
  0.9810231  0.485151473  0.966016401  0.797847722  0.328162589  5.28748029E-05
  0.669605106
  0.986095837  0.508584963  0.974361142  0.817288482  0.349350939
  6.11034139E-05  0.682913592
  0.990084381  0.533231  0.981007056  0.836532918  0.37297003  7.16273159E-05
  0.695338292
  0.993144957  0.560112041  0.986275263  0.856667257  0.398433104
  8.55293596E-05  0.709567721
  0.995448989  0.588712337  0.990437785  0.876579622  0.426969407
  0.000104095732  0.724939536
  0.997030943  0.620764289  0.993656026  0.896349436  0.458985045
  0.000129186891  0.740007329
  0.998276829  0.655730534  0.995893708  0.916658068  0.497674742
  0.000165157776  0.761461766
  0.998988293  0.700126159  0.997483092  0.936626164  0.54505915
  0.000224489989  0.784370837
  0.999467727  0.744896084  0.998612483  0.958821253  0.59792007  0.0003400437
  0.808451915
  0.999782417  0.838859784  0.999397825  0.978532215  0.72490991
  0.000533177604  0.871560037
  1.  1.  1.  1.  1.  1.  1.
