  1931.677  1.52609578E+09
  0.000269465827  0.0127884367  0.000456484953  0.0239314038  0.00159098121
  5.15579122E-07  0.132354171
  0.000644192043  0.0256935005  0.000931800761  0.0472371565  0.00344898966
  8.64972144E-07  0.193026866
  0.00124278446  0.0372783032  0.00160296059  0.0699732007  0.00578884821
  1.09364877E-06  0.219572305
  0.00214882606  0.0487844345  0.00250495143  0.0915795602  0.00827606106
  1.33498967E-06  0.243527498
  0.00346993883  0.0600216785  0.00394514987  0.111059579  0.011078962
  1.57174936E-06  0.263662657
  0.00541718636  0.071030528  0.00624092288  0.131411465  0.0140536986
  1.81092717E-06  0.281390998
  0.00824162409  0.0824196683  0.00948039059  0.150862777  0.0173754977
  2.05346636E-06  0.297510469
  0.012223582  0.0939831799  0.0140781748  0.17027933  0.0209265078
  2.30650131E-06  0.312742141
  0.0177337061  0.105783847  0.0204538016  0.189665011  0.0245000134
  2.57525361E-06  0.327393296
  0.0252140872  0.117516467  0.0290756687  0.208214667  0.0280502988
  2.86065675E-06  0.340926979
  0.0351434196  0.129321471  0.0402893788  0.226785885  0.0309494936
  3.16111214E-06  0.353619507
  0.047867258  0.141667704  0.054131566  0.245556968  0.0340992624
  3.47730319E-06  0.365908157
  0.0636212206  0.154001245  0.0708948684  0.26467923  0.0374018552
  3.81434206E-06  0.377931256
  0.0828895062  0.166507711  0.090378646  0.28407668  0.0412450055
  4.17767893E-06  0.390146242
  0.106045031  0.179039992  0.109185425  0.303926695  0.0459376246
  4.57125984E-06  0.401809085
  0.133128884  0.191732062  0.128878545  0.323410161  0.0508457355
  4.99593835E-06  0.41310887
  0.164014958  0.205241362  0.150089985  0.343277591  0.0559516458
  5.45045616E-06  0.424102757
  0.199186818  0.219226539  0.173385648  0.363623471  0.0613378744
  5.94400762E-06  0.43505151
  0.239303186  0.232991906  0.204846324  0.384785175  0.0670114938
  6.48365778E-06  0.445074662
  0.284171642  0.246124827  0.239239184  0.40694387  0.0729001564
  7.07520456E-06  0.453949057
  0.332992176  0.259396994  0.277057354  0.42923808  0.0789993545
  7.72106419E-06  0.462561767
  0.385405143  0.27381155  0.317877317  0.451910735  0.085268517
  8.42549162E-06  0.471034646
  0.440828657  0.288089898  0.360807359  0.474212319  0.0917918833
  9.19436742E-06  0.481188683
  0.497306006  0.302556184  0.405168427  0.492831713  0.0987534884
  1.0041043E-05  0.491274027
  0.55353846  0.317801892  0.450307744  0.511141377  0.106131101  1.0974566E-05
  0.501732674
  0.607910396  0.332936865  0.495935556  0.529203706  0.113339089
  1.20045202E-05  0.512447901
  0.660275657  0.348805743  0.541823304  0.549166523  0.119855017
  1.31456013E-05  0.523038572
  0.710258755  0.365221689  0.5876786  0.570663102  0.126718636  1.44306312E-05
  0.533504779
  0.75596392  0.381881568  0.632048392  0.592214466  0.13385728  1.58930708E-05
  0.544054749
  0.797181579  0.398177757  0.674434053  0.613559651  0.142658767
  1.75382992E-05  0.554857259
  0.833447518  0.415356513  0.714372244  0.634441411  0.152553999
  1.94137917E-05  0.565945505
  0.865351786  0.432999031  0.752093089  0.654672755  0.16309721
  2.15840028E-05  0.576818919
  0.88900177  0.451143165  0.787415874  0.674282814  0.174544412
  2.40994116E-05  0.585606409
  0.90842277  0.468089175  0.820056887  0.693813715  0.186659477
  2.70179274E-05  0.594384666
  0.925215924  0.482192955  0.849789262  0.710450839  0.199218197
  3.04243761E-05  0.603095174
  0.940147354  0.497102423  0.876418674  0.724720023  0.2126964  3.44896202E-05
  0.612529625
  0.954851854  0.512500595  0.900095275  0.739106797  0.226465075
  3.92651905E-05  0.624401979
  0.966804464  0.531200381  0.920938918  0.753736099  0.240650254
  4.50582617E-05  0.636728271
  0.975985503  0.553135584  0.938993507  0.771866049  0.256009492
  5.21087893E-05  0.648915363
  0.983162307  0.575723575  0.95420759  0.790888856  0.27312164  6.11327453E-05
  0.661016814
  0.988407714  0.599532302  0.966598548  0.810098439  0.29330265
  7.28080086E-05  0.673183316
  0.992127513  0.624541005  0.976309983  0.829590269  0.315207747
  8.81620152E-05  0.687327744
  0.994728877  0.651431835  0.983658759  0.849471911  0.341034427
  0.000108779833  0.702501955
  0.996583925  0.680124058  0.988974445  0.869123861  0.368580049
  0.000140351913  0.718564328
  0.997888288  0.712505376  0.992745467  0.889131447  0.400597579
  0.000191563591  0.737751951
  0.998774645  0.748936407  0.99542643  0.910761581  0.439969152
  0.000264270646  0.755910574
  0.999361586  0.784166308  0.997294364  0.932467252  0.486940034
  0.000348852098  0.782305204
  0.999682994  0.831810943  0.998576174  0.955268895  0.550232465  0.0876944854
  0.804658897
  0.999869916  0.903159682  0.999377103  0.976209391  0.684339309  0.422080512
  0.86655163
  1.  1.  1.  1.  1.  1.  1.
