  5929.67123  2.81499607E+09
  0.000139433265  0.00892636526  0.000631277391  0.0215293322  0.00331702972
  8.82471355E-07  0.148098346
  0.000400326855  0.0151935181  0.00134124051  0.0423650647  0.00713858639
  1.49287659E-06  0.192107774
  0.000849564737  0.0227716522  0.00251268403  0.0632583235  0.0107235202
  1.90660197E-06  0.219244558
  0.00195780073  0.0303517245  0.00431027613  0.0842394234  0.0148283428
  2.27767555E-06  0.239437576
  0.00353290315  0.037038751  0.00690675576  0.105554425  0.0190089106
  2.64132959E-06  0.25840206
  0.00557219685  0.0441595955  0.0100788259  0.127240494  0.0234462698
  3.00666812E-06  0.278094661
  0.00828830398  0.0508974837  0.014102265  0.14559357  0.0285808739
  3.37058285E-06  0.294993541
  0.0118822645  0.0577917444  0.0192900722  0.164051558  0.0332805395
  3.74585287E-06  0.309641793
  0.0163138046  0.0657534188  0.0258475839  0.182680963  0.0379163594
  4.12534561E-06  0.32245991
  0.0218388047  0.0739412296  0.0339827807  0.200525194  0.042692932
  4.51484661E-06  0.335008774
  0.0287486893  0.0812127923  0.0440296657  0.221520374  0.0477603088
  4.92416149E-06  0.34828541
  0.0372450867  0.0890874572  0.0558399696  0.241837493  0.053341061
  5.35459032E-06  0.359021386
  0.0473655395  0.0964071219  0.0698897549  0.2613721  0.0598520937
  5.81940144E-06  0.371861104
  0.0595028713  0.104209886  0.0867623291  0.281783527  0.0658960756
  6.31055394E-06  0.383493093
  0.0741977847  0.113807496  0.107205243  0.302629293  0.0716015818
  6.81961764E-06  0.395661537
  0.0920627828  0.123307419  0.131327337  0.322320844  0.0778593472
  7.34990222E-06  0.407744521
  0.113504774  0.133721058  0.159047467  0.340755472  0.0841514546
  7.90932431E-06  0.420452519
  0.138367379  0.142072634  0.191176725  0.359748588  0.0909901223
  8.50992434E-06  0.429394686
  0.168889794  0.150236897  0.2288727  0.377823325  0.0990654853
  9.16383545E-06  0.436600673
  0.204617948  0.159249681  0.271298005  0.398672463  0.107125874
  9.85379064E-06  0.445044156
  0.247343495  0.168177149  0.318728473  0.42061062  0.115506777
  1.06175583E-05  0.454547185
  0.29737159  0.177605238  0.369886322  0.442191761  0.124285166
  1.14492841E-05  0.462795718
  0.353037456  0.190089504  0.425198635  0.463640604  0.133250728
  1.23548222E-05  0.474339016
  0.414775391  0.201592577  0.482425444  0.484789048  0.142620153
  1.33349697E-05  0.484250379
  0.481026666  0.213250451  0.541000277  0.506397284  0.152132603
  1.43876647E-05  0.494502269
  0.54746846  0.225472473  0.597608868  0.527967997  0.161981082
  1.55354486E-05  0.505031341
  0.612608278  0.237901162  0.651277168  0.549130969  0.172286118
  1.68082909E-05  0.515457041
  0.672884068  0.251081657  0.701925079  0.573077119  0.183872079
  1.82136658E-05  0.525578387
  0.726907294  0.264547635  0.748443421  0.591116848  0.193991512
  1.97945692E-05  0.535232555
  0.772683296  0.278448511  0.788907603  0.608007124  0.202707931
  2.15718165E-05  0.544880539
  0.811634459  0.292971737  0.823408361  0.625254698  0.213097293
  2.35573766E-05  0.555517944
  0.844596467  0.308073832  0.852974278  0.639541595  0.223503789
  2.58022229E-05  0.566622274
  0.872424932  0.323830446  0.878641209  0.654018284  0.234047901
  2.83506857E-05  0.577093313
  0.896255608  0.34033273  0.900491704  0.674023715  0.247787767  3.1273686E-05
  0.587494327
  0.915993095  0.35755695  0.91913509  0.694080129  0.262633047  3.46705616E-05
  0.598176882
  0.932687216  0.375463451  0.934940582  0.712754614  0.278159189
  3.86635913E-05  0.609726378
  0.946547006  0.394418225  0.948112974  0.730548084  0.294995286
  4.34529341E-05  0.622232986
  0.957913448  0.414384938  0.959085554  0.749438503  0.312817942
  4.92962875E-05  0.635070321
  0.967316777  0.432654007  0.968028003  0.76937607  0.331850195
  5.67067032E-05  0.647862732
  0.97499502  0.452045482  0.975229921  0.788103273  0.352114237  6.6250104E-05
  0.660960208
  0.981164802  0.476605011  0.981215674  0.811091449  0.37381951
  7.84886305E-05  0.674710989
  0.98602567  0.500163438  0.986288567  0.830676001  0.397816252
  9.40502004E-05  0.688951665
  0.989892171  0.529607529  0.989964329  0.852097388  0.424870111
  0.000111840899  0.703890941
  0.992987176  0.561994712  0.992705396  0.873282341  0.4553133  0.000144082235
  0.719823697
  0.995338021  0.598632245  0.995165246  0.894064436  0.485466212
  0.000203102289  0.736926016
  0.997062491  0.637633482  0.996226815  0.91473563  0.524959901
  0.000309781974  0.756572241
  0.998360359  0.681726351  0.997508337  0.935683012  0.571624912
  0.000381943739  0.779140315
  0.999166175  0.739522117  0.998807738  0.95664505  0.634349156
  0.000746856255  0.809366553
  0.99957591  0.828447334  0.999468526  0.978094457  0.759293123  0.00342578346
  0.871372304
  1.  1.  1.  1.  1.  1.  1.
