  35673.92  8.91568053E+10
  3.31872989E-05  0.0105665624  0.000818868663  0.0314999261  0.00433191277
  1.01603503E-06  0.158351928
  6.63745979E-05  0.0193973391  0.00192809803  0.0621248791  0.00958559164
  1.58778797E-06  0.213080512
  9.95618968E-05  0.0285498281  0.0039618303  0.0926107997  0.0146743397
  2.11751718E-06  0.245942623
  0.000132749196  0.0393149197  0.00750170311  0.119976835  0.0199851564
  2.62748243E-06  0.273280993
  0.000165936495  0.0502661412  0.0128820785  0.145139111  0.0261704888
  3.15273798E-06  0.297485546
  0.000199123794  0.0616540061  0.0207234175  0.172395034  0.0331387043
  3.6999745E-06  0.319526601
  0.000232311093  0.0736938699  0.0318555273  0.202673978  0.0404797696
  4.28198865E-06  0.338266211
  0.000265498391  0.0860102955  0.0456827087  0.232882202  0.0484891652
  4.89719753E-06  0.35596451
  0.00029868569  0.0984035655  0.0635560677  0.263323776  0.0569559968
  5.55761822E-06  0.37465613
  0.000355978965  0.111471892  0.0868527463  0.29350506  0.0658347423
  6.28694202E-06  0.392432683
  0.000419212577  0.125079249  0.116808578  0.322447999  0.0750926878
  7.08710333E-06  0.409469715
  0.00048244619  0.126614521  0.153525705  0.351542903  0.0850116032
  7.97666073E-06  0.426078826
  0.000545679802  0.128149792  0.196221408  0.382320777  0.0956614246
  8.95811279E-06  0.442433025
  0.000608913414  0.129685063  0.246486846  0.41261452  0.106861038
  1.00550677E-05  0.456117469
  0.000672147026  0.131220334  0.303141339  0.443571126  0.11863729
  1.12648954E-05  0.469100973
  0.000735380638  0.132755605  0.36576016  0.47456154  0.126704487
  1.26505461E-05  0.483243802
  0.00166347367  0.134290876  0.431400544  0.504760127  0.128094917
  1.42491748E-05  0.498883574
  0.00362134741  0.135831801  0.498221406  0.535821127  0.129485346
  1.60902226E-05  0.514567196
  0.00685691325  0.137374031  0.565665537  0.567241118  0.130875776
  1.81739665E-05  0.530454122
  0.0121902659  0.13891626  0.631237062  0.597777491  0.132266206
  2.06757843E-05  0.546536893
  0.0198202668  0.14045849  0.693106177  0.628452971  0.133656635
  2.35726453E-05  0.562701652
  0.030828051  0.14200072  0.750145837  0.658527377  0.135057571
  2.71297426E-05  0.57940391
  0.046606256  0.14354295  0.800365959  0.68160437  0.136499617  3.1411742E-05
  0.596243525
  0.067361769  0.145104698  0.844271745  0.684514651  0.137941662
  3.67100339E-05  0.613390319
  0.0958352169  0.14667828  0.880651541  0.687424931  0.139383708
  4.35348268E-05  0.631728694
  0.132268672  0.148251861  0.911371344  0.690335212  0.140825753
  5.23787184E-05  0.650175322
  0.177386348  0.149825443  0.936100369  0.693245493  0.142267799
  6.42085657E-05  0.669360818
  0.230823429  0.151399025  0.955084904  0.696155774  0.1437102  8.10457402E-05
  0.689996325
  0.290887941  0.152972606  0.96927997  0.6990752  0.145188463  0.000106435677
  0.712902241
  0.356619273  0.160418333  0.979681522  0.702264016  0.146666726
  0.000149336269  0.73684596
  0.428333133  0.175735204  0.987406106  0.705452833  0.148144989
  0.00022733455  0.740668459
  0.501710995  0.191255006  0.992588725  0.708641649  0.149623251
  0.00024925753  0.743869459
  0.574986887  0.207635541  0.996311103  0.711830466  0.151101514
  0.00027118051  0.747070458
  0.647153474  0.226145156  0.998209015  0.715019282  0.152579777
  0.000293103491  0.750271457
  0.71502493  0.245064003  0.998364425  0.718208098  0.164930902
  0.000315026471  0.753472457
  0.77486506  0.264797605  0.998519836  0.721530568  0.179714755
  0.000336949452  0.756673456
  0.826569454  0.285346344  0.998675246  0.724879056  0.195312934
  0.00118901433  0.759836067
  0.86981872  0.306695836  0.998830657  0.728227543  0.212957393  0.00434993633
  0.762987003
  0.905087007  0.329402331  0.998986067  0.731576031  0.232601275
  0.00751085832  0.76613794
  0.932989236  0.353499881  0.999141478  0.734924519  0.253747701  0.0106717803
  0.769288876
  0.952848895  0.379424231  0.999282887  0.738273006  0.276882809  0.0138327023
  0.772439813
  0.967854038  0.407851339  0.999362566  0.75978219  0.302139582  0.0169936243
  0.775590749
  0.979180258  0.438817627  0.999442245  0.788747831  0.329975315  0.0789071993
  0.779288686
  0.98718473  0.471439022  0.999521924  0.817161909  0.360667603  0.210491885
  0.783411134
  0.992465526  0.509235868  0.999601604  0.847631256  0.397070748  0.342076571
  0.787533582
  0.995317167  0.553272183  0.999681283  0.87715115  0.439379175  0.473661257
  0.79165603
  0.997296019  0.604255533  0.999760962  0.906961058  0.491479366  0.605245943
  0.795778478
  0.998715269  0.666421854  0.999840641  0.937990359  0.556023422  0.736830628
  0.799900926
  0.999556775  0.770289413  0.999920321  0.968723662  0.670477637  0.868415314
  0.832624509
  1.  1.  1.  1.  1.  1.  1.
