  736.010183  193168058.
  0.00218728579  0.0126610556  0.00113188542  0.0221642139  0.00162300235
  5.978635E-07  0.157019293
  0.00653964482  0.0219211848  0.00266314341  0.0411335192  0.00355770022
  1.03284467E-06  0.188562558
  0.0139901186  0.0323001068  0.00493019466  0.0632855317  0.00585703663
  1.27720078E-06  0.216868823
  0.0236564143  0.0428167831  0.00842934888  0.0830615796  0.0084062893
  1.54458763E-06  0.236943581
  0.0348140113  0.0545431836  0.0128461866  0.103906344  0.0112542411
  1.79643911E-06  0.255479434
  0.0478313227  0.0661644874  0.0183169387  0.123964165  0.0144741548
  2.0435151E-06  0.273407868
  0.0624782141  0.0774798541  0.0249344738  0.144050283  0.017396682
  2.29180547E-06  0.289524905
  0.0786178558  0.0889435509  0.0327166697  0.164460796  0.0205031143
  2.54318975E-06  0.304971251
  0.0961788102  0.100604972  0.0418650842  0.184794791  0.0237595231
  2.79787118E-06  0.319426344
  0.115201624  0.112245125  0.0526046516  0.205138818  0.0273253354
  3.0595137E-06  0.333316548
  0.135541277  0.123979832  0.0651022328  0.225305251  0.0313804149
  3.33013146E-06  0.346528592
  0.157143417  0.135893256  0.079466816  0.245730079  0.0356025889
  3.61272944E-06  0.359069644
  0.179965589  0.147923215  0.096007614  0.266088567  0.0399872175
  3.9067051E-06  0.371340453
  0.203947485  0.159960948  0.114966132  0.286633294  0.0446178299
  4.21100743E-06  0.38341191
  0.229014898  0.171974839  0.136560444  0.307059129  0.0495183667
  4.52600943E-06  0.395326173
  0.254852385  0.182962037  0.160799014  0.327485542  0.0546371712
  4.85653584E-06  0.40690189
  0.281338549  0.193160445  0.187825743  0.347873127  0.0600269535
  5.20624347E-06  0.418092624
  0.308366025  0.203606863  0.217809883  0.368350923  0.0656003204
  5.5780135E-06  0.429031096
  0.335874976  0.214257553  0.250618438  0.388838222  0.0714379445
  5.97365787E-06  0.439849747
  0.363761396  0.227092548  0.286040394  0.409303544  0.0775622329
  6.39384373E-06  0.450678093
  0.39198164  0.240471302  0.323595883  0.429409401  0.0838395365
  6.84369773E-06  0.461402247
  0.42080225  0.253954971  0.363128953  0.449662373  0.0904828407
  7.32023353E-06  0.471967741
  0.45016086  0.267742384  0.404653494  0.469641104  0.0975501793
  7.82595027E-06  0.482502772
  0.479873469  0.281632477  0.447413516  0.490069874  0.105016365
  8.36379965E-06  0.492990516
  0.509520489  0.295915316  0.490740907  0.510467167  0.112821911
  8.9438369E-06  0.503434364
  0.539017563  0.310485177  0.534081436  0.531374419  0.120997309
  9.57061807E-06  0.513933748
  0.56842612  0.325252031  0.577112549  0.551972515  0.129672945
  1.02520206E-05  0.524549992
  0.597781982  0.340318698  0.619248589  0.572297008  0.138657268
  1.09960203E-05  0.535292138
  0.626985065  0.355504458  0.659899409  0.592603503  0.14804181  1.181076E-05
  0.545949314
  0.655782361  0.371009131  0.698868514  0.613233573  0.158021894
  1.27062159E-05  0.556728578
  0.683919917  0.386753806  0.735479325  0.633890105  0.168678165
  1.36972979E-05  0.567487854
  0.711252475  0.403228512  0.769106225  0.654420232  0.180052407
  1.47999458E-05  0.578337155
  0.737848911  0.420019729  0.799608585  0.674376956  0.192213352
  1.60303535E-05  0.589314552
  0.763683898  0.437100255  0.827364794  0.694354767  0.203300455
  1.74152759E-05  0.600466432
  0.788676014  0.454725459  0.852601526  0.714138622  0.214039937
  1.90043551E-05  0.611930778
  0.812747257  0.472996526  0.87531174  0.734557947  0.225292689
  2.08403954E-05  0.623650862
  0.835902781  0.492096662  0.895436094  0.754476708  0.237134579
  2.29614777E-05  0.635680006
  0.858061185  0.51183451  0.913065931  0.774689244  0.253233947
  2.54079236E-05  0.648048525
  0.879024855  0.532437115  0.92836971  0.795562172  0.27059313  2.82845815E-05
  0.660836189
  0.898616117  0.554050026  0.941582585  0.816049826  0.289217157
  3.17893865E-05  0.67403166
  0.916722198  0.576980147  0.953033592  0.83652561  0.309932436
  3.61990581E-05  0.68779985
  0.93319991  0.601261117  0.962852363  0.857788801  0.332872943
  4.19286609E-05  0.702325725
  0.948066788  0.627040841  0.97128071  0.877049226  0.358504311
  4.97286993E-05  0.716047924
  0.961273942  0.654464516  0.978439793  0.89565077  0.387538818
  6.04574281E-05  0.729559713
  0.972831933  0.68443835  0.984388797  0.911760237  0.420577061  7.6485754E-05
  0.74407395
  0.982685896  0.717627816  0.989368919  0.926301318  0.460431056  0.0001028983
  0.760289006
  0.99069127  0.754998521  0.993455146  0.942967537  0.510692261  0.00013473065
  0.782954621
  0.995496174  0.800543772  0.996396314  0.960254889  0.575734707
  0.000203107857  0.809109961
  0.998301163  0.864555338  0.998529408  0.979819198  0.700670148
  0.000442163395  0.864162172
  1.  1.  1.  1.  1.  1.  1.
