-224.756 -387.6
-217.556 -423.6
-222.356 -414
-193.556 -341.4
-205.556 -339
-193.556 -343.8
-222.356 -327
-229.556 -324.6
-217.556 -353.4
-215.156 -327
-207.956 -315
-215.156 -324.6
-302.5 -259.5
-312.1 -261.9
-292.9 -198.9
-243.956 -157.8
-258.356 -148.2
-217.556 -184.2
-280.9 -109.5
-276.1 -119.1
-283.3 -78.3
-207.956 -80.4
-210.356 -78
-193.556 -73.2
-203.156 -75.6
-193.556 -68.4
-227.156 -92.4
-231.956 -94.8
-234.356 -92.4
-241.556 -70.8
-231.956 -82.8
-229.556 -92.4
-195.956 -66
-193.556 -78
-195.956 -70.8
-195.956 -82.8
-285.7 -39.3
-280.9 -10.5
-285.7 -17.7
-302.5 -8.1
-195.956 37.8
-229.556 139.2
-205.556 81.6
-215.156 96
-203.156 79.2
-227.156 122.4
-217.556 216.6
-219.956 207
-224.756 209.4
-219.956 221.4
-222.356 216.6
-74.0674 -515.4
-86.0674 -515.4
-185.412 -469.5
-173.412 -346.5
-154.212 -348.9
-175.812 -344.1
-102.867 -336.6
-74.0674 -319.8
-69.2674 -315
-156.612 -264.3
-135.012 -252.3
-171.012 -266.7
-159.012 -257.1
-81.2674 -240
-95.6674 -225.6
-62.0674 -237.6
-88.4674 -230.4
-100.467 -223.2
-105.267 -225.6
-66.8674 -242.4
-71.6674 -254.4
-81.2674 -252
-105.267 -240
-52.4674 -252
-81.2674 -244.8
-57.2674 -242.4
-81.2674 -206.4
-62.0674 -211.2
-154.212 -201.3
-132.612 -194.1
-144.612 -184.5
-156.612 -172.5
-156.612 -170.1
-151.812 -184.5
-135.012 -213.3
-123.012 -186.9
-147.012 -172.5
-139.812 -170.1
-130.212 -177.3
-123.012 -182.1
-64.4674 -184.2
-95.6674 -177
-95.6674 -165
-81.2674 -124.2
-57.2674 -138.6
-62.0674 -136.2
-81.2674 -141
-78.8674 -141
-62.0674 -143.4
-62.0674 -119.4
-66.8674 -119.4
-88.4674 -181.8
-83.6674 -181.8
-66.8674 -169.8
-86.0674 -119.4
-78.8674 -129
-166.212 -116.7
-173.412 -97.5
-171.012 -111.9
-159.012 -131.1
-168.612 -116.7
-151.812 -85.5
-142.212 -95.1
-144.612 -95.1
-156.612 -85.5
-135.012 -109.5
-135.012 -97.5
-125.412 -102.3
-166.212 -109.5
-149.412 -145.5
-173.412 -92.7
-178.212 -95.1
-180.612 -85.5
-163.812 -95.1
-159.012 -114.3
-166.212 -111.9
-159.012 -85.5
-159.012 -90.3
-168.612 -138.3
-163.812 -85.5
-187.812 -107.1
-187.812 -111.9
-154.212 -126.3
-171.012 -135.9
-183.012 -126.3
-78.8674 -90
-88.4674 -85.2
-64.4674 -97.2
-95.6674 -61.2
-74.0674 -73.2
-100.467 -58.8
-93.2674 -66
-47.6674 -85.2
-78.8674 -58.8
-78.8674 -56.4
-83.6674 -99.6
-100.467 -92.4
-93.2674 -97.2
-78.8674 -102
-125.412 -34.5
-137.412 -22.5
-147.012 -10.5
-171.012 3.9
-173.412 -8.1
-178.212 -5.7
-175.812 -3.3
-183.012 -36.9
-183.012 -24.9
-183.012 -27.3
-171.012 8.7
-168.612 -10.5
-173.412 -12.9
-127.812 -12.9
-120.612 -3.3
-168.612 -29.7
-127.812 -24.9
-180.612 -10.5
-183.012 -12.9
-185.412 -12.9
-142.212 -56.1
-166.212 -3.3
-156.612 -34.5
-166.212 6.3
-185.412 -8.1
-62.0674 40.2
-42.8674 28.2
-45.2674 28.2
-50.0674 30.6
-42.8674 13.8
-93.2674 -3
-98.0674 28.2
-100.467 40.2
-105.267 33
-95.6674 18.6
-74.0674 52.2
-95.6674 30.6
-78.8674 52.2
-110.067 30.6
-112.467 28.2
-159.012 86.1
-149.412 52.5
-139.812 76.5
-161.412 52.5
-139.812 76.5
-178.212 76.5
-175.812 78.9
-156.612 30.9
-132.612 52.5
-142.212 47.7
-139.812 30.9
-142.212 88.5
-159.012 62.1
-127.812 62.1
-159.012 33.3
-156.612 35.7
-83.6674 81.6
-66.8674 88.8
-57.2674 108
-74.0674 108
-105.267 100.8
-107.667 98.4
-69.2674 72
-74.0674 74.4
-71.6674 103.2
-88.4674 81.6
-78.8674 96
-88.4674 79.2
-50.0674 132
-64.4674 122.4
-86.0674 74.4
-139.812 125.1
-144.612 127.5
-130.212 139.5
-135.012 137.1
-69.2674 183
-59.6674 185.4
-74.0674 183
-64.4674 183
-76.4674 183
-100.467 168.6
-45.2674 190.2
-64.4674 187.8
-62.0674 190.2
-83.6674 286.8
-76.4674 289.2
-86.0674 289.2
-107.667 296.4
27.6768 -438.3
22.8768 -452.7
18.0768 -462.3
76.6211 -300.6
88.6211 -331.8
81.4211 -319.8
-34.7232 -269.1
-22.7232 -261.9
-3.52316 -293.1
-10.7232 -295.5
-25.1232 -290.7
6.07684 -295.5
13.2768 -297.9
30.0768 -295.5
-5.92316 -264.3
-8.32316 -264.3
-17.9232 -266.7
-1.12316 -276.3
81.4211 -273.6
76.6211 -208.8
71.8211 -244.8
67.0211 -237.6
-20.3232 -210.9
-22.7232 -182.1
-1.12316 -174.9
-5.92316 -177.3
-13.1232 -179.7
-27.5232 -186.9
-20.3232 -184.5
18.0768 -179.7
27.6768 -172.5
-1.12316 -189.3
22.8768 -179.7
20.4768 -184.5
3.67684 -184.5
3.67684 -182.1
-3.52316 -189.3
8.47684 -165.3
6.07684 -174.9
-34.7232 -194.1
8.47684 -172.5
6.07684 -182.1
-1.12316 -186.9
22.8768 -172.5
59.8211 -124.2
45.4211 -141
71.8211 -124.2
81.4211 -167.4
71.8211 -186.6
83.8211 -169.8
74.2211 -186.6
100.621 -138.6
100.621 -148.2
105.421 -136.2
57.4211 -131.4
57.4211 -133.8
105.421 -167.4
76.6211 -133.8
74.2211 -136.2
47.8211 -155.4
55.0211 -150.6
59.8211 -150.6
98.2211 -124.2
103.021 -126.6
55.0211 -126.6
45.4211 -148.2
47.8211 -143.4
1.27684 -75.9
-25.1232 -80.7
-5.92316 -80.7
-27.5232 -133.5
30.0768 -99.9
-5.92316 -128.7
-17.9232 -109.5
-32.3232 -111.9
25.2768 -83.1
-22.7232 -111.9
15.6768 -92.7
-32.3232 -116.7
-20.3232 -95.1
-27.5232 -104.7
18.0768 -119.1
32.4768 -92.7
38.2211 -61.2
74.2211 -32.4
79.0211 -39.6
83.8211 -54
76.6211 -97.2
52.6211 -80.4
55.0211 -80.4
64.6211 -87.6
81.4211 -92.4
40.6211 -70.8
88.6211 -97.2
43.0211 -63.6
55.0211 -39.6
62.2211 -37.2
83.8211 -87.6
88.6211 -66
86.2211 -42
91.0211 -80.4
83.8211 -42
93.4211 -82.8
86.2211 -46.8
74.2211 -34.8
69.4211 -85.2
71.8211 -90
69.4211 -34.8
86.2211 -97.2
50.2211 -58.8
45.4211 -66
47.8211 -63.6
67.0211 -56.4
-17.9232 -51.3
-22.7232 -36.9
-22.7232 -12.9
20.4768 3.9
-1.12316 -58.5
3.67684 -51.3
88.6211 -0.6
91.0211 1.8
95.8211 4.2
103.021 18.6
98.2211 11.4
50.2211 35.4
71.8211 -3
57.4211 30.6
64.6211 11.4
64.6211 -3
55.0211 30.6
62.2211 1.8
57.4211 42.6
69.4211 16.2
69.4211 21
69.4211 -5.4
71.8211 40.2
79.0211 -12.6
71.8211 6.6
57.4211 25.8
52.6211 4.2
50.2211 13.8
52.6211 13.8
100.621 21
71.8211 54.6
88.6211 47.4
76.6211 1.8
76.6211 -0.6
74.2211 11.4
71.8211 45
50.2211 16.2
57.4211 9
20.4768 64.5
15.6768 66.9
-1.12316 95.7
-1.12316 66.9
-8.32316 69.3
-34.7232 76.5
3.67684 66.9
25.2768 38.1
-5.92316 59.7
-34.7232 69.3
-32.3232 71.7
-3.52316 78.9
-27.5232 76.5
32.4768 81.3
3.67684 93.3
-20.3232 64.5
6.07684 95.7
22.8768 86.1
-3.52316 40.5
8.47684 69.3
6.07684 76.5
27.6768 42.9
71.8211 141.6
76.6211 134.4
83.8211 129.6
79.0211 134.4
93.4211 105.6
100.621 129.6
103.021 132
105.421 129.6
69.4211 122.4
81.4211 127.2
67.0211 124.8
57.4211 81.6
43.0211 112.8
-32.3232 151.5
15.6768 127.5
20.4768 127.5
13.2768 153.9
1.27684 151.5
-20.3232 144.3
15.6768 156.3
-10.7232 156.3
25.2768 153.9
8.47684 129.9
91.0211 226.2
30.0768 245.7
8.47684 221.7
13.2768 216.9
10.8768 219.3
3.67684 233.7
-25.1232 264.9
8.47684 224.1
8.47684 231.3
79.0211 303.6
59.8211 306
79.0211 298.8
-20.3232 318.3
-17.9232 306.3
-27.5232 393.3
-22.7232 419.7
227.309 -385.2
222.509 -385.2
234.509 -380.4
236.909 -380.4
241.709 -380.4
246.509 -382.8
139.965 -377.7
171.165 -392.1
118.365 -213.3
229.709 -143.4
215.309 -138.6
253.709 -153
227.309 -138.6
234.509 -141
151.965 -90.3
142.365 -80.7
154.365 -99.9
171.165 -135.9
168.765 -135.9
168.765 -114.3
161.565 -119.1
125.565 -128.7
234.509 -32.4
251.309 -37.2
215.309 -75.6
234.509 -39.6
183.165 -17.7
147.165 11.1
159.165 -5.7
168.765 -15.3
137.565 -53.7
115.965 -12.9
118.365 -3.3
239.309 -10.2
239.309 16.2
161.565 83.7
142.365 50.1
142.365 52.5
125.565 40.5
151.965 42.9
147.165 64.5
227.309 120
244.109 122.4
215.309 86.4
166.365 182.7
147.165 170.7
132.765 146.7
149.565 175.5
120.765 134.7
135.165 134.7
161.565 127.5
118.365 137.1
244.109 207
215.309 209.4
196.109 204.6
210.509 209.4
205.709 185.4
200.909 187.8
161.565 240.9
154.365 236.1
171.165 238.5
159.165 252.9
203.309 277.2
196.109 272.4
217.709 294
166.365 311.1
229.709 354.6
229.709 378.6
234.509 373.8
227.309 400.2
200.909 366.6
193.709 359.4
135.165 395.7
210.509 436.8
198.509 453.6
147.165 487.5
171.165 477.9
278.654 -353.7
317.054 -254.7
297.854 -189.3
281.054 -165.3
293.054 -138.3
333.854 -119.1
314.654 -128.7
326.654 6.3
281.054 -27.3
300.254 -22.5
331.454 156.3
317.054 175.5
321.854 170.7
300.254 158.7
