-599.5 -189.9
-599.5 -185.1
-601.9 -187.5
-597.1 -189.9
-604.3 -189.9
-599.5 -192.3
-599.5 -197.1
-599.5 -187.5
-601.9 -189.9
-594.7 -187.5
-597.1 -185.1
-597.1 -192.3
-601.9 -192.3
-589.9 -185.1
-601.9 -185.1
-604.3 -192.3
-597.1 -187.5
-604.3 -187.5
-604.3 -194.7
-604.3 -199.5
-594.7 -189.9
-519.356 -28.2
-509.756 -33
-446.412 -262.5
-436.812 -255.3
-468.012 -284.1
-463.212 -276.9
-390.267 -110.4
-378.267 -117.6
-366.267 -151.2
-356.667 -110.4
-465.612 71.1
-363.867 109.8
-361.467 121.8
-480.012 283.5
-281.323 -274.5
-232.379 -192.6
-253.979 -235.8
-213.179 -195
-290.923 -173.1
-271.723 -165.9
-251.579 -141.6
-256.379 -146.4
-246.779 -117.6
-256.379 -122.4
-220.379 -139.2
-258.779 -134.4
-239.579 -141.6
-256.379 -129.6
-193.979 -122.4
-295.723 -62.1
-295.723 -71.7
-278.923 -98.1
-274.123 -107.7
-307.723 -54.9
-278.923 -90.9
-258.779 -57
-261.179 -57
-232.379 -52.2
-225.179 -59.4
-227.579 -66.6
-198.779 -33
-331.723 -8.7
-314.923 10.5
-295.723 32.1
-278.923 -1.5
-314.923 -6.3
-307.723 -6.3
-314.923 -11.1
-271.723 0.9
-220.379 51.6
-198.779 30
-222.779 54
-217.979 68.4
-258.779 34.8
-222.779 70.8
-246.779 70.8
-246.779 68.4
-239.579 68.4
-239.579 66
-241.979 70.8
-213.179 73.2
-251.579 68.4
-234.779 68.4
-276.523 95.1
-319.723 97.5
-322.123 66.3
-271.723 107.1
-278.923 102.3
-290.923 111.9
-283.723 95.1
-281.323 90.3
-196.379 109.8
-213.179 117
-239.579 107.4
-261.179 129
-253.979 124.2
-210.779 97.8
-258.779 124.2
-263.579 136.2
-220.379 100.2
-229.979 102.6
-239.579 131.4
-237.179 131.4
-225.179 121.8
-205.979 117
-203.579 157.8
-196.379 153
-302.923 179.7
-269.323 179.7
-274.123 177.3
-269.323 189.3
-269.323 174.9
-274.123 153.3
-271.723 186.9
-286.123 150.9
-322.123 201.3
-334.123 186.9
-271.723 158.1
-278.923 153.3
-283.723 143.7
-286.123 143.7
-276.523 158.1
-283.723 150.9
-239.579 220.8
-239.579 223.2
-258.779 206.4
-203.579 228
-215.579 230.4
-193.979 230.4
-196.379 228
-234.779 228
-135.435 -245.7
-48.0905 -192.6
-86.4905 -219
-76.8905 -243
-67.2905 -192.6
-154.635 -156.3
-169.035 -146.7
-161.835 -187.5
-157.035 -151.5
-135.435 -170.7
-123.435 -165.9
-123.435 -163.5
-188.235 -175.5
-154.635 -189.9
-185.835 -177.9
-123.435 -199.5
-130.635 -204.3
-149.835 -177.9
-60.0905 -98.4
-62.4905 -103.2
-81.6905 -141.6
-79.2905 -136.8
-72.0905 -139.2
-81.6905 -165.6
-79.2905 -168
-69.6905 -108
-74.4905 -108
-91.2905 -112.8
-112.891 -132
-69.6905 -132
-91.2905 -156
-76.8905 -160.8
-88.8905 -136.8
-105.691 -115.2
-93.6905 -134.4
-62.4905 -151.2
-91.2905 -136.8
-108.091 -112.8
-103.291 -120
-86.4905 -141.6
-105.691 -117.6
-55.2905 -153.6
-52.8905 -153.6
-57.6905 -153.6
-91.2905 -139.2
-72.0905 -148.8
-103.291 -127.2
-105.691 -120
-76.8905 -148.8
-62.4905 -127.2
-50.4905 -136.8
-121.035 -105.3
-128.235 -66.9
-147.435 -95.7
-181.035 -66.9
-154.635 -105.3
-166.635 -105.3
-125.835 -76.5
-128.235 -93.3
-91.2905 -13.8
-103.291 -25.8
-76.8905 -21
-50.4905 -57
-88.8905 -28.2
-79.2905 -37.8
-105.691 -64.2
-67.2905 -78.6
-76.8905 -76.2
-57.6905 -16.2
-50.4905 -33
-86.4905 -47.4
-69.6905 -37.8
-100.891 -61.8
-84.0905 -42.6
-88.8905 -45
-96.0905 -52.2
-76.8905 -37.8
-88.8905 -47.4
-57.6905 -30.6
-64.8905 -33
-161.835 -30.3
-173.835 12.9
-133.035 17.7
-121.035 20.1
-164.235 22.5
-159.435 20.1
-135.435 15.3
-166.635 5.7
-152.235 15.3
-149.835 20.1
-145.035 20.1
-118.635 -8.7
-128.235 17.7
-86.4905 42
-96.0905 46.8
-93.6905 44.4
-88.8905 34.8
-62.4905 20.4
-67.2905 18
-62.4905 13.2
-69.6905 18
-50.4905 70.8
-45.6905 61.2
-45.6905 58.8
-110.491 30
-103.291 34.8
-98.4905 73.2
-103.291 32.4
-93.6905 61.2
-93.6905 54
-96.0905 44.4
-76.8905 75.6
-55.2905 73.2
-62.4905 70.8
-52.8905 70.8
-60.0905 54
-62.4905 61.2
-62.4905 63.6
-62.4905 58.8
-57.6905 39.6
-57.6905 42
-52.8905 30
-48.0905 22.8
-55.2905 34.8
-57.6905 37.2
-57.6905 32.4
-57.6905 10.8
-84.0905 54
-79.2905 32.4
-84.0905 44.4
-69.6905 20.4
-84.0905 70.8
-93.6905 75.6
-76.8905 63.6
-74.4905 58.8
-81.6905 73.2
-62.4905 32.4
-108.091 49.2
-74.4905 56.4
-60.0905 39.6
-57.6905 42
-50.4905 37.2
-60.0905 42
-96.0905 18
-91.2905 49.2
-50.4905 25.2
-81.6905 39.6
-45.6905 25.2
-86.4905 39.6
-86.4905 42
-69.6905 30
-103.291 66
-81.6905 37.2
-103.291 61.2
-98.4905 51.6
-81.6905 63.6
-79.2905 68.4
-91.2905 56.4
-88.8905 51.6
-93.6905 66
-74.4905 32.4
-96.0905 73.2
-72.0905 30
-69.6905 22.8
-48.0905 61.2
-45.6905 56.4
-52.8905 68.4
-103.291 63.6
-105.691 63.6
-79.2905 54
-96.0905 58.8
-55.2905 51.6
-72.0905 49.2
-105.691 61.2
-100.891 58.8
-86.4905 54
-72.0905 51.6
-93.6905 54
-105.691 44.4
-43.2905 34.8
-79.2905 32.4
-50.4905 54
-159.435 97.5
-142.635 99.9
-157.035 99.9
-149.835 99.9
-183.435 73.5
-164.235 95.1
-140.235 104.7
-166.635 97.5
-152.235 109.5
-183.435 97.5
-166.635 99.9
-149.835 111.9
-142.635 116.7
-145.035 109.5
-125.835 75.9
-125.835 73.5
-130.635 87.9
-133.035 90.3
-169.035 111.9
-145.035 87.9
-173.835 114.3
-118.635 71.1
-183.435 104.7
-118.635 73.5
-164.235 56.7
-183.435 97.5
-183.435 85.5
-173.835 63.9
-185.835 92.7
-185.835 97.5
-185.835 73.5
-188.235 85.5
-133.035 114.3
-121.035 73.5
-128.235 85.5
-135.435 111.9
-130.635 104.7
-86.4905 143.4
-45.6905 136.2
-69.6905 129
-96.0905 100.2
-84.0905 117
-79.2905 121.8
-52.8905 136.2
-74.4905 126.6
-96.0905 105
-52.8905 109.8
-55.2905 109.8
-72.0905 102.6
-76.8905 95.4
-57.6905 114.6
-62.4905 114.6
-50.4905 121.8
-45.6905 121.8
-76.8905 112.2
-62.4905 131.4
-81.6905 102.6
-79.2905 112.2
-103.291 155.4
-74.4905 121.8
-79.2905 117
-67.2905 129
-93.6905 143.4
-62.4905 121.8
-57.6905 109.8
-52.8905 107.4
-93.6905 100.2
-55.2905 109.8
-62.4905 112.2
-81.6905 107.4
-79.2905 107.4
-45.6905 109.8
-100.891 114.6
-79.2905 141
-86.4905 133.8
-76.8905 143.4
-100.891 117
-60.0905 150.6
-55.2905 155.4
-52.8905 155.4
-64.8905 150.6
-96.0905 126.6
-45.6905 153
-72.0905 148.2
-74.4905 105
-84.0905 129
-79.2905 121.8
-76.8905 114.6
-105.691 145.8
-69.6905 102.6
-64.8905 133.8
-84.0905 117
-52.8905 141
-72.0905 131.4
-69.6905 133.8
-64.8905 136.2
-93.6905 102.6
-69.6905 131.4
-96.0905 100.2
-67.2905 136.2
-79.2905 126.6
-96.0905 102.6
-130.635 150.9
-125.835 170.1
-128.235 150.9
-128.235 172.5
-125.835 155.7
-149.835 206.1
-145.035 201.3
-154.635 136.5
-130.635 186.9
-123.435 150.9
-135.435 153.3
-128.235 150.9
78.5979 -197.4
66.5979 -202.2
107.398 -226.2
47.3979 -219
59.3979 -226.2
88.1979 -223.8
59.3979 -207
90.5979 -204.6
-8.74632 -199.5
10.4537 -194.7
-15.9463 -175.5
15.2537 -156.3
17.6537 -180.3
29.6537 -153.9
5.65368 -175.5
-3.94632 -170.7
15.2537 -165.9
-20.7463 -149.1
-15.9463 -146.7
71.3979 -144
61.7979 -141.6
102.598 -124.8
64.1979 -98.4
76.1979 -112.8
90.5979 -158.4
97.7979 -112.8
92.9979 -110.4
95.3979 -129.6
64.1979 -163.2
68.9979 -160.8
88.1979 -163.2
52.1979 -124.8
88.1979 -148.8
80.9979 -103.2
102.598 -148.8
61.7979 -146.4
73.7979 -127.2
-37.5463 -86.1
-15.9463 -83.7
5.65368 -117.3
-20.7463 -88.5
-18.3463 -66.9
10.4537 -110.1
5.65368 -81.3
32.0537 -102.9
-1.54632 -124.5
8.05368 -71.7
15.2537 -95.7
8.05368 -66.9
17.6537 -93.3
10.4537 -66.9
17.6537 -114.9
15.2537 -110.1
24.8537 -83.7
24.8537 -86.1
17.6537 -119.7
20.0537 -105.3
20.0537 -98.1
100.198 -71.4
80.9979 -78.6
92.9979 -35.4
76.1979 -64.2
88.1979 -37.8
78.5979 -81
83.3979 -49.8
104.998 -25.8
47.3979 -59.4
88.1979 -49.8
83.3979 -49.8
49.7979 -57
90.5979 -49.8
76.1979 -49.8
64.1979 -49.8
78.5979 -47.4
54.5979 -54.6
47.3979 -57
71.3979 -47.4
102.598 -49.8
-15.9463 20.1
-1.54632 27.3
-1.54632 24.9
-8.74632 24.9
-13.5463 15.3
-15.9463 17.7
-20.7463 12.9
-23.1463 12.9
8.05368 27.3
-3.94632 32.1
17.6537 24.9
12.8537 24.9
29.6537 22.5
8.05368 -1.5
29.6537 0.9
17.6537 0.9
-1.54632 -3.9
10.4537 -3.9
-6.34632 -1.5
15.2537 -1.5
24.8537 -1.5
12.8537 5.7
-23.1463 3.3
12.8537 10.5
27.2537 17.7
15.2537 10.5
-23.1463 29.7
-6.34632 32.1
0.853681 22.5
-11.1463 3.3
-30.3463 -6.3
-1.54632 17.7
-3.94632 15.3
-11.1463 5.7
-32.7463 -11.1
-8.74632 32.1
-20.7463 24.9
-25.5463 24.9
-11.1463 27.3
-15.9463 27.3
-20.7463 20.1
-20.7463 15.3
27.2537 8.1
27.2537 12.9
10.4537 29.7
-15.9463 17.7
-27.9463 15.3
3.25368 24.9
17.6537 32.1
15.2537 29.7
56.9979 46.8
59.3979 49.2
54.5979 44.4
49.7979 39.6
71.3979 61.2
73.7979 61.2
85.7979 54
80.9979 44.4
90.5979 58.8
83.3979 42
64.1979 42
56.9979 39.6
47.3979 44.4
71.3979 39.6
78.5979 61.2
71.3979 58.8
83.3979 68.4
64.1979 54
107.398 42
73.7979 20.4
104.998 37.2
80.9979 22.8
92.9979 27.6
92.9979 25.2
49.7979 15.6
56.9979 22.8
68.9979 46.8
71.3979 56.4
56.9979 20.4
64.1979 32.4
68.9979 37.2
47.3979 58.8
47.3979 68.4
47.3979 49.2
88.1979 61.2
100.198 49.2
80.9979 73.2
92.9979 51.6
80.9979 66
49.7979 61.2
92.9979 49.2
47.3979 63.6
59.3979 54
102.598 46.8
73.7979 49.2
47.3979 39.6
85.7979 66
73.7979 15.6
90.5979 25.2
64.1979 15.6
104.998 34.8
83.3979 20.4
68.9979 15.6
78.5979 15.6
102.598 30
12.8537 107.1
17.6537 97.5
20.0537 92.7
20.0537 56.7
3.25368 92.7
20.0537 59.1
-11.1463 107.1
-8.74632 95.1
-11.1463 114.3
-8.74632 97.5
-3.94632 102.3
-1.54632 90.3
0.853681 102.3
-1.54632 63.9
8.05368 116.7
5.65368 49.5
3.25368 111.9
-3.94632 73.5
5.65368 111.9
-1.54632 95.1
-3.94632 78.3
-1.54632 104.7
-3.94632 68.7
0.853681 51.9
-1.54632 102.3
-1.54632 61.5
32.0537 104.7
20.0537 114.3
29.6537 107.1
15.2537 119.1
29.6537 104.7
27.2537 111.9
29.6537 99.9
29.6537 92.7
3.25368 116.7
-1.54632 71.1
-11.1463 54.3
3.25368 59.1
0.853681 71.1
5.65368 49.5
-27.9463 102.3
3.25368 68.7
-32.7463 104.7
0.853681 75.9
5.65368 56.7
8.05368 56.7
-8.74632 92.7
-25.5463 102.3
17.6537 119.1
15.2537 54.3
22.4537 114.3
24.8537 109.5
27.2537 99.9
27.2537 97.5
27.2537 92.7
27.2537 104.7
29.6537 97.5
29.6537 99.9
0.853681 95.1
22.4537 75.9
5.65368 83.1
20.0537 61.5
29.6537 87.9
20.0537 63.9
22.4537 73.5
17.6537 68.7
24.8537 87.9
32.0537 104.7
32.0537 107.1
10.4537 66.3
-15.9463 90.3
-11.1463 119.1
-13.5463 92.7
-8.74632 107.1
-11.1463 95.1
-30.3463 66.3
-8.74632 119.1
3.25368 109.5
3.25368 92.7
73.7979 114.6
76.1979 105
54.5979 145.8
61.7979 136.2
49.7979 150.6
76.1979 112.2
52.1979 145.8
78.5979 107.4
66.5979 131.4
49.7979 145.8
71.3979 126.6
88.1979 121.8
95.3979 102.6
90.5979 114.6
64.1979 145.8
59.3979 148.2
90.5979 148.2
85.7979 155.4
102.598 124.2
100.198 131.4
104.998 107.4
104.998 119.4
97.7979 143.4
107.398 112.2
107.398 124.2
64.1979 143.4
92.9979 136.2
56.9979 145.8
97.7979 133.8
102.598 129
95.3979 136.2
61.7979 143.4
40.1979 117
44.9979 114.6
40.1979 119.4
97.7979 148.2
102.598 150.6
80.9979 126.6
102.598 153
52.1979 141
78.5979 150.6
40.1979 131.4
40.1979 129
90.5979 153
88.1979 153
83.3979 95.4
56.9979 102.6
85.7979 97.8
64.1979 102.6
-8.74632 155.7
0.853681 158.1
27.2537 158.1
-25.5463 148.5
27.2537 155.7
32.0537 155.7
-15.9463 155.7
5.65368 150.9
12.8537 153.3
-13.5463 138.9
10.4537 153.3
-6.34632 148.5
8.05368 155.7
20.0537 150.9
22.4537 153.3
29.6537 162.9
-1.54632 138.9
15.2537 158.1
-3.94632 141.3
12.8537 158.1
-1.54632 143.7
10.4537 158.1
-13.5463 146.1
-25.5463 148.5
-32.7463 158.1
0.853681 141.3
-23.1463 148.5
-27.9463 148.5
-15.9463 160.5
-3.94632 172.5
12.8537 186.9
-11.1463 201.3
-6.34632 146.1
-18.3463 150.9
-13.5463 148.5
5.65368 136.5
0.853681 143.7
-30.3463 158.1
-13.5463 150.9
-20.7463 146.1
-6.34632 141.3
-11.1463 146.1
-30.3463 153.3
40.1979 225.6
40.1979 211.2
92.9979 199.2
95.3979 189.6
141.942 -288.9
165.942 -284.1
158.742 -228.9
255.686 -240.6
210.086 -202.2
224.486 -211.8
212.486 -211.8
222.086 -243
212.486 -199.8
212.486 -197.4
219.686 -187.8
210.086 -221.4
222.086 -245.4
151.542 -165.9
125.142 -177.9
173.142 -165.9
115.542 -168.3
139.542 -189.9
153.942 -187.5
125.142 -189.9
127.542 -194.7
146.742 -173.1
137.142 -180.3
146.742 -170.7
125.142 -149.1
214.886 -115.2
246.086 -112.8
214.886 -141.6
222.086 -120
224.486 -148.8
250.886 -122.4
195.686 -144
214.886 -108
205.286 -136.8
217.286 -105.6
217.286 -103.2
198.086 -129.6
236.486 -165.6
231.686 -168
255.686 -153.6
246.086 -110.4
234.086 -122.4
149.142 -54.9
127.542 -69.3
129.942 -74.1
168.342 -102.9
151.542 -102.9
161.142 -98.1
175.542 -107.7
165.942 -54.9
132.342 -110.1
177.942 -78.9
144.342 -105.3
141.942 -105.3
139.542 -112.5
137.142 -81.3
132.342 -76.5
129.942 -69.3
129.942 -71.7
141.942 -112.5
134.742 -81.3
146.742 -98.1
177.942 -76.5
117.942 -74.1
255.686 -54.6
246.086 -49.8
219.686 -47.4
224.486 -49.8
207.686 -23.4
234.086 -11.4
205.286 -64.2
258.086 -54.6
190.886 -52.2
168.342 0.9
170.742 10.5
137.142 -20.7
161.142 -25.5
156.342 -23.1
137.142 -18.3
122.742 -20.7
139.542 -15.9
158.742 -11.1
161.142 -11.1
168.342 8.1
253.286 27.6
200.486 66
202.886 70.8
198.086 66
190.886 54
190.886 39.6
214.886 56.4
190.886 37.2
224.486 56.4
158.742 83.1
129.942 78.3
139.542 116.7
161.142 92.7
122.742 99.9
125.142 90.3
122.742 66.3
125.142 83.1
122.742 63.9
127.542 71.1
129.942 75.9
139.542 104.7
158.742 85.5
134.742 80.7
139.542 83.1
163.542 87.9
144.342 83.1
127.542 85.5
137.142 85.5
125.142 87.9
180.342 97.5
248.486 124.2
200.486 129
207.686 112.2
202.886 131.4
205.286 121.8
198.086 131.4
243.686 109.8
125.142 146.1
127.542 162.9
173.142 158.1
163.542 162.9
175.542 158.1
146.742 191.7
151.542 155.7
170.742 165.3
200.486 213.6
231.686 211.2
193.286 218.4
180.342 266.7
182.742 266.7
177.942 254.7
180.342 266.7
292.631 -257.7
328.631 -267.3
331.031 -267.3
326.231 -264.9
326.231 -267.3
326.231 -272.1
326.231 -269.7
323.831 -267.3
333.431 -269.7
328.631 -269.7
321.431 -260.1
323.831 -269.7
328.631 -272.1
333.431 -267.3
326.231 -274.5
323.831 -272.1
323.831 -264.9
331.031 -272.1
331.031 -269.7
328.631 -274.5
333.431 -255.3
314.231 -260.1
331.031 -243.3
292.631 -267.3
311.831 -262.5
309.431 -264.9
273.431 -269.7
333.431 -245.7
299.831 -267.3
295.031 -269.7
283.031 -272.1
275.831 -274.5
297.431 -269.7
285.431 -272.1
271.031 -272.1
377.575 -209.4
365.575 -207
353.575 -197.4
358.375 -204.6
355.975 -204.6
408.775 -207
396.775 -211.8
348.775 -233.4
375.175 -209.4
401.575 -202.2
355.975 -235.8
358.375 -219
363.175 -219
387.175 -204.6
382.375 -209.4
389.575 -207
363.175 -216.6
355.975 -209.4
370.375 -216.6
394.375 -250.2
348.775 -209.4
341.575 -216.6
346.375 -207
302.231 -149.1
326.231 -151.5
271.031 -180.3
275.831 -146.7
316.631 -163.5
278.231 -153.9
275.831 -153.9
302.231 -156.3
299.831 -153.9
283.031 -151.5
275.831 -151.5
355.975 -127.2
389.575 -110.4
401.575 -124.8
341.575 -144
406.375 -124.8
353.575 -132
348.775 -134.4
348.775 -132
358.375 -127.2
360.775 -141.6
358.375 -98.4
358.375 -141.6
287.831 -62.1
275.831 -81.3
302.231 -71.7
331.031 -110.1
314.231 -69.3
292.631 -110.1
273.431 -98.1
304.631 -74.1
355.975 -45
401.575 -18.6
401.575 -23.4
351.175 -61.8
384.775 -16.2
275.831 -6.3
323.831 8.1
307.031 -37.5
321.431 22.5
278.231 24.9
323.831 20.1
287.831 -30.3
290.231 -35.1
292.631 10.5
384.775 20.4
396.775 56.4
314.231 99.9
285.431 85.5
331.031 87.9
292.631 85.5
319.031 71.1
266.231 90.3
323.831 92.7
292.631 63.9
297.431 114.3
297.431 83.1
273.431 73.5
343.975 124.2
377.575 129
351.175 155.4
401.575 148.2
363.175 133.8
346.375 153
389.575 109.8
396.775 155.4
333.431 167.7
287.831 177.3
280.631 189.3
292.631 153.3
285.431 191.7
295.031 203.7
292.631 201.3
287.831 191.7
263.831 174.9
287.831 194.1
346.375 201.6
278.231 288.3
297.431 264.3
302.231 247.5
283.031 285.9
290.231 276.3
302.231 257.1
469.719 -274.5
469.719 -257.7
464.919 -262.5
467.319 -250.5
472.119 -236.1
474.519 -257.7
467.319 -233.7
462.519 -279.3
472.119 -274.5
424.119 -272.1
436.119 -180.3
431.319 -175.5
428.919 -182.7
428.919 -161.1
431.319 -182.7
431.319 -161.1
433.719 -204.3
540.263 -103.2
542.663 -160.8
421.719 -69.3
452.919 -110.1
457.719 -83.7
479.319 -71.7
535.463 -52.2
525.863 -73.8
501.863 -30.6
448.119 -11.1
428.919 24.9
436.119 -18.3
433.719 -20.7
424.119 -25.5
438.519 -18.3
450.519 -1.5
448.119 -8.7
440.919 -15.9
438.519 -20.7
452.919 3.3
450.519 22.5
542.663 37.2
542.663 42
523.463 61.2
501.863 51.6
433.719 109.5
462.519 114.3
467.319 119.1
464.919 104.7
438.519 95.1
445.719 109.5
509.063 114.6
506.663 107.4
513.863 155.4
521.063 119.4
492.263 136.2
509.063 100.2
455.319 191.7
572.407 -248.1
577.207 -250.5
591.607 -240.9
570.007 -245.7
574.807 -252.9
579.607 -248.1
572.407 -252.9
574.807 -255.3
570.007 -250.5
570.007 -252.9
570.007 -255.3
574.807 -250.5
572.407 -255.3
574.807 -248.1
572.407 -250.5
589.207 -192.3
589.207 -78.9
577.207 -3.9
591.607 -27.9
565.207 92.7
577.207 278.7
598.807 283.5
577.207 249.9
