-222.356 -37.2
-217.556 -44.4
-207.956 -66
-231.956 -85.2
-260.756 -75.6
-200.756 -63.6
-253.556 -63.6
-224.756 -90
-246.356 -75.6
-312.1 -32.1
-331.3 1.5
-326.5 -10.5
-268.9 -36.9
-278.5 -8.1
-217.556 16.2
-222.356 13.8
-227.156 4.2
-333.7 59.7
-336.1 71.7
-271.3 69.3
-276.1 71.7
-283.3 40.5
-278.5 66.9
-212.756 81.6
-193.556 91.2
-314.5 149.1
-307.3 127.5
-316.9 122.7
-231.956 175.8
-200.756 178.2
-243.956 260.4
-268.9 337.5
-222.356 347.4
-198.356 347.4
-258.356 354.6
-234.356 347.4
-331.3 431.7
-292.9 381.3
-321.7 410.1
-268.9 608.1
-324.1 564.9
-71.6674 -310.2
-86.0674 -307.8
-69.2674 -312.6
-139.812 -278.7
-118.212 -295.5
-139.812 -281.1
-93.2674 -206.4
-180.612 -196.5
-135.012 -184.5
-144.612 -179.7
-159.012 -165.3
-156.612 -170.1
-151.812 -179.7
-78.8674 -131.4
-78.8674 -129
-147.012 -78.3
-151.812 -80.7
-149.412 -80.7
-139.812 -131.1
-154.212 -78.3
-151.812 -75.9
-149.412 -75.9
-149.412 -78.3
-151.812 -78.3
-147.012 -75.9
-154.212 -85.5
-147.012 -131.1
-166.212 -99.9
-183.012 -90.3
-139.812 -75.9
-168.612 -107.1
-144.612 -78.3
-166.212 -80.7
-178.212 -85.5
-180.612 -123.9
-154.212 -107.1
-130.212 -119.1
-147.012 -109.5
-175.812 -90.3
-147.012 -111.9
-132.612 -119.1
-144.612 -114.3
-130.212 -114.3
-64.4674 -97.2
-71.6674 -75.6
-76.4674 -46.8
-69.2674 -92.4
-74.0674 -73.2
-110.067 -51.6
-52.4674 -37.2
-64.4674 -87.6
-42.8674 -68.4
-50.0674 -73.2
-120.612 -36.9
-156.612 -0.9
-178.212 -44.1
-168.612 -12.9
-62.0674 23.4
-62.0674 16.2
-69.2674 -0.6
-76.4674 -10.2
-54.8674 37.8
-88.4674 -5.4
-83.6674 9
-83.6674 -7.8
-76.4674 21
-74.0674 37.8
-57.2674 35.4
-98.0674 33
-86.0674 37.8
-102.867 37.8
-90.8674 40.2
-100.467 40.2
-118.212 50.1
-183.012 50.1
-86.0674 93.6
-105.267 129.6
-95.6674 112.8
-88.4674 105.6
-71.6674 136.8
-173.412 125.1
-120.612 151.5
-120.612 153.9
-156.612 165.9
-147.012 161.1
-173.412 175.5
-125.412 141.9
-123.012 146.7
-161.412 158.7
-168.612 161.1
-149.412 163.5
-120.612 161.1
-171.012 163.5
-62.0674 376.2
-86.0674 381
-74.0674 376.2
-69.2674 472.8
-62.0674 484.8
-86.0674 555
-86.0674 559.8
-142.212 610.5
-161.412 557.7
-151.812 584.1
-78.8674 639.6
-71.6674 627.6
-42.8674 642
-62.0674 637.2
3.67684 -297.9
27.6768 -283.5
25.2768 -285.9
-1.12316 -300.3
67.0211 -223.2
64.6211 -235.2
67.0211 -225.6
52.6211 -259.2
15.6768 -174.9
1.27684 -167.7
-27.5232 -196.5
-3.52316 -184.5
59.8211 -181.8
81.4211 -177
100.621 -174.6
71.8211 -181.8
45.4211 -150.6
71.8211 -189
38.2211 -150.6
62.2211 -124.2
62.2211 -119.4
74.2211 -160.2
69.4211 -121.8
67.0211 -124.2
81.4211 -160.2
83.8211 -169.8
93.4211 -119.4
83.8211 -119.4
91.0211 -119.4
43.0211 -138.6
27.6768 -92.7
-17.9232 -95.1
-27.5232 -104.7
-3.52316 -87.9
-22.7232 -92.7
25.2768 -97.5
-5.92316 -78.3
-8.32316 -83.1
13.2768 -80.7
-20.3232 -109.5
-3.52316 -102.3
-25.1232 -116.7
103.021 -51.6
81.4211 -51.6
64.6211 -46.8
98.2211 -56.4
79.0211 -56.4
55.0211 -94.8
45.4211 -54
47.8211 -46.8
45.4211 -44.4
1.27684 -5.7
30.0768 -39.3
32.4768 -5.7
32.4768 -22.5
32.4768 -36.9
32.4768 -34.5
3.67684 -56.1
-13.1232 -44.1
-25.1232 -41.7
-20.3232 -51.3
18.0768 -46.5
32.4768 -24.9
15.6768 6.3
-17.9232 -0.9
-22.7232 -32.1
-25.1232 -44.1
74.2211 23.4
79.0211 25.8
88.6211 33
47.8211 1.8
76.6211 6.6
67.0211 9
52.6211 13.8
81.4211 1.8
57.4211 11.4
-25.1232 88.5
-29.9232 57.3
-25.1232 62.1
-3.52316 78.9
-3.52316 81.3
-17.9232 74.1
10.8768 86.1
15.6768 88.5
-22.7232 69.3
30.0768 64.5
-13.1232 88.5
-20.3232 83.7
-17.9232 86.1
6.07684 52.5
13.2768 47.7
-10.7232 47.7
-27.5232 52.5
-29.9232 88.5
71.8211 93.6
100.621 86.4
52.6211 134.4
64.6211 139.2
-13.1232 127.5
-8.32316 132.3
1.27684 156.3
25.2768 180.3
20.4768 177.9
-10.7232 120.3
30.0768 129.9
-8.32316 173.1
-8.32316 175.5
-13.1232 146.7
-17.9232 153.9
-29.9232 134.7
91.0211 204.6
71.8211 202.2
69.4211 199.8
50.2211 197.4
107.821 209.4
74.2211 192.6
86.2211 178.2
76.6211 187.8
64.6211 204.6
13.2768 219.3
22.8768 233.7
1.27684 209.7
47.8211 291.6
52.6211 313.2
52.6211 308.4
50.2211 255.6
50.2211 301.2
71.8211 265.2
91.0211 272.4
105.421 274.8
88.6211 274.8
57.4211 265.2
107.821 277.2
100.621 383.4
74.2211 359.4
98.2211 383.4
59.8211 340.2
47.8211 388.2
55.0211 393
13.2768 388.5
15.6768 386.1
1.27684 378.9
22.8768 383.7
-10.7232 378.9
-1.12316 378.9
81.4211 465.6
71.8211 441.6
83.8211 470.4
69.4211 432
64.6211 429.6
86.2211 475.2
86.2211 526.2
83.8211 550.2
93.4211 519
83.8211 564.6
45.4211 639.6
69.4211 625.2
76.6211 658.8
178.365 -653.1
120.765 -520.5
224.909 -387.6
246.509 -411.6
196.109 -249.6
203.309 -232.8
139.965 -210.9
120.765 -208.5
183.165 -208.5
248.909 -179.4
222.509 -177
239.309 -169.8
135.165 -107.1
120.765 -114.3
147.165 -107.1
149.565 -107.1
147.165 -109.5
193.709 -54
193.709 -80.4
193.709 -66
244.109 -97.2
210.509 -80.4
222.509 -90
212.909 -85.2
229.709 -92.4
217.709 -87.6
212.909 -87.6
222.509 -92.4
154.365 -44.1
180.765 -27.3
178.365 -27.3
173.565 -34.5
183.165 -27.3
161.565 -48.9
163.965 -44.1
159.165 -44.1
166.365 -41.7
163.965 -46.5
166.365 -46.5
166.365 -44.1
168.765 -44.1
163.965 -41.7
161.565 -46.5
163.965 -48.9
166.365 -48.9
161.565 -44.1
166.365 -53.7
161.565 -41.7
144.765 1.5
137.565 1.5
168.765 6.3
224.909 25.8
224.909 16.2
215.309 28.2
212.909 30.6
212.909 40.2
210.509 54.6
222.509 6.6
208.109 40.2
196.109 25.8
215.309 40.2
159.165 47.7
156.765 57.3
175.965 42.9
135.165 45.3
135.165 50.1
161.565 50.1
159.165 64.5
156.765 35.7
161.565 74.1
171.165 93.3
227.309 84
234.509 100.8
253.709 93.6
205.709 139.2
239.309 91.2
234.509 74.4
183.165 139.5
154.365 144.3
175.965 137.1
135.165 146.7
156.765 144.3
147.165 127.5
115.965 144.3
120.765 146.7
212.909 228.6
246.509 175.8
246.509 171
239.309 192.6
229.709 395.4
258.509 378.6
248.909 388.2
258.509 383.4
161.565 410.1
166.365 410.1
154.365 407.7
168.765 412.5
125.565 521.1
123.165 482.7
215.309 658.8
212.909 663.6
283.454 -428.7
317.054 -467.1
290.654 -452.7
264.254 -365.7
293.054 -288.3
276.254 -305.1
290.654 -99.9
297.854 -104.7
319.454 -97.5
276.254 -104.7
288.254 -99.9
300.254 -104.7
290.654 -102.3
278.654 -102.3
321.854 -97.5
288.254 -107.1
264.254 -104.7
307.454 -104.7
297.854 -104.7
307.454 -29.7
283.454 -5.7
288.254 -8.1
278.654 1.5
293.054 -22.5
324.254 8.7
324.254 6.3
324.254 1.5
285.854 71.7
283.454 88.5
307.454 28.5
302.654 38.1
283.454 141.9
283.454 139.5
278.654 132.3
309.854 170.7
288.254 153.9
281.054 139.5
312.254 144.3
326.654 149.1
317.054 141.9
321.854 146.7
305.054 182.7
283.454 129.9
314.654 163.5
285.854 168.3
302.654 165.9
273.854 168.3
307.454 260.1
290.654 207.3
309.854 272.1
312.254 262.5
319.454 212.1
302.654 318.3
285.854 347.1
307.454 289.5
288.254 518.7
