-217.556 -566.4
-222.356 -559.2
-215.156 -573.6
-200.756 -607.2
-203.156 -602.4
-207.956 -595.2
-280.9 -554.1
-336.1 -549.3
-300.1 -556.5
-333.7 -549.3
-290.5 -558.9
-203.156 -469.8
-231.956 -486.6
-210.356 -493.8
-239.156 -481.8
-210.356 -522.6
-205.556 -522.6
-278.5 -481.5
-302.5 -471.9
-304.9 -469.5
-292.9 -488.7
-316.9 -438.3
-297.7 -493.5
-316.9 -443.1
-331.3 -375.3
-328.9 -387.3
-331.3 -382.5
-302.5 -346.5
-309.7 -356.1
-314.5 -365.7
-205.556 -312.6
-212.756 -307.8
-205.556 -355.8
-215.156 -358.2
-314.5 -257.1
-321.7 -269.1
-314.5 -252.3
-316.9 -257.1
-328.9 -278.7
-307.3 -281.1
-273.7 -281.1
-290.5 -278.7
-246.356 -225.6
-234.356 -225.6
-246.356 -223.2
-200.756 -225.6
-212.756 -228
-200.756 -211.2
-200.756 -266.4
-219.956 -206.4
-246.356 -213.6
-207.956 -206.4
-241.556 -218.4
-285.7 -222.9
-295.3 -208.5
-321.7 -194.1
-314.5 -201.3
-328.9 -194.1
-210.356 -160.2
-253.556 -148.2
-207.956 -160.2
-234.356 -177
-234.356 -181.8
-292.9 -128.7
-290.5 -126.3
-280.9 -126.3
-302.5 -145.5
-283.3 -128.7
-292.9 -121.5
-195.956 -85.2
-203.156 -90
-198.356 -46.8
-193.556 -44.4
-253.556 -44.4
-251.156 -44.4
-229.556 -68.4
-246.356 -61.2
-195.956 -56.4
-198.356 -49.2
-253.556 -78
-243.956 -42
-258.356 -68.4
-273.7 -12.9
-278.5 -3.3
-271.3 -29.7
-295.3 8.7
-333.7 -10.5
-292.9 -22.5
-278.5 -24.9
-292.9 -24.9
-271.3 -15.3
-276.1 -24.9
-273.7 -36.9
-210.356 -3
-215.156 37.8
-212.756 42.6
-215.156 23.4
-198.356 42.6
-198.356 25.8
-207.956 28.2
-205.556 11.4
-207.956 37.8
-217.556 40.2
-212.756 52.2
-205.556 37.8
-203.156 28.2
-200.756 1.8
-200.756 16.2
-248.756 16.2
-227.156 33
-227.156 23.4
-207.956 -3
-227.156 52.2
-222.356 -5.4
-227.156 -12.6
-217.556 52.2
-312.1 83.7
-276.1 38.1
-290.5 42.9
-307.3 47.7
-290.5 33.3
-285.7 74.1
-300.1 86.1
-304.9 30.9
-292.9 38.1
-290.5 38.1
-273.7 52.5
-312.1 30.9
-288.1 95.7
-295.3 76.5
-309.7 47.7
-273.7 57.3
-280.9 54.9
-304.9 47.7
-268.9 62.1
-321.7 45.3
-198.356 91.2
-207.956 96
-215.156 93.6
-227.156 79.2
-207.956 105.6
-217.556 98.4
-231.956 112.8
-227.156 100.8
-236.756 122.4
-239.156 136.8
-212.756 79.2
-227.156 96
-239.156 122.4
-227.156 76.8
-227.156 122.4
-229.556 84
-229.556 79.2
-229.556 115.2
-236.756 110.4
-236.756 108
-239.156 127.2
-283.3 161.1
-227.156 207
-217.556 163.8
-198.356 197.4
-193.556 207
-195.956 207
-210.356 180.6
-217.556 226.2
-229.556 163.8
-314.5 214.5
-307.3 224.1
-304.9 231.3
-307.3 233.7
-271.3 248.1
-304.9 226.5
-319.3 238.5
-203.156 253.2
-231.956 298.8
-253.556 301.2
-253.556 265.2
-295.3 291.9
-300.1 291.9
-236.756 340.2
-319.3 388.5
-302.5 436.5
-321.7 424.5
-331.3 426.9
-292.9 417.3
-290.5 482.7
-251.156 557.4
-139.812 -643.5
-137.412 -638.7
-69.2674 -607.2
-52.4674 -609.6
-83.6674 -607.2
-118.212 -542.1
-147.012 -563.7
-149.412 -546.9
-130.212 -537.3
-125.412 -537.3
-159.012 -520.5
-154.212 -539.7
-142.212 -558.9
-47.6674 -525
-45.2674 -491.4
-52.4674 -505.8
-76.4674 -469.8
-88.4674 -505.8
-102.867 -522.6
-76.4674 -496.2
-166.212 -423.9
-125.412 -440.7
-163.812 -445.5
-161.412 -426.3
-168.612 -467.1
-173.412 -479.1
-168.612 -464.7
-166.212 -450.3
-161.412 -423.9
-163.812 -433.5
-173.412 -476.7
-54.8674 -399.6
-62.0674 -428.4
-110.067 -426
-93.2674 -409.2
-57.2674 -442.8
-47.6674 -428.4
-47.6674 -426
-154.212 -336.9
-154.212 -341.7
-151.812 -375.3
-178.212 -353.7
-168.612 -365.7
-178.212 -346.5
-163.812 -346.5
-137.412 -382.5
-118.212 -363.3
-132.612 -375.3
-69.2674 -343.8
-69.2674 -341.4
-93.2674 -305.4
-64.4674 -348.6
-81.2674 -317.4
-86.0674 -307.8
-74.0674 -324.6
-47.6674 -331.8
-74.0674 -339
-66.8674 -336.6
-69.2674 -336.6
-151.812 -252.3
-149.412 -309.9
-139.812 -288.3
-132.612 -273.9
-132.612 -269.1
-149.412 -314.7
-151.812 -317.1
-135.012 -283.5
-142.212 -276.3
-57.2674 -237.6
-86.0674 -208.8
-83.6674 -208.8
-66.8674 -235.2
-69.2674 -237.6
-86.0674 -211.2
-54.8674 -213.6
-76.4674 -223.2
-74.0674 -220.8
-105.267 -235.2
-112.467 -232.8
-95.6674 -249.6
-81.2674 -268.8
-69.2674 -216
-66.8674 -228
-173.412 -196.5
-185.412 -194.1
-132.612 -213.3
-185.412 -189.3
-132.612 -184.5
-135.012 -184.5
-144.612 -194.1
-127.812 -177.3
-144.612 -196.5
-130.212 -189.3
-144.612 -232.5
-154.212 -232.5
-178.212 -184.5
-156.612 -162.9
-178.212 -189.3
-95.6674 -153
-102.867 -131.4
-98.0674 -169.8
-95.6674 -167.4
-105.267 -136.2
-105.267 -138.6
-64.4674 -165
-71.6674 -126.6
-54.8674 -119.4
-100.467 -133.8
-50.0674 -155.4
-69.2674 -167.4
-62.0674 -119.4
-100.467 -126.6
-81.2674 -131.4
-102.867 -129
-42.8674 -153
-69.2674 -157.8
-102.867 -131.4
-105.267 -138.6
-105.267 -148.2
-107.667 -138.6
-69.2674 -126.6
-159.012 -92.7
-171.012 -80.7
-123.012 -114.3
-156.612 -99.9
-161.412 -121.5
-166.212 -123.9
-168.612 -85.5
-149.412 -107.1
-159.012 -119.1
-168.612 -109.5
-171.012 -109.5
-130.212 -123.9
-118.212 -116.7
-161.412 -119.1
-137.412 -138.3
-151.812 -102.3
-151.812 -90.3
-154.212 -107.1
-139.812 -102.3
-135.012 -114.3
-130.212 -133.5
-135.012 -126.3
-144.612 -90.3
-147.012 -143.1
-166.212 -102.3
-125.412 -95.1
-76.4674 -61.2
-81.2674 -70.8
-47.6674 -63.6
-57.2674 -70.8
-47.6674 -51.6
-59.6674 -34.8
-50.0674 -49.2
-57.2674 -44.4
-50.0674 -51.6
-47.6674 -54
-71.6674 -56.4
-107.667 -54
-76.4674 -32.4
-83.6674 -66
-86.0674 -66
-83.6674 -70.8
-50.0674 -87.6
-69.2674 -63.6
-76.4674 -54
-59.6674 -82.8
-69.2674 -70.8
-100.467 -92.4
-66.8674 -37.2
-102.867 -51.6
-69.2674 -102
-81.2674 -78
-71.6674 -94.8
-86.0674 -58.8
-86.0674 -80.4
-78.8674 -34.8
-74.0674 -32.4
-50.0674 -42
-50.0674 -87.6
-52.4674 -44.4
-95.6674 -80.4
-93.2674 -56.4
-93.2674 -80.4
-93.2674 -46.8
-71.6674 -90
-81.2674 -70.8
-102.867 -82.8
-66.8674 -58.8
-132.612 -20.1
-168.612 -10.5
-137.412 -36.9
-123.012 -46.5
-161.412 -27.3
-130.212 6.3
-175.812 1.5
-163.812 -53.7
-149.412 -46.5
-168.612 -32.1
-156.612 -44.1
-137.412 -56.1
-183.012 -22.5
-144.612 -12.9
-151.812 -58.5
-144.612 -20.1
-130.212 -22.5
-135.012 -24.9
-132.612 -15.3
-125.412 -48.9
-127.812 -32.1
-74.0674 -5.4
-76.4674 -5.4
-59.6674 -5.4
-71.6674 47.4
-74.0674 45
-74.0674 4.2
-78.8674 18.6
-81.2674 30.6
-95.6674 47.4
-102.867 33
-100.467 42.6
-76.4674 11.4
-59.6674 4.2
-86.0674 28.2
-88.4674 -3
-83.6674 33
-78.8674 6.6
-76.4674 30.6
-93.2674 4.2
-64.4674 47.4
-102.867 23.4
-88.4674 33
-76.4674 42.6
-74.0674 45
-62.0674 49.8
-71.6674 28.2
-64.4674 11.4
-76.4674 37.8
-59.6674 45
-110.067 13.8
-76.4674 40.2
-107.667 16.2
-66.8674 47.4
-78.8674 40.2
-100.467 40.2
-64.4674 33
-54.8674 28.2
-50.0674 6.6
-52.4674 13.8
-52.4674 -0.6
-175.812 69.3
-183.012 71.7
-173.412 86.1
-163.812 47.7
-161.412 76.5
-159.012 83.7
-173.412 52.5
-118.212 83.7
-151.812 90.9
-154.212 90.9
-171.012 69.3
-161.412 83.7
-161.412 52.5
-166.212 45.3
-163.812 52.5
-147.012 93.3
-168.612 40.5
-173.412 40.5
-166.212 38.1
-166.212 40.5
-149.412 38.1
-123.012 42.9
-168.612 33.3
-57.2674 86.4
-47.6674 105.6
-54.8674 96
-64.4674 81.6
-42.8674 108
-47.6674 108
-52.4674 129.6
-90.8674 93.6
-74.0674 91.2
-81.2674 76.8
-59.6674 141.6
-78.8674 141.6
-71.6674 141.6
-78.8674 139.2
-47.6674 84
-78.8674 108
-83.6674 86.4
-83.6674 120
-86.0674 86.4
-76.4674 110.4
-76.4674 134.4
-62.0674 117.6
-64.4674 117.6
-54.8674 117.6
-62.0674 120
-52.4674 93.6
-62.0674 86.4
-107.667 103.2
-71.6674 127.2
-62.0674 117.6
-81.2674 120
-59.6674 120
-62.0674 122.4
-105.267 117.6
-98.0674 120
-78.8674 122.4
-50.0674 122.4
-45.2674 112.8
-50.0674 120
-142.212 139.5
-139.812 139.5
-175.812 127.5
-135.012 120.3
-144.612 115.5
-142.212 117.9
-137.412 122.7
-144.612 122.7
-161.412 177.9
-187.812 153.9
-120.612 149.1
-118.212 144.3
-118.212 156.3
-137.412 185.1
-127.812 180.3
-175.812 170.7
-183.012 168.3
-161.412 156.3
-156.612 149.1
-147.012 120.3
-151.812 153.9
-171.012 180.3
-149.412 134.7
-175.812 180.3
-81.2674 202.2
-93.2674 216.6
-45.2674 216.6
-45.2674 192.6
-47.6674 190.2
-42.8674 178.2
-47.6674 211.8
-69.2674 216.6
-76.4674 216.6
-102.867 214.2
-59.6674 216.6
-50.0674 216.6
-78.8674 219
-57.2674 197.4
-95.6674 168.6
-102.867 183
-88.4674 204.6
-62.0674 207
-81.2674 209.4
-45.2674 207
-90.8674 171
-50.0674 199.8
-83.6674 211.8
-180.612 252.9
-125.412 212.1
-135.012 224.1
-132.612 224.1
-132.612 219.3
-151.812 264.9
-142.212 252.9
-149.412 260.1
-142.212 236.1
-178.212 219.3
-163.812 209.7
-147.012 202.5
-135.012 262.5
-100.467 262.8
-86.0674 250.8
-83.6674 253.2
-47.6674 277.2
-62.0674 388.2
-98.0674 345
-78.8674 378.6
-74.0674 385.8
-90.8674 470.4
-163.812 509.1
-1.12316 -643.5
20.4768 -617.1
1.27684 -609.9
3.67684 -600.3
-10.7232 -609.9
-27.5232 -609.9
71.8211 -559.2
71.8211 -554.4
67.0211 -556.8
74.2211 -554.4
74.2211 -559.2
74.2211 -556.8
71.8211 -556.8
76.6211 -554.4
69.4211 -556.8
76.6211 -561.6
69.4211 -554.4
40.6211 -588
43.0211 -573.6
45.4211 -571.2
91.0211 -564
86.2211 -571.2
71.8211 -621.6
93.4211 -556.8
76.6211 -607.2
79.0211 -590.4
69.4211 -619.2
55.0211 -568.8
81.4211 -529.8
22.8768 -452.7
13.2768 -476.7
-13.1232 -483.9
74.2211 -416.4
76.6211 -416.4
105.421 -433.2
93.4211 -406.8
91.0211 -411.6
95.8211 -414
91.0211 -416.4
91.0211 -428.4
86.2211 -414
79.0211 -404.4
67.0211 -380.4
76.6211 -438
55.0211 -397.2
52.6211 -385.2
52.6211 -394.8
64.6211 -421.2
55.0211 -399.6
57.4211 -411.6
6.07684 -404.1
-5.92316 -394.5
10.8768 -375.3
10.8768 -339.3
91.0211 -355.8
107.821 -327
52.6211 -324.6
52.6211 -334.2
50.2211 -351
-32.3232 -271.5
6.07684 -252.3
-20.3232 -266.7
-1.12316 -257.1
-17.9232 -269.1
-29.9232 -259.5
-5.92316 -269.1
-10.7232 -266.7
32.4768 -271.5
10.8768 -273.9
20.4768 -276.3
98.2211 -256.8
95.8211 -259.2
59.8211 -242.4
67.0211 -259.2
62.2211 -249.6
50.2211 -228
40.6211 -225.6
71.8211 -249.6
88.6211 -271.2
57.4211 -235.2
103.021 -254.4
93.4211 -259.2
79.0211 -276
79.0211 -271.2
25.2768 -184.5
-22.7232 -208.5
-1.12316 -215.7
27.6768 -208.5
-8.32316 -218.1
1.27684 -220.5
13.2768 -170.1
30.0768 -179.7
13.2768 -213.3
25.2768 -208.5
22.8768 -210.9
-25.1232 -218.1
55.0211 -136.2
57.4211 -174.6
83.8211 -129
95.8211 -121.8
71.8211 -136.2
76.6211 -133.8
38.2211 -148.2
55.0211 -145.8
52.6211 -145.8
100.621 -133.8
91.0211 -124.2
52.6211 -155.4
59.8211 -141
50.2211 -160.2
67.0211 -129
86.2211 -148.2
50.2211 -157.8
43.0211 -157.8
62.2211 -169.8
76.6211 -172.2
76.6211 -177
74.2211 -184.2
67.0211 -184.2
105.421 -141
86.2211 -169.8
50.2211 -167.4
22.8768 -102.3
-20.3232 -104.7
-8.32316 -97.5
-20.3232 -107.1
-8.32316 -90.3
22.8768 -83.1
1.27684 -119.1
22.8768 -80.7
-13.1232 -143.1
13.2768 -102.3
22.8768 -95.1
-10.7232 -119.1
10.8768 -107.1
20.4768 -99.9
-3.52316 -138.3
27.6768 -111.9
20.4768 -121.5
32.4768 -114.3
-20.3232 -114.3
-34.7232 -121.5
10.8768 -80.7
13.2768 -133.5
10.8768 -78.3
6.07684 -145.5
15.6768 -107.1
20.4768 -102.3
-17.9232 -75.9
45.4211 -68.4
67.0211 -90
59.8211 -37.2
57.4211 -34.8
91.0211 -42
69.4211 -51.6
40.6211 -54
38.2211 -58.8
40.6211 -56.4
62.2211 -54
57.4211 -73.2
76.6211 -37.2
69.4211 -42
67.0211 -32.4
43.0211 -68.4
50.2211 -49.2
50.2211 -54
103.021 -78
81.4211 -66
88.6211 -78
71.8211 -56.4
107.821 -80.4
103.021 -82.8
55.0211 -85.2
79.0211 -44.4
59.8211 -42
-17.9232 -22.5
10.8768 -39.3
6.07684 -36.9
-32.3232 -12.9
1.27684 -10.5
18.0768 -5.7
-10.7232 -10.5
-32.3232 -20.1
32.4768 -3.3
-3.52316 -8.1
-25.1232 -15.3
-3.52316 -3.3
-25.1232 -36.9
-17.9232 -29.7
-25.1232 -34.5
-32.3232 -32.1
13.2768 -12.9
10.8768 -8.1
10.8768 -12.9
8.47684 3.9
15.6768 -15.3
-15.5232 -39.3
13.2768 -22.5
13.2768 -41.7
-13.1232 1.5
-20.3232 -34.5
18.0768 -48.9
-29.9232 -32.1
-15.5232 -48.9
1.27684 -34.5
6.07684 -46.5
1.27684 -44.1
8.47684 -41.7
-5.92316 -22.5
1.27684 -27.3
8.47684 -8.1
-10.7232 -51.3
-8.32316 -56.1
20.4768 -5.7
22.8768 -15.3
50.2211 -0.6
95.8211 -5.4
83.8211 -0.6
79.0211 -0.6
62.2211 -0.6
43.0211 4.2
55.0211 16.2
52.6211 42.6
57.4211 54.6
67.0211 49.8
86.2211 49.8
64.6211 45
91.0211 6.6
91.0211 -7.8
93.4211 1.8
69.4211 6.6
71.8211 28.2
55.0211 -0.6
67.0211 -12.6
64.6211 -10.2
57.4211 9
74.2211 18.6
64.6211 -7.8
62.2211 9
62.2211 16.2
55.0211 47.4
103.021 11.4
81.4211 -5.4
107.821 16.2
67.0211 13.8
76.6211 -3
50.2211 28.2
50.2211 30.6
69.4211 16.2
88.6211 45
83.8211 45
71.8211 54.6
67.0211 28.2
64.6211 33
91.0211 16.2
55.0211 45
52.6211 40.2
52.6211 37.8
59.8211 -10.2
55.0211 -7.8
52.6211 -0.6
52.6211 30.6
45.4211 16.2
25.2768 88.5
10.8768 52.5
6.07684 35.7
22.8768 88.5
20.4768 83.7
-17.9232 76.5
-8.32316 98.1
27.6768 78.9
-13.1232 71.7
-20.3232 90.9
1.27684 42.9
8.47684 98.1
-10.7232 52.5
-10.7232 50.1
-32.3232 52.5
-27.5232 54.9
1.27684 52.5
-10.7232 40.5
1.27684 88.5
-3.52316 54.9
-32.3232 54.9
-29.9232 57.3
-20.3232 57.3
-22.7232 57.3
-13.1232 76.5
-8.32316 74.1
-1.12316 38.1
-13.1232 95.7
-15.5232 69.3
38.2211 105.6
69.4211 134.4
38.2211 112.8
55.0211 127.2
55.0211 100.8
45.4211 129.6
52.6211 93.6
52.6211 124.8
57.4211 100.8
98.2211 88.8
57.4211 115.2
67.0211 110.4
103.021 86.4
47.8211 117.6
95.8211 93.6
43.0211 127.2
47.8211 84
50.2211 115.2
88.6211 129.6
69.4211 136.8
107.821 117.6
83.8211 132
74.2211 134.4
67.0211 141.6
76.6211 139.2
83.8211 136.8
71.8211 100.8
69.4211 100.8
67.0211 88.8
69.4211 93.6
98.2211 105.6
64.6211 117.6
105.421 108
71.8211 93.6
69.4211 91.2
74.2211 115.2
71.8211 110.4
64.6211 74.4
62.2211 81.6
93.4211 79.2
47.8211 120
55.0211 93.6
45.4211 105.6
64.6211 79.2
67.0211 84
83.8211 110.4
86.2211 112.8
79.0211 103.2
86.2211 86.4
32.4768 151.5
-17.9232 129.9
18.0768 149.1
-25.1232 127.5
20.4768 151.5
30.0768 153.9
15.6768 170.7
-20.3232 168.3
-27.5232 144.3
-13.1232 134.7
-10.7232 139.5
-25.1232 129.9
32.4768 156.3
13.2768 180.3
-5.92316 117.9
3.67684 122.7
-13.1232 127.5
-15.5232 129.9
-5.92316 125.1
-22.7232 170.7
-20.3232 182.7
-17.9232 180.3
22.8768 182.7
10.8768 168.3
25.2768 156.3
22.8768 158.7
8.47684 182.7
10.8768 132.3
6.07684 132.3
13.2768 134.7
-5.92316 129.9
-3.52316 132.3
-1.12316 141.9
10.8768 163.5
22.8768 156.3
-1.12316 170.7
-8.32316 151.5
18.0768 168.3
15.6768 170.7
6.07684 151.5
-10.7232 120.3
-10.7232 129.9
71.8211 185.4
69.4211 183
71.8211 207
71.8211 209.4
47.8211 216.6
64.6211 207
52.6211 178.2
69.4211 211.8
47.8211 175.8
47.8211 171
52.6211 185.4
69.4211 219
55.0211 197.4
52.6211 192.6
55.0211 190.2
57.4211 185.4
52.6211 190.2
50.2211 190.2
69.4211 175.8
64.6211 178.2
91.0211 183
86.2211 185.4
62.2211 207
76.6211 214.2
45.4211 199.8
95.8211 221.4
86.2211 221.4
-27.5232 233.7
-34.7232 240.9
-3.52316 202.5
10.8768 207.3
-8.32316 204.9
-37.1232 238.5
88.6211 306
22.8768 318.3
-13.1232 294.3
-29.9232 344.7
-22.7232 356.7
-22.7232 354.3
-20.3232 356.7
-37.1232 332.7
93.4211 369
55.0211 397.8
74.2211 390.6
81.4211 333
103.021 376.2
100.621 373.8
59.8211 340.2
67.0211 349.8
-13.1232 410.1
-17.9232 410.1
-20.3232 410.1
30.0768 485.1
79.0211 567
74.2211 543
71.8211 634.8
69.4211 642
83.8211 598.8
123.165 -621.9
132.765 -617.1
137.565 -619.5
156.765 -609.9
142.365 -617.1
144.765 -568.5
132.765 -534.9
258.509 -505.8
203.309 -493.8
215.309 -493.8
222.509 -505.8
232.109 -474.6
234.509 -472.2
200.909 -486.6
208.109 -484.2
135.165 -474.3
120.765 -474.3
188.909 -414
188.909 -411.6
196.109 -418.8
127.965 -368.1
175.965 -394.5
149.565 -375.3
173.565 -375.3
203.309 -305.4
208.109 -305.4
205.709 -307.8
234.509 -293.4
239.309 -295.8
123.165 -305.1
147.165 -312.3
149.565 -317.1
210.509 -218.4
241.709 -254.4
232.109 -247.2
222.509 -240
241.709 -249.6
251.309 -254.4
196.109 -230.4
156.765 -174.9
154.365 -191.7
147.165 -203.7
159.165 -174.9
149.565 -198.9
154.365 -194.1
183.165 -174.9
173.565 -198.9
149.565 -230.1
139.965 -222.9
149.565 -170.1
142.365 -174.9
156.765 -230.1
203.309 -157.8
258.509 -133.8
227.309 -153
217.709 -162.6
210.509 -165
217.709 -160.2
154.365 -119.1
144.765 -80.7
151.965 -97.5
161.565 -143.1
159.165 -104.7
137.565 -78.3
139.965 -80.7
178.365 -97.5
183.165 -95.1
139.965 -75.9
163.965 -92.7
180.765 -99.9
173.565 -99.9
166.365 -95.1
113.565 -104.7
123.165 -95.1
118.365 -107.1
142.365 -83.1
125.565 -99.9
171.165 -102.3
156.765 -97.5
161.565 -83.1
161.565 -111.9
118.365 -99.9
156.765 -116.7
125.565 -104.7
173.565 -97.5
178.365 -90.3
224.909 -58.8
239.309 -44.4
229.709 -56.4
205.709 -92.4
212.909 -99.6
244.109 -34.8
203.309 -37.2
208.109 -42
227.309 -46.8
253.709 -49.2
251.309 -54
258.509 -61.2
253.709 -58.8
222.509 -78
220.109 -75.6
236.909 -85.2
188.909 -63.6
232.109 -92.4
220.109 -97.2
246.509 -44.4
224.909 -54
239.309 -49.2
246.509 -46.8
251.309 -42
205.709 -37.2
239.309 -99.6
142.365 -27.3
125.565 -17.7
139.965 -22.5
178.365 -3.3
163.965 -48.9
156.765 -32.1
159.165 -39.3
147.165 1.5
163.965 -51.3
144.765 6.3
137.565 3.9
147.165 3.9
156.765 8.7
151.965 -17.7
161.565 -46.5
154.365 -36.9
144.765 -0.9
139.965 8.7
156.765 -51.3
173.565 -12.9
161.565 -51.3
171.165 -10.5
171.165 -34.5
175.965 -44.1
144.765 -51.3
135.165 -53.7
135.165 -51.3
118.365 -39.3
135.165 -24.9
123.165 3.9
151.965 -58.5
125.565 -3.3
180.765 -24.9
161.565 -51.3
159.165 -44.1
173.565 -39.3
132.765 -51.3
232.109 23.4
229.709 35.4
256.109 42.6
232.109 6.6
193.709 25.8
232.109 9
215.309 16.2
205.709 23.4
244.109 1.8
200.909 6.6
229.709 40.2
191.309 16.2
241.709 47.4
251.309 21
217.709 9
198.509 42.6
196.109 35.4
205.709 45
241.709 52.2
210.509 -10.2
229.709 1.8
178.365 62.1
168.765 78.9
173.565 76.5
171.165 76.5
180.765 71.7
115.965 62.1
135.165 71.7
156.765 54.9
154.365 59.7
166.365 81.3
135.165 45.3
137.565 38.1
118.365 71.7
139.965 35.7
161.565 35.7
166.365 45.3
168.765 66.9
163.965 93.3
142.365 38.1
156.765 59.7
159.165 71.7
159.165 45.3
132.765 83.7
144.765 74.1
151.965 28.5
168.765 42.9
118.365 47.7
118.365 52.5
132.765 33.3
203.309 127.2
198.509 134.4
208.109 115.2
203.309 115.2
198.509 115.2
251.309 134.4
220.109 84
241.709 76.8
215.309 88.8
193.709 96
248.909 93.6
236.909 93.6
227.309 105.6
244.109 76.8
234.509 84
220.109 124.8
232.109 141.6
241.709 129.6
258.509 124.8
248.909 132
248.909 84
251.309 103.2
244.109 134.4
120.765 134.7
139.965 122.7
120.765 139.5
168.765 144.3
183.165 134.7
132.765 158.7
139.965 168.3
137.565 122.7
127.965 170.7
154.365 161.1
147.165 156.3
175.965 175.5
156.765 156.3
120.765 156.3
123.165 173.1
123.165 170.7
125.565 175.5
163.965 151.5
123.165 144.3
147.165 151.5
183.165 146.7
163.965 129.9
166.365 132.3
171.165 132.3
151.965 132.3
142.365 132.3
118.365 134.7
144.765 153.9
123.165 168.3
168.765 134.7
135.165 163.5
161.565 146.7
200.909 219
203.309 192.6
232.109 204.6
239.309 185.4
244.109 178.2
198.509 195
244.109 197.4
234.509 199.8
244.109 199.8
256.109 195
196.109 207
210.509 178.2
241.709 202.2
251.309 214.2
239.309 199.8
246.509 216.6
188.909 202.2
208.109 166.2
203.309 190.2
191.309 192.6
198.509 192.6
239.309 168.6
224.909 168.6
212.909 163.8
246.509 175.8
236.909 163.8
258.509 180.6
256.109 178.2
193.709 207
229.709 159
203.309 187.8
215.309 175.8
205.709 190.2
193.709 199.8
113.565 238.5
115.965 252.9
149.565 272.1
178.365 240.9
171.165 257.7
178.365 236.1
173.565 248.1
180.765 224.1
171.165 252.9
123.165 221.7
193.709 265.2
241.709 308.4
222.509 284.4
212.909 308.4
210.509 313.2
215.309 296.4
217.709 303.6
222.509 270
217.709 296.4
193.709 289.2
208.109 315.6
191.309 296.4
118.365 325.5
120.765 311.1
123.165 308.7
142.365 311.1
120.765 323.1
149.565 311.1
115.965 327.9
180.765 320.7
198.509 347.4
253.709 349.8
246.509 347.4
232.109 342.6
220.109 335.4
251.309 354.6
229.709 361.8
205.709 376.2
227.309 366.6
227.309 369
241.709 357
222.509 373.8
200.909 357
203.309 364.2
156.765 390.9
120.765 407.7
251.309 523.8
239.309 516.6
241.709 521.4
256.109 531
258.509 526.2
331.454 -631.5
297.854 -653.1
290.654 -641.1
285.854 -633.9
281.054 -602.7
283.454 -621.9
297.854 -665.1
297.854 -660.3
295.454 -655.5
317.054 -561.3
290.654 -532.5
293.054 -527.7
290.654 -554.1
288.254 -549.3
288.254 -546.9
302.654 -520.5
273.854 -435.9
281.054 -431.1
266.654 -450.3
297.854 -346.5
276.254 -283.5
285.854 -295.5
290.654 -302.7
281.054 -222.9
288.254 -208.5
288.254 -218.1
293.054 -215.7
266.654 -104.7
276.254 -104.7
290.654 -102.3
288.254 -78.3
271.454 -95.1
285.854 -90.3
293.054 -80.7
324.254 -92.7
264.254 -109.5
307.454 -104.7
333.854 -95.1
314.654 -104.7
276.254 -133.5
288.254 -143.1
285.854 -102.3
290.654 -109.5
293.054 -95.1
285.854 -75.9
314.654 -128.7
288.254 -107.1
302.654 -48.9
314.654 8.7
278.654 -27.3
271.454 -32.1
324.254 -32.1
329.054 -22.5
331.454 -17.7
326.654 -36.9
312.254 -56.1
305.054 -34.5
293.054 -48.9
319.454 -5.7
293.054 -56.1
314.654 -24.9
312.254 -32.1
276.254 -20.1
285.854 -8.1
273.854 -24.9
281.054 -22.5
278.654 -24.9
271.454 -20.1
297.854 -51.3
276.254 -27.3
273.854 -27.3
278.654 -39.3
278.654 -3.3
273.854 -15.3
305.054 -22.5
312.254 -0.9
324.254 74.1
317.054 88.5
329.054 69.3
285.854 35.7
281.054 40.5
321.854 74.1
288.254 35.7
283.454 35.7
276.254 40.5
285.854 33.3
309.854 57.3
309.854 47.7
312.254 78.9
295.454 95.7
312.254 76.5
266.654 71.7
266.654 76.5
312.254 62.1
290.654 35.7
324.254 74.1
293.054 40.5
300.254 74.1
297.854 76.5
290.654 88.5
290.654 93.3
314.654 64.5
333.854 153.9
307.454 141.9
317.054 139.5
329.054 139.5
293.054 141.9
285.854 144.3
295.454 125.1
297.854 125.1
319.454 139.5
324.254 139.5
317.054 153.9
314.654 153.9
293.054 175.5
329.054 132.3
321.854 149.1
271.454 134.7
281.054 129.9
293.054 122.7
276.254 134.7
285.854 120.3
331.454 137.1
273.854 153.9
285.854 151.5
290.654 153.9
295.454 149.1
333.854 137.1
321.854 146.7
273.854 146.7
293.054 125.1
290.654 132.3
297.854 120.3
300.254 120.3
317.054 120.3
278.654 134.7
278.654 129.9
276.254 163.5
283.454 122.7
278.654 144.3
326.654 137.1
273.854 173.1
276.254 173.1
307.454 161.1
283.454 168.3
281.054 151.5
333.854 158.7
273.854 151.5
302.654 149.1
276.254 236.1
266.654 231.3
266.654 233.7
300.254 255.3
300.254 224.1
307.454 236.1
312.254 238.5
329.054 252.9
324.254 252.9
300.254 231.3
285.854 214.5
276.254 260.1
278.654 240.9
278.654 224.1
278.654 337.5
319.454 354.3
271.454 335.1
278.654 347.1
305.054 359.1
290.654 356.7
297.854 359.1
288.254 436.5
324.254 410.1
295.454 424.5
321.854 402.9
285.854 400.5
295.454 402.9
293.054 405.3
309.854 407.7
319.454 405.3
293.054 516.3
297.854 521.1
293.054 523.5
297.854 518.7
300.254 521.1
297.854 523.5
295.454 521.1
293.054 521.1
295.454 518.7
295.454 516.3
297.854 516.3
297.854 513.9
295.454 523.5
300.254 518.7
276.254 581.7
293.054 608.1
317.054 620.1
