-585.1 -107.7
-509.756 58.8
-512.156 58.8
-555.356 216
-582.7 281.1
-587.5 281.1
-582.7 278.7
-580.3 276.3
-573.1 283.5
-582.7 276.3
-585.1 276.3
-577.9 283.5
-585.1 278.7
-580.3 278.7
-592.3 276.3
-577.9 278.7
-580.3 283.5
-580.3 273.9
-580.3 281.1
-577.9 276.3
-582.7 273.9
-587.5 278.7
-577.9 281.1
-589.9 290.7
-587.5 276.3
-451.212 -281.7
-344.667 -110.4
-453.612 -117.3
-356.667 -35.4
-371.067 -54.6
-387.867 -71.4
-436.812 -11.1
-444.012 22.5
-344.667 25.2
-414.267 49.2
-395.067 22.8
-404.667 39.6
-402.267 34.8
-446.412 49.5
-460.812 95.1
-434.412 114.3
-458.412 102.3
-456.012 71.1
-458.412 189.3
-427.212 148.5
-477.612 162.9
-404.667 218.4
-232.379 -199.8
-276.523 -173.1
-305.323 -201.9
-283.723 -170.7
-317.323 -201.9
-213.179 -117.6
-201.179 -136.8
-196.379 -136.8
-283.723 -93.3
-288.523 -88.5
-305.323 -117.3
-283.723 -81.3
-269.323 -86.1
-283.723 -78.9
-244.379 -37.8
-251.579 -30.6
-220.379 -76.2
-331.723 17.7
-203.579 22.8
-225.179 75.6
-208.379 32.4
-227.579 42
-326.923 107.1
-336.523 90.3
-251.579 117
-193.979 136.2
-193.979 143.4
-307.723 158.1
-293.323 184.5
-176.235 -236.1
-60.0905 -195
-98.4905 -228.6
-91.2905 -245.4
-105.691 -228.6
-110.491 -231
-108.091 -221.4
-98.4905 -228.6
-88.8905 -216.6
-86.4905 -216.6
-171.435 -156.3
-169.035 -180.3
-145.035 -170.7
-154.635 -158.7
-176.235 -173.1
-57.6905 -141.6
-76.8905 -129.6
-79.2905 -160.8
-81.6905 -98.4
-72.0905 -115.2
-112.891 -132
-62.4905 -153.6
-64.8905 -160.8
-142.635 -54.9
-142.635 -64.5
-110.491 -42.6
-72.0905 -11.4
-50.4905 -69
-60.0905 -35.4
-69.6905 -25.8
-45.6905 -45
-74.4905 -21
-45.6905 -42.6
-79.2905 -16.2
-79.2905 -13.8
-79.2905 -18.6
-55.2905 -40.2
-67.2905 -30.6
-152.235 -37.5
-137.835 17.7
-123.435 8.1
-152.235 29.7
-123.435 5.7
-133.035 20.1
-133.035 22.5
-128.235 29.7
-130.635 32.1
-60.0905 15.6
-74.4905 8.4
-50.4905 18
-48.0905 20.4
-108.091 37.2
-88.8905 10.8
-105.691 30
-79.2905 6
-93.6905 15.6
-110.491 39.6
-110.491 34.8
-103.291 22.8
-100.891 18
-64.8905 49.2
-103.291 20.4
-55.2905 75.6
-55.2905 73.2
-69.6905 37.2
-67.2905 37.2
-62.4905 44.4
-57.6905 44.4
-50.4905 51.6
-84.0905 30
-105.691 49.2
-110.491 49.2
-91.2905 61.2
-84.0905 63.6
-72.0905 66
-96.0905 51.6
-81.6905 58.8
-96.0905 49.2
-62.4905 75.6
-112.891 42
-100.891 46.8
-93.6905 51.6
-50.4905 68.4
-74.4905 49.2
-74.4905 51.6
-79.2905 42
-76.8905 44.4
-67.2905 61.2
-86.4905 22.8
-76.8905 49.2
-69.6905 63.6
-161.835 109.5
-159.435 90.3
-159.435 85.5
-157.035 95.1
-157.035 97.5
-135.435 119.1
-142.635 114.3
-164.235 71.1
-164.235 61.5
-161.835 87.9
-140.235 119.1
-164.235 73.5
-164.235 75.9
-164.235 80.7
-154.635 75.9
-133.035 73.5
-147.435 78.3
-140.235 61.5
-181.035 75.9
-181.035 68.7
-178.635 104.7
-166.635 114.3
-169.035 104.7
-164.235 119.1
-157.035 51.9
-171.435 80.7
-169.035 116.7
-171.435 99.9
-171.435 111.9
-171.435 87.9
-173.835 59.1
-183.435 83.1
-154.635 54.3
-157.035 54.3
-183.435 78.3
-159.435 56.7
-166.635 59.1
-152.235 49.5
-52.8905 114.6
-110.491 129
-100.891 131.4
-48.0905 112.2
-93.6905 133.8
-84.0905 131.4
-76.8905 133.8
-43.2905 112.2
-64.8905 117
-60.0905 119.4
-79.2905 112.2
-81.6905 112.2
-96.0905 105
-48.0905 109.8
-43.2905 126.6
-45.6905 117
-45.6905 109.8
-74.4905 126.6
-103.291 141
-81.6905 133.8
-100.891 155.4
-69.6905 145.8
-81.6905 153
-60.0905 141
-98.4905 157.8
-45.6905 126.6
-93.6905 157.8
-74.4905 155.4
-96.0905 109.8
-84.0905 109.8
-64.8905 114.6
-93.6905 109.8
-67.2905 105
-74.4905 136.2
-76.8905 141
-88.8905 155.4
-67.2905 100.2
-88.8905 157.8
-74.4905 138.6
-74.4905 141
-84.0905 153
-67.2905 126.6
-57.6905 124.2
-81.6905 160.2
-55.2905 107.4
-69.6905 148.2
-55.2905 121.8
-84.0905 162.6
-55.2905 117
-57.6905 121.8
-67.2905 145.8
-140.235 138.9
-125.835 150.9
-137.835 148.5
-128.235 153.3
-149.835 141.3
-123.435 155.7
-154.635 138.9
-166.635 165.3
-152.235 172.5
-154.635 174.9
-135.435 172.5
-176.235 146.1
-123.435 174.9
-128.235 172.5
-169.035 155.7
-152.235 170.1
-173.835 150.9
-149.835 170.1
-50.4905 244.8
-55.2905 240
-52.8905 240
-67.2905 244.8
-103.291 242.4
-98.4905 220.8
8.05368 -236.1
80.9979 -192.6
107.398 -197.4
104.998 -216.6
-11.1463 -153.9
-30.3463 -177.9
5.65368 -141.9
-20.7463 -149.1
29.6537 -192.3
-3.94632 -158.7
-32.7463 -173.1
-35.1463 -163.5
83.3979 -148.8
49.7979 -115.2
71.3979 -165.6
88.1979 -122.4
54.5979 -110.4
17.6537 -88.5
-13.5463 -54.9
-1.54632 -95.7
-20.7463 -74.1
-11.1463 -69.3
17.6537 -105.3
102.598 -61.8
17.6537 8.1
-27.9463 5.7
-18.3463 8.1
-23.1463 8.1
-8.74632 32.1
0.853681 32.1
24.8537 5.7
15.2537 17.7
10.4537 27.3
12.8537 20.1
10.4537 22.5
29.6537 -1.5
40.1979 34.8
66.5979 49.2
47.3979 44.4
95.3979 75.6
54.5979 46.8
88.1979 66
83.3979 63.6
76.1979 56.4
59.3979 46.8
66.5979 54
73.7979 58.8
61.7979 49.2
40.1979 32.4
52.1979 42
73.7979 61.2
80.9979 75.6
56.9979 68.4
71.3979 73.2
-6.34632 66.3
-11.1463 68.7
-20.7463 83.1
0.853681 54.3
5.65368 54.3
-20.7463 80.7
-3.94632 61.5
-27.9463 61.5
-27.9463 63.9
-27.9463 73.5
-27.9463 75.9
-32.7463 95.1
-27.9463 66.3
-8.74632 99.9
-13.5463 102.3
-1.54632 90.3
-11.1463 99.9
-20.7463 109.5
8.05368 59.1
8.05368 75.9
5.65368 80.7
-11.1463 104.7
-20.7463 111.9
-37.5463 83.1
-23.1463 111.9
-20.7463 73.5
12.8537 63.9
-23.1463 75.9
10.4537 66.3
22.4537 59.1
15.2537 71.1
27.2537 87.9
8.05368 61.5
24.8537 85.5
10.4537 61.5
15.2537 78.3
64.1979 138.6
78.5979 121.8
102.598 121.8
102.598 117
104.998 117
104.998 109.8
104.998 119.4
92.9979 148.2
56.9979 150.6
80.9979 121.8
83.3979 114.6
47.3979 155.4
92.9979 141
76.1979 124.2
59.3979 145.8
66.5979 138.6
80.9979 112.2
52.1979 150.6
49.7979 150.6
49.7979 141
83.3979 95.4
73.7979 100.2
-25.5463 189.3
-8.74632 153.3
29.6537 172.5
32.0537 174.9
27.2537 174.9
-18.3463 150.9
32.0537 158.1
-1.54632 160.5
15.2537 167.7
-23.1463 146.1
15.2537 162.9
-8.74632 155.7
-1.54632 155.7
-11.1463 158.1
15.2537 158.1
61.7979 194.4
80.9979 223.2
-11.1463 276.3
3.25368 247.5
-20.7463 266.7
-13.5463 293.1
10.4537 247.5
3.25368 276.3
-15.9463 259.5
24.8537 271.5
-32.7463 252.3
141.942 -238.5
246.086 -211.8
236.486 -195
231.686 -204.6
146.742 -168.3
153.942 -170.7
129.942 -144.3
146.742 -182.7
146.742 -161.1
129.942 -187.5
238.886 -105.6
214.886 -144
243.686 -103.2
163.542 -64.5
144.342 -95.7
190.886 -42.6
190.886 -45
193.286 -40.2
250.886 -42.6
195.686 -25.8
202.886 -16.2
241.286 -64.2
175.542 5.7
125.142 -8.7
149.142 17.7
170.742 27.3
153.942 -27.9
177.942 22.5
161.142 -18.3
177.942 8.1
236.486 49.2
205.286 58.8
202.886 66
222.086 37.2
210.086 46.8
214.886 42
234.086 25.2
214.886 44.4
234.086 30
229.286 30
219.686 37.2
222.086 15.6
234.086 37.2
200.486 68.4
214.886 13.2
222.086 8.4
207.686 10.8
229.286 32.4
217.286 42
151.542 68.7
173.142 92.7
177.942 61.5
182.742 95.1
175.542 71.1
175.542 61.5
175.542 59.1
175.542 83.1
217.286 119.4
219.686 129
226.886 136.2
202.886 112.2
202.886 102.6
238.886 141
222.086 126.6
210.086 121.8
214.886 126.6
250.886 131.4
231.686 129
195.686 114.6
217.286 129
238.886 131.4
224.486 129
212.486 124.2
200.486 119.4
173.142 198.9
217.286 230.4
234.086 216
248.486 189.6
285.431 -206.7
283.031 -204.3
285.431 -158.7
355.975 -103.2
278.231 -90.9
302.231 -71.7
295.031 -81.3
314.231 -107.7
360.775 -23.4
358.375 -25.8
363.175 -25.8
358.375 -28.2
353.575 -25.8
355.975 -25.8
360.775 -25.8
360.775 -28.2
353.575 -21
353.575 -23.4
355.975 -23.4
363.175 -18.6
358.375 -23.4
370.375 -18.6
365.575 -18.6
365.575 -45
323.831 -15.9
278.231 24.9
280.631 24.9
285.431 24.9
297.431 29.7
302.231 32.1
307.031 8.1
304.631 5.7
285.431 27.3
273.431 15.3
283.031 24.9
278.231 20.1
290.231 27.3
295.031 32.1
379.975 32.4
321.431 59.1
328.631 90.3
321.431 56.7
328.631 87.9
331.031 78.3
319.031 54.3
328.631 73.5
295.031 68.7
321.431 75.9
292.631 104.7
302.231 49.5
287.831 114.3
304.631 59.1
304.631 54.3
307.031 61.5
323.831 66.3
321.431 61.5
365.575 124.2
377.575 107.4
285.431 141.3
275.831 146.1
280.631 143.7
365.575 230.4
353.575 230.4
353.575 240
343.975 213.6
367.975 230.4
360.775 230.4
363.175 230.4
353.575 235.2
353.575 232.8
360.775 228
355.975 240
360.775 235.2
363.175 237.6
358.375 242.4
358.375 237.6
358.375 230.4
367.975 225.6
358.375 235.2
355.975 237.6
365.575 232.8
358.375 240
355.975 230.4
358.375 232.8
353.575 237.6
355.975 232.8
360.775 232.8
365.575 237.6
355.975 235.2
367.975 235.2
363.175 232.8
552.263 -211.8
554.663 -209.4
552.263 -209.4
549.863 -209.4
549.863 -214.2
552.263 -214.2
557.063 -207
549.863 -211.8
559.463 -214.2
464.919 -189.9
549.863 -117.6
540.263 -117.6
547.463 -120
545.063 -122.4
549.863 -105.6
545.063 -115.2
547.463 -115.2
542.663 -112.8
542.663 -115.2
542.663 -120
552.263 -122.4
542.663 -117.6
540.263 -115.2
547.463 -117.6
545.063 -117.6
537.863 -110.4
545.063 -120
549.863 -115.2
540.263 -120
419.319 -71.7
450.519 -71.7
476.919 5.7
533.063 13.2
540.263 37.2
499.463 63.6
547.463 194.4
570.007 78.3
598.807 104.7
