-516.956 -228.6
-500.156 -202.2
-512.156 -243
-580.3 -90.9
-587.5 -81.3
-526.556 -18.6
-531.356 -64.2
-555.356 -69
-509.756 -13.8
-531.356 -13.8
-528.956 -64.2
-533.756 -13.8
-521.756 -16.2
-507.356 -69
-502.556 -28.2
-504.956 -64.2
-495.356 -25.8
-507.356 -11.4
-538.556 -40.2
-594.7 5.7
-592.3 -32.7
-577.9 22.5
-580.3 22.5
-570.7 8.1
-577.9 17.7
-495.356 37.2
-536.156 13.2
-589.9 51.9
-599.5 56.7
-577.9 71.1
-582.7 66.3
-585.1 54.3
-573.1 85.5
-580.3 75.9
-582.7 75.9
-543.356 102.6
-524.156 107.4
-502.556 102.6
-509.756 105
-526.556 107.4
-533.756 107.4
-502.556 105
-512.156 145.8
-512.156 148.2
-514.556 143.4
-507.356 138.6
-500.156 148.2
-512.156 141
-516.956 141
-516.956 143.4
-509.756 138.6
-509.756 141
-509.756 143.4
-512.156 143.4
-516.956 138.6
-526.556 141
-507.356 143.4
-507.356 141
-507.356 153
-509.756 145.8
-512.156 136.2
-519.356 141
-512.156 189.6
-514.556 189.6
-441.612 -257.7
-439.212 -267.3
-448.812 -233.7
-470.412 -276.9
-385.467 -207
-407.067 -221.4
-434.412 -163.5
-487.212 -177.9
-484.812 -173.1
-458.412 -170.7
-448.812 -141.9
-436.812 -175.5
-407.067 -134.4
-383.067 -136.8
-373.467 -100.8
-399.867 -153.6
-373.467 -163.2
-383.067 -127.2
-392.667 -127.2
-414.267 -127.2
-427.212 -76.5
-441.612 -59.7
-446.412 -54.9
-351.867 -54.6
-390.267 -57
-373.467 -13.8
-366.267 -47.4
-344.667 -61.8
-356.667 -16.2
-387.867 -25.8
-363.867 -16.2
-390.267 -49.8
-399.867 -61.8
-383.067 -57
-363.867 -71.4
-395.067 -45
-387.867 -52.2
-383.067 -61.8
-378.267 -76.2
-395.067 -59.4
-432.012 -8.7
-453.612 17.7
-458.412 27.3
-460.812 22.5
-470.412 8.1
-484.812 -3.9
-475.212 0.9
-482.412 -1.5
-477.612 0.9
-487.212 -8.7
-475.212 3.3
-475.212 15.3
-489.612 -1.5
-460.812 -13.5
-484.812 5.7
-420.012 10.5
-351.867 70.8
-380.667 46.8
-409.467 56.4
-351.867 37.2
-351.867 54
-356.667 39.6
-366.267 54
-409.467 44.4
-371.067 49.2
-347.067 42
-380.667 6
-359.067 34.8
-354.267 66
-347.067 51.6
-349.467 61.2
-344.667 54
-349.467 58.8
-349.467 54
-385.467 20.4
-368.667 37.2
-395.067 13.2
-385.467 27.6
-390.267 22.8
-361.467 39.6
-356.667 44.4
-463.212 61.5
-460.812 56.7
-470.412 78.3
-480.012 87.9
-472.812 80.7
-460.812 63.9
-453.612 78.3
-356.667 114.6
-347.067 148.2
-404.667 112.2
-407.067 109.8
-344.667 129
-356.667 136.2
-356.667 119.4
-363.867 102.6
-363.867 105
-363.867 95.4
-354.267 133.8
-361.467 119.4
-359.067 129
-366.267 97.8
-351.867 138.6
-366.267 107.4
-366.267 145.8
-366.267 143.4
-368.667 124.2
-359.067 162.6
-470.412 182.1
-458.412 194.1
-444.012 150.9
-482.412 172.5
-472.812 167.7
-420.012 165.3
-422.412 158.1
-427.212 146.1
-420.012 172.5
-427.212 155.7
-424.812 160.5
-397.467 211.2
-363.867 182.4
-344.667 220.8
-208.379 -199.8
-222.779 -192.6
-241.979 -233.4
-244.379 -197.4
-256.379 -214.2
-220.379 -233.4
-244.379 -238.2
-253.979 -223.8
-281.323 -153.9
-288.523 -156.3
-288.523 -163.5
-278.923 -165.9
-286.123 -149.1
-334.123 -165.9
-329.323 -161.1
-300.523 -163.5
-302.923 -161.1
-329.323 -192.3
-196.379 -124.8
-198.779 -124.8
-201.179 -127.2
-225.179 -120
-244.379 -110.4
-237.179 -103.2
-244.379 -108
-229.979 -100.8
-215.579 -108
-244.379 -115.2
-217.979 -110.4
-208.379 -103.2
-246.779 -117.6
-203.579 -158.4
-237.179 -100.8
-229.979 -110.4
-208.379 -134.4
-198.779 -129.6
-198.779 -141.6
-249.179 -136.8
-258.779 -117.6
-227.579 -151.2
-201.179 -103.2
-225.179 -151.2
-253.979 -112.8
-241.979 -100.8
-241.979 -103.2
-261.179 -117.6
-258.779 -115.2
-253.979 -115.2
-251.579 -115.2
-227.579 -148.8
-314.923 -88.5
-274.123 -81.3
-298.123 -86.1
-293.323 -100.5
-286.123 -69.3
-305.323 -98.1
-298.123 -114.9
-300.523 -114.9
-314.923 -83.7
-324.523 -102.9
-334.123 -95.7
-281.323 -105.3
-319.723 -74.1
-322.123 -64.5
-322.123 -59.7
-288.523 -102.9
-322.123 -62.1
-276.523 -107.7
-274.123 -107.7
-300.523 -95.7
-322.123 -69.3
-317.323 -81.3
-307.723 -90.9
-310.123 -62.1
-290.923 -98.1
-305.323 -74.1
-310.123 -69.3
-293.323 -98.1
-314.923 -57.3
-295.723 -98.1
-283.723 -76.5
-278.923 -83.7
-295.723 -95.7
-288.523 -54.9
-286.123 -90.9
-288.523 -86.1
-310.123 -112.5
-305.323 -112.5
-298.123 -117.3
-331.723 -83.7
-288.523 -119.7
-336.523 -74.1
-319.723 -107.7
-288.523 -122.1
-278.923 -57.3
-310.123 -81.3
-286.123 -66.9
-302.923 -78.9
-314.923 -81.3
-290.923 -71.7
-326.923 -83.7
-326.923 -76.5
-300.523 -102.9
-215.579 -59.4
-227.579 -42.6
-241.979 -71.4
-237.179 -47.4
-213.179 -66.6
-258.779 -59.4
-196.379 -59.4
-244.379 -18.6
-208.379 -23.4
-205.979 -30.6
-213.179 -18.6
-203.579 -71.4
-205.979 -33
-203.579 -33
-203.579 -64.2
-203.579 -40.2
-205.979 -71.4
-196.379 -21
-213.179 -71.4
-198.779 -49.8
-208.379 -35.4
-241.979 -37.8
-251.579 -30.6
-234.779 -33
-210.779 -59.4
-205.979 -45
-201.179 -57
-244.379 -35.4
-256.379 -25.8
-246.779 -35.4
-229.979 -61.8
-232.379 -52.2
-229.979 -54.6
-227.579 -81
-290.923 8.1
-302.923 -11.1
-286.123 -25.5
-314.923 -23.1
-305.323 -8.7
-312.523 -18.3
-314.923 -15.9
-300.523 -3.9
-319.723 -27.9
-317.323 -23.1
-295.723 0.9
-310.123 -13.5
-307.723 -8.7
-274.123 -1.5
-276.523 -3.9
-295.723 -18.3
-300.523 -23.1
-290.923 -13.5
-298.123 -15.9
-300.523 -18.3
-295.723 -15.9
-290.923 -15.9
-281.323 -3.9
-338.923 3.3
-317.323 12.9
-317.323 0.9
-326.923 -25.5
-326.923 22.5
-324.523 20.1
-274.123 -20.7
-286.123 -18.3
-312.523 -25.5
-295.723 29.7
-271.723 5.7
-269.323 -3.9
-281.323 17.7
-269.323 -6.3
-208.379 68.4
-227.579 54
-222.779 58.8
-213.179 34.8
-201.179 32.4
-198.779 27.6
-208.379 46.8
-227.579 58.8
-215.579 42
-232.379 75.6
-229.979 61.2
-210.779 34.8
-205.979 58.8
-213.179 68.4
-222.779 61.2
-220.379 39.6
-220.379 37.2
-215.579 32.4
-251.579 61.2
-246.779 68.4
-258.779 51.6
-241.979 70.8
-246.779 66
-244.379 68.4
-305.323 119.1
-326.923 97.5
-317.323 95.1
-322.123 95.1
-326.923 95.1
-312.523 104.7
-322.123 97.5
-314.923 116.7
-307.723 71.1
-286.123 59.1
-329.323 87.9
-290.923 59.1
-269.323 75.9
-302.923 61.5
-283.723 61.5
-319.723 63.9
-307.723 59.1
-307.723 99.9
-324.523 85.5
-331.723 83.1
-298.123 114.3
-319.723 90.3
-326.923 83.1
-229.979 126.6
-234.779 107.4
-208.379 97.8
-193.979 119.4
-198.779 114.6
-198.779 112.2
-222.779 117
-217.979 126.6
-232.379 97.8
-227.579 112.2
-225.179 117
-229.979 105
-213.179 133.8
-220.379 124.2
-196.379 114.6
-251.579 136.2
-239.579 105
-246.779 131.4
-249.179 136.2
-237.179 97.8
-237.179 107.4
-237.179 95.4
-256.379 143.4
-244.379 153
-237.179 112.2
-237.179 102.6
-244.379 160.2
-298.123 138.9
-298.123 172.5
-293.323 191.7
-326.923 191.7
-283.723 196.5
-305.323 182.1
-312.523 138.9
-331.723 153.3
-274.123 153.3
-300.523 158.1
-271.723 150.9
-293.323 189.3
-298.123 189.3
-278.923 186.9
-307.723 182.1
-208.379 235.2
-295.723 225.9
-293.323 235.5
-310.123 245.1
-312.523 247.5
-269.323 264.3
-125.835 -236.1
-142.635 -233.7
-130.635 -288.9
-128.235 -291.3
-145.035 -231.3
-140.235 -240.9
-100.891 -243
-88.8905 -192.6
-74.4905 -207
-79.2905 -190.2
-96.0905 -231
-91.2905 -199.8
-60.0905 -190.2
-81.6905 -192.6
-57.6905 -219
-62.4905 -216.6
-86.4905 -214.2
-88.8905 -245.4
-93.6905 -245.4
-121.035 -182.7
-123.435 -180.3
-159.435 -204.3
-142.635 -192.3
-128.235 -158.7
-169.035 -168.3
-145.035 -151.5
-159.435 -168.3
-147.435 -187.5
-185.835 -170.7
-164.235 -185.1
-60.0905 -146.4
-76.8905 -100.8
-76.8905 -115.2
-48.0905 -151.2
-93.6905 -122.4
-64.8905 -134.4
-105.691 -132
-110.491 -124.8
-108.091 -129.6
-103.291 -134.4
-108.091 -132
-93.6905 -144
-112.891 -124.8
-103.291 -136.8
-79.2905 -117.6
-45.6905 -122.4
-64.8905 -112.8
-84.0905 -115.2
-108.091 -136.8
-67.2905 -148.8
-100.891 -134.4
-52.8905 -100.8
-50.4905 -103.2
-169.035 -107.7
-137.835 -105.3
-181.035 -98.1
-140.235 -86.1
-135.435 -95.7
-169.035 -105.3
-183.435 -71.7
-149.835 -110.1
-157.035 -105.3
-164.235 -102.9
-145.035 -83.7
-154.635 -124.5
-76.8905 -69
-72.0905 -73.8
-93.6905 -64.2
-91.2905 -57
-60.0905 -40.2
-88.8905 -76.2
-96.0905 -23.4
-64.8905 -16.2
-72.0905 -69
-103.291 -61.8
-52.8905 -13.8
-55.2905 -13.8
-64.8905 -11.4
-60.0905 -11.4
-79.2905 -16.2
-84.0905 -13.8
-86.4905 -16.2
-69.6905 -13.8
-67.2905 -54.6
-62.4905 -54.6
-91.2905 -59.4
-69.6905 -47.4
-62.4905 -71.4
-69.6905 -21
-62.4905 -69
-72.0905 -45
-72.0905 -30.6
-74.4905 -37.8
-69.6905 -64.2
-93.6905 -37.8
-84.0905 -33
-98.4905 -40.2
-112.891 -45
-48.0905 -59.4
-79.2905 -71.4
-69.6905 -71.4
-69.6905 -73.8
-79.2905 -73.8
-60.0905 -71.4
-96.0905 -71.4
-50.4905 -64.2
-103.291 -69
-103.291 -52.2
-91.2905 -73.8
-103.291 -23.4
-100.891 -57
-103.291 -28.2
-98.4905 -64.2
-142.635 17.7
-147.435 29.7
-140.235 12.9
-135.435 8.1
-133.035 3.3
-133.035 15.3
-121.035 10.5
-157.035 32.1
-152.235 29.7
-154.635 27.3
-166.635 -30.3
-188.235 3.3
-178.635 8.1
-125.835 5.7
-164.235 5.7
-133.035 3.3
-161.835 5.7
-142.635 0.9
-178.635 10.5
-149.835 22.5
-176.235 20.1
-135.435 24.9
-171.435 17.7
-140.235 20.1
-145.035 20.1
-121.035 -20.7
-173.835 10.5
-137.835 20.1
-152.235 12.9
-173.835 8.1
-149.835 -18.3
-64.8905 15.6
-74.4905 18
-79.2905 42
-76.8905 54
-60.0905 13.2
-55.2905 13.2
-86.4905 30
-81.6905 18
-84.0905 25.2
-88.8905 34.8
-79.2905 10.8
-76.8905 6
-91.2905 54
-91.2905 44.4
-64.8905 73.2
-69.6905 10.8
-72.0905 15.6
-79.2905 27.6
-74.4905 15.6
-81.6905 32.4
-81.6905 34.8
-67.2905 68.4
-67.2905 73.2
-62.4905 42
-48.0905 32.4
-69.6905 66
-57.6905 37.2
-72.0905 54
-96.0905 56.4
-108.091 56.4
-103.291 54
-98.4905 51.6
-55.2905 68.4
-81.6905 66
-50.4905 34.8
-81.6905 63.6
-79.2905 56.4
-86.4905 70.8
-86.4905 63.6
-52.8905 32.4
-57.6905 32.4
-81.6905 13.2
-76.8905 15.6
-48.0905 68.4
-72.0905 18
-60.0905 30
-74.4905 13.2
-76.8905 75.6
-74.4905 61.2
-76.8905 58.8
-57.6905 66
-88.8905 58.8
-76.8905 61.2
-48.0905 20.4
-50.4905 20.4
-67.2905 61.2
-55.2905 30
-88.8905 42
-93.6905 42
-76.8905 32.4
-84.0905 34.8
-81.6905 63.6
-91.2905 32.4
-76.8905 66
-81.6905 51.6
-79.2905 58.8
-57.6905 39.6
-88.8905 73.2
-74.4905 51.6
-81.6905 61.2
-60.0905 42
-79.2905 61.2
-55.2905 39.6
-88.8905 70.8
-76.8905 54
-93.6905 68.4
-57.6905 20.4
-91.2905 61.2
-88.8905 51.6
-88.8905 44.4
-52.8905 13.2
-84.0905 39.6
-52.8905 18
-91.2905 54
-84.0905 37.2
-103.291 63.6
-112.891 44.4
-100.891 66
-103.291 58.8
-79.2905 56.4
-67.2905 37.2
-48.0905 22.8
-76.8905 51.6
-60.0905 27.6
-64.8905 27.6
-86.4905 75.6
-72.0905 42
-52.8905 32.4
-50.4905 30
-60.0905 44.4
-45.6905 27.6
-50.4905 27.6
-48.0905 25.2
-67.2905 63.6
-69.6905 68.4
-60.0905 13.2
-62.4905 15.6
-74.4905 27.6
-84.0905 61.2
-84.0905 49.2
-72.0905 6
-74.4905 6
-84.0905 8.4
-72.0905 13.2
-74.4905 13.2
-45.6905 20.4
-67.2905 18
-69.6905 46.8
-86.4905 68.4
-86.4905 70.8
-43.2905 37.2
-98.4905 63.6
-100.891 61.2
-74.4905 75.6
-45.6905 66
-98.4905 73.2
-50.4905 46.8
-67.2905 46.8
-67.2905 49.2
-88.8905 61.2
-55.2905 73.2
-74.4905 63.6
-72.0905 66
-173.835 78.3
-178.635 90.3
-142.635 78.3
-123.435 102.3
-149.835 61.5
-149.835 56.7
-140.235 85.5
-125.835 102.3
-135.435 95.1
-147.435 78.3
-128.235 116.7
-133.035 109.5
-135.435 102.3
-128.235 68.7
-133.035 75.9
-166.635 54.3
-133.035 116.7
-169.035 59.1
-152.235 107.1
-142.635 83.1
-123.435 66.3
-133.035 71.1
-147.435 90.3
-154.635 107.1
-154.635 104.7
-135.435 73.5
-121.035 63.9
-159.435 114.3
-161.835 56.7
-145.035 114.3
-123.435 75.9
-118.635 107.1
-159.435 109.5
-152.235 56.7
-154.635 54.3
-140.235 87.9
-145.035 99.9
-140.235 75.9
-171.435 102.3
-135.435 85.5
-145.035 95.1
-137.835 87.9
-149.835 97.5
-152.235 99.9
-140.235 92.7
-123.435 63.9
-142.635 99.9
-171.435 107.1
-159.435 104.7
-133.035 78.3
-130.635 78.3
-125.835 68.7
-140.235 83.1
-128.235 73.5
-142.635 83.1
-88.8905 150.6
-105.691 153
-84.0905 105
-57.6905 97.8
-67.2905 95.4
-69.6905 93
-62.4905 100.2
-91.2905 112.2
-100.891 112.2
-64.8905 112.2
-105.691 112.2
-81.6905 160.2
-72.0905 126.6
-74.4905 126.6
-55.2905 107.4
-100.891 133.8
-84.0905 131.4
-79.2905 112.2
-84.0905 97.8
-60.0905 131.4
-81.6905 107.4
-50.4905 136.2
-86.4905 100.2
-88.8905 95.4
-76.8905 112.2
-110.491 121.8
-110.491 124.2
-108.091 124.2
-60.0905 102.6
-103.291 126.6
-52.8905 160.2
-110.491 129
-69.6905 157.8
-72.0905 157.8
-96.0905 148.2
-91.2905 155.4
-91.2905 109.8
-108.091 126.6
-93.6905 114.6
-69.6905 143.4
-81.6905 131.4
-76.8905 136.2
-91.2905 97.8
-93.6905 97.8
-55.2905 155.4
-91.2905 112.2
-84.0905 131.4
-84.0905 133.8
-72.0905 121.8
-76.8905 119.4
-79.2905 117
-86.4905 107.4
-57.6905 131.4
-60.0905 133.8
-84.0905 109.8
-76.8905 121.8
-52.8905 136.2
-62.4905 131.4
-108.091 112.2
-74.4905 109.8
-79.2905 97.8
-57.6905 129
-81.6905 95.4
-79.2905 100.2
-50.4905 133.8
-60.0905 126.6
-67.2905 124.2
-57.6905 105
-43.2905 121.8
-55.2905 109.8
-60.0905 107.4
-57.6905 107.4
-48.0905 117
-72.0905 95.4
-43.2905 119.4
-52.8905 114.6
-43.2905 131.4
-55.2905 131.4
-52.8905 131.4
-81.6905 109.8
-52.8905 133.8
-67.2905 126.6
-72.0905 124.2
-45.6905 133.8
-55.2905 136.2
-69.6905 129
-48.0905 136.2
-50.4905 136.2
-108.091 131.4
-74.4905 121.8
-100.891 133.8
-86.4905 131.4
-93.6905 136.2
-110.491 121.8
-84.0905 157.8
-96.0905 145.8
-84.0905 160.2
-110.491 126.6
-96.0905 150.6
-157.035 148.5
-147.435 138.9
-145.035 141.3
-166.635 148.5
-173.835 148.5
-147.435 146.1
-154.635 146.1
-62.4905 187.2
-91.2905 194.4
-88.8905 242.4
-137.835 235.5
-128.235 240.3
8.05368 -291.3
-15.9463 -255.3
-3.94632 -288.9
-15.9463 -243.3
-25.5463 -262.5
47.3979 -199.8
54.5979 -211.8
92.9979 -204.6
97.7979 -209.4
56.9979 -192.6
49.7979 -199.8
80.9979 -219
76.1979 -190.2
59.3979 -192.6
56.9979 -233.4
83.3979 -190.2
76.1979 -187.8
-23.1463 -146.7
3.25368 -144.3
10.4537 -158.7
22.4537 -182.7
-15.9463 -141.9
-20.7463 -151.5
17.6537 -204.3
22.4537 -197.1
8.05368 -151.5
5.65368 -158.7
27.2537 -177.9
8.05368 -146.7
5.65368 -211.5
-1.54632 -185.1
-1.54632 -204.3
0.853681 -204.3
-1.54632 -175.5
-3.94632 -182.7
5.65368 -149.1
-15.9463 -201.9
54.5979 -136.8
40.1979 -132
59.3979 -127.2
76.1979 -115.2
40.1979 -120
54.5979 -158.4
83.3979 -146.4
71.3979 -134.4
92.9979 -103.2
88.1979 -139.2
66.5979 -148.8
73.7979 -139.2
76.1979 -134.4
64.1979 -148.8
78.5979 -134.4
64.1979 -105.6
68.9979 -141.6
83.3979 -165.6
73.7979 -168
107.398 -117.6
95.3979 -158.4
95.3979 -98.4
90.5979 -163.2
95.3979 -160.8
104.998 -151.2
52.1979 -156
85.7979 -136.8
49.7979 -146.4
44.9979 -141.6
68.9979 -144
92.9979 -108
68.9979 -134.4
61.7979 -100.8
61.7979 -117.6
102.598 -156
76.1979 -141.6
59.3979 -117.6
71.3979 -148.8
97.7979 -122.4
104.998 -120
85.7979 -127.2
71.3979 -146.4
71.3979 -139.2
100.198 -117.6
80.9979 -127.2
76.1979 -127.2
56.9979 -134.4
44.9979 -151.2
22.4537 -93.3
-8.74632 -69.3
-1.54632 -76.5
-25.5463 -78.9
24.8537 -66.9
3.25368 -90.9
-18.3463 -86.1
-20.7463 -81.3
-15.9463 -105.3
-27.9463 -71.7
-15.9463 -93.3
-27.9463 -69.3
-23.1463 -78.9
-13.5463 -105.3
-18.3463 -81.3
27.2537 -112.5
-25.5463 -59.7
29.6537 -69.3
-35.1463 -93.3
20.0537 -93.3
22.4537 -93.3
15.2537 -95.7
-13.5463 -102.9
5.65368 -100.5
-1.54632 -100.5
24.8537 -90.9
27.2537 -90.9
-3.94632 -102.9
17.6537 -98.1
-30.3463 -98.1
8.05368 -78.9
22.4537 -98.1
20.0537 -98.1
-13.5463 -95.7
-1.54632 -88.5
17.6537 -66.9
-11.1463 -95.7
15.2537 -71.7
-13.5463 -98.1
10.4537 -81.3
12.8537 -78.9
59.3979 -52.2
102.598 -37.8
47.3979 -69
71.3979 -69
52.1979 -18.6
52.1979 -16.2
56.9979 -42.6
54.5979 -49.8
56.9979 -28.2
54.5979 -54.6
56.9979 -47.4
56.9979 -45
56.9979 -52.2
56.9979 -33
83.3979 -61.8
80.9979 -73.8
73.7979 -64.2
71.3979 -71.4
92.9979 -52.2
85.7979 -57
76.1979 -61.8
102.598 -47.4
76.1979 -59.4
83.3979 -57
64.1979 -76.2
-11.1463 -8.7
-23.1463 3.3
15.2537 5.7
0.853681 -6.3
-32.7463 -11.1
-27.9463 -15.9
-6.34632 -15.9
10.4537 -8.7
29.6537 5.7
12.8537 -6.3
3.25368 -13.5
15.2537 -6.3
-30.3463 -20.7
-3.94632 -15.9
-6.34632 -18.3
5.65368 -13.5
-23.1463 -20.7
-35.1463 5.7
-25.5463 20.1
-32.7463 8.1
-20.7463 27.3
10.4537 0.9
17.6537 8.1
24.8537 27.3
-32.7463 -18.3
-11.1463 -1.5
15.2537 32.1
-18.3463 10.5
-13.5463 29.7
-1.54632 22.5
32.0537 8.1
3.25368 20.1
10.4537 22.5
-20.7463 22.5
8.05368 22.5
0.853681 24.9
15.2537 20.1
-11.1463 22.5
-11.1463 12.9
-13.5463 32.1
-6.34632 32.1
-20.7463 10.5
-6.34632 15.3
22.4537 29.7
5.65368 20.1
-25.5463 8.1
-1.54632 17.7
-15.9463 10.5
12.8537 22.5
24.8537 27.3
5.65368 32.1
-1.54632 29.7
8.05368 17.7
17.6537 20.1
-18.3463 12.9
-25.5463 15.3
0.853681 15.3
-27.9463 17.7
-13.5463 8.1
-1.54632 10.5
-1.54632 8.1
-6.34632 10.5
-3.94632 5.7
27.2537 12.9
3.25368 8.1
20.0537 12.9
22.4537 10.5
-23.1463 -1.5
-37.5463 0.9
-25.5463 -3.9
-11.1463 -1.5
5.65368 0.9
32.0537 20.1
-35.1463 0.9
12.8537 0.9
32.0537 17.7
-3.94632 10.5
0.853681 5.7
22.4537 -25.5
10.4537 -1.5
5.65368 3.3
12.8537 -3.9
-15.9463 17.7
20.0537 -18.3
-15.9463 20.1
17.6537 -8.7
5.65368 17.7
-8.74632 24.9
-3.94632 17.7
27.2537 15.3
-13.5463 27.3
100.198 25.2
42.5979 54
42.5979 49.2
42.5979 37.2
44.9979 51.6
44.9979 46.8
83.3979 34.8
68.9979 34.8
97.7979 42
66.5979 37.2
107.398 54
107.398 46.8
97.7979 44.4
61.7979 8.4
90.5979 15.6
40.1979 56.4
104.998 42
44.9979 49.2
42.5979 51.6
37.7979 39.6
44.9979 42
52.1979 49.2
56.9979 56.4
68.9979 46.8
83.3979 63.6
85.7979 73.2
78.5979 58.8
66.5979 42
78.5979 56.4
76.1979 51.6
88.1979 70.8
78.5979 54
68.9979 44.4
54.5979 34.8
44.9979 56.4
42.5979 49.2
47.3979 61.2
49.7979 70.8
44.9979 51.6
40.1979 42
61.7979 54
64.1979 73.2
47.3979 27.6
56.9979 39.6
66.5979 68.4
64.1979 61.2
44.9979 25.2
64.1979 58.8
40.1979 34.8
47.3979 58.8
47.3979 63.6
71.3979 49.2
73.7979 51.6
78.5979 75.6
56.9979 75.6
71.3979 73.2
83.3979 75.6
5.65368 104.7
-32.7463 90.3
8.05368 78.3
8.05368 75.9
17.6537 68.7
-13.5463 87.9
-20.7463 87.9
0.853681 85.5
32.0537 78.3
29.6537 83.1
-6.34632 107.1
-18.3463 109.5
20.0537 92.7
8.05368 102.3
5.65368 102.3
32.0537 83.1
-13.5463 109.5
-23.1463 75.9
-30.3463 85.5
-18.3463 59.1
-30.3463 87.9
-30.3463 90.3
12.8537 61.5
-3.94632 66.3
0.853681 61.5
17.6537 116.7
-6.34632 85.5
-25.5463 90.3
-3.94632 85.5
-23.1463 90.3
15.2537 78.3
-11.1463 80.7
-23.1463 92.7
-3.94632 49.5
-6.34632 78.3
-1.54632 68.7
-23.1463 95.1
-1.54632 51.9
22.4537 102.3
17.6537 56.7
24.8537 71.1
20.0537 61.5
15.2537 116.7
20.0537 107.1
22.4537 104.7
24.8537 99.9
-23.1463 73.5
-1.54632 119.1
-3.94632 109.5
-3.94632 87.9
-3.94632 107.1
15.2537 119.1
12.8537 107.1
-32.7463 102.3
-30.3463 109.5
-11.1463 97.5
-15.9463 85.5
12.8537 75.9
-1.54632 75.9
15.2537 71.1
8.05368 68.7
0.853681 54.3
15.2537 83.1
22.4537 114.3
27.2537 111.9
-1.54632 119.1
20.0537 109.5
17.6537 111.9
32.0537 102.3
24.8537 107.1
-8.74632 73.5
5.65368 61.5
22.4537 59.1
-18.3463 102.3
10.4537 59.1
-15.9463 116.7
12.8537 54.3
-20.7463 85.5
8.05368 87.9
-3.94632 54.3
-1.54632 59.1
5.65368 102.3
3.25368 61.5
-1.54632 54.3
-3.94632 51.9
-6.34632 61.5
-13.5463 56.7
12.8537 109.5
10.4537 92.7
12.8537 92.7
12.8537 99.9
12.8537 90.3
-11.1463 56.7
-3.94632 63.9
-18.3463 56.7
20.0537 87.9
17.6537 90.3
-13.5463 109.5
29.6537 68.7
3.25368 107.1
29.6537 73.5
27.2537 85.5
5.65368 107.1
-20.7463 111.9
8.05368 109.5
-32.7463 85.5
27.2537 90.3
24.8537 90.3
104.998 150.6
68.9979 155.4
107.398 141
102.598 107.4
100.198 119.4
90.5979 157.8
107.398 150.6
107.398 148.2
80.9979 162.6
97.7979 157.8
90.5979 162.6
64.1979 141
56.9979 141
54.5979 141
68.9979 145.8
44.9979 138.6
49.7979 114.6
56.9979 107.4
44.9979 124.2
71.3979 136.2
49.7979 153
88.1979 109.8
68.9979 143.4
52.1979 153
76.1979 136.2
83.3979 124.2
66.5979 145.8
88.1979 112.2
52.1979 109.8
42.5979 119.4
40.1979 124.2
68.9979 97.8
56.9979 131.4
68.9979 109.8
40.1979 141
59.3979 124.2
47.3979 133.8
71.3979 109.8
47.3979 131.4
78.5979 100.2
54.5979 145.8
-18.3463 141.3
10.4537 138.9
15.2537 143.7
29.6537 160.5
32.0537 177.3
20.0537 179.7
-32.7463 184.5
3.25368 167.7
-18.3463 150.9
-23.1463 153.3
-3.94632 143.7
-23.1463 155.7
8.05368 153.3
-20.7463 160.5
3.25368 155.7
-6.34632 162.9
-1.54632 160.5
8.05368 155.7
15.2537 158.1
-11.1463 148.5
5.65368 155.7
24.8537 160.5
-3.94632 153.3
-1.54632 138.9
-15.9463 143.7
8.05368 138.9
-3.94632 136.5
12.8537 138.9
10.4537 141.3
5.65368 136.5
-25.5463 162.9
-11.1463 155.7
-1.54632 148.5
-13.5463 160.5
24.8537 196.5
22.4537 179.7
73.7979 228
52.1979 213.6
52.1979 189.6
100.198 228
97.7979 208.8
68.9979 225.6
66.5979 230.4
3.25368 245.1
177.942 -236.1
175.542 -236.1
177.942 -238.5
173.142 -236.1
173.142 -233.7
175.542 -238.5
165.942 -228.9
175.542 -233.7
165.942 -231.3
158.742 -252.9
180.342 -262.5
151.542 -228.9
139.542 -257.7
229.286 -199.8
226.886 -199.8
205.286 -202.2
180.342 -180.3
149.142 -211.5
173.142 -144.3
139.542 -153.9
173.142 -201.9
141.942 -149.1
146.742 -146.7
132.342 -153.9
137.142 -153.9
125.142 -158.7
125.142 -156.3
132.342 -156.3
149.142 -177.9
134.742 -192.3
151.542 -161.1
151.542 -168.3
149.142 -151.5
127.542 -197.1
125.142 -199.5
141.942 -187.5
125.142 -201.9
153.942 -173.1
151.542 -180.3
226.886 -139.2
202.886 -134.4
202.886 -132
200.486 -151.2
217.286 -139.2
234.086 -127.2
210.086 -105.6
231.686 -103.2
182.742 -66.9
141.942 -95.7
175.542 -71.7
141.942 -119.7
158.742 -88.5
151.542 -98.1
168.342 -90.9
180.342 -86.1
146.742 -86.1
180.342 -78.9
182.742 -83.7
115.542 -81.3
163.542 -64.5
113.142 -86.1
177.942 -107.7
168.342 -78.9
151.542 -54.9
170.742 -83.7
170.742 -112.5
170.742 -105.3
170.742 -93.3
168.342 -88.5
173.142 -112.5
165.942 -74.1
161.142 -66.9
165.942 -78.9
222.086 -23.4
207.686 -40.2
229.286 -25.8
200.486 -49.8
258.086 -52.2
236.486 -18.6
246.086 -61.8
205.286 -69
219.686 -64.2
195.686 -28.2
241.286 -21
207.686 -28.2
234.086 -49.8
231.686 -35.4
253.286 -40.2
241.286 -69
238.886 -71.4
202.886 -45
234.086 -69
231.686 -69
207.686 -54.6
193.286 -25.8
250.886 -71.4
222.086 -64.2
219.686 -64.2
241.286 -73.8
115.542 10.5
139.542 20.1
158.742 27.3
117.942 -1.5
129.942 20.1
238.886 66
195.686 56.4
229.286 42
234.086 63.6
226.886 34.8
241.286 10.8
198.086 66
234.086 46.8
195.686 66
195.686 63.6
200.486 46.8
195.686 49.2
243.686 49.2
255.686 49.2
217.286 37.2
226.886 44.4
241.286 49.2
212.486 34.8
205.286 27.6
198.086 20.4
250.886 56.4
248.486 66
229.286 68.4
168.342 68.7
156.342 83.1
153.942 78.3
115.542 87.9
182.742 102.3
177.942 95.1
170.742 90.3
129.942 102.3
127.542 80.7
129.942 99.9
129.942 85.5
132.342 104.7
127.542 78.3
125.142 71.1
125.142 73.5
132.342 85.5
137.142 80.7
146.742 87.9
149.142 119.1
137.142 68.7
132.342 66.3
125.142 59.1
134.742 63.9
129.942 59.1
146.742 87.9
156.342 85.5
165.942 92.7
224.486 102.6
224.486 131.4
214.886 119.4
238.886 102.6
190.886 131.4
188.486 129
188.486 131.4
195.686 124.2
217.286 102.6
255.686 126.6
212.486 141
224.486 160.2
224.486 93
241.286 150.6
153.942 165.3
139.542 143.7
125.142 160.5
144.342 138.9
141.942 141.3
137.142 141.3
129.942 158.1
139.542 191.7
122.742 160.5
125.142 201.3
222.086 199.2
163.542 259.5
137.142 281.1
161.142 249.9
271.031 -257.7
299.831 -267.3
353.575 -190.2
351.175 -209.4
382.375 -214.2
363.175 -228.6
377.575 -190.2
358.375 -195
321.431 -168.3
321.431 -153.9
314.231 -144.3
326.231 -165.9
307.031 -187.5
355.975 -144
365.575 -117.6
382.375 -105.6
391.975 -117.6
387.175 -115.2
401.575 -127.2
273.431 -83.7
309.431 -95.7
328.631 -83.7
314.231 -122.1
326.231 -86.1
316.631 -98.1
309.431 -122.1
311.831 -112.5
307.031 -122.1
311.831 -86.1
316.631 -100.5
311.831 -57.3
266.231 -93.3
285.431 -74.1
309.431 -83.7
287.831 -64.5
278.231 -69.3
285.431 -64.5
287.831 -66.9
314.231 -78.9
365.575 -61.8
408.775 -37.8
379.975 -81
370.375 -66.6
363.175 -66.6
375.175 -66.6
367.975 -69
363.175 -25.8
353.575 -18.6
401.575 -35.4
375.175 -76.2
399.175 -37.8
391.975 -45
377.575 -78.6
379.975 -61.8
375.175 -73.8
377.575 -71.4
401.575 -33
379.975 -78.6
346.375 -28.2
271.031 0.9
311.831 -13.5
319.031 -23.1
285.431 5.7
290.231 -23.1
271.031 -11.1
273.431 -11.1
287.831 -1.5
290.231 24.9
311.831 -35.1
316.631 -23.1
331.031 17.7
292.631 29.7
302.231 -32.7
316.631 -25.5
319.031 8.1
319.031 -18.3
319.031 -30.3
321.431 -15.9
326.231 -6.3
396.775 66
401.575 56.4
391.975 70.8
389.575 73.2
399.175 49.2
341.575 39.6
346.375 44.4
351.175 49.2
353.575 34.8
406.375 63.6
396.775 70.8
391.975 66
295.031 102.3
278.231 63.9
275.831 71.1
292.631 73.5
311.831 56.7
319.031 87.9
333.431 97.5
297.431 66.3
302.231 119.1
299.831 116.7
309.431 71.1
396.775 117
389.575 102.6
384.775 117
401.575 141
387.175 148.2
391.975 107.4
408.775 136.2
389.575 107.4
387.175 119.4
403.975 129
394.375 119.4
384.775 105
384.775 133.8
377.575 133.8
384.775 126.6
391.975 131.4
399.175 107.4
384.775 109.8
394.375 150.6
316.631 186.9
304.631 174.9
316.631 184.5
316.631 191.7
328.631 167.7
280.631 182.1
304.631 141.3
302.231 143.7
278.231 203.7
285.431 194.1
450.519 -243.3
431.319 -276.9
438.519 -272.1
501.863 -245.4
426.519 -149.1
421.719 -163.5
419.319 -165.9
428.919 -146.7
431.319 -156.3
547.463 -115.2
492.263 -117.6
516.263 -98.4
525.863 -98.4
492.263 -132
523.463 -112.8
421.719 -64.5
431.319 -117.3
416.919 -86.1
467.319 -107.7
416.919 -86.1
469.719 -110.1
424.119 -110.1
452.919 -124.5
476.919 -105.3
460.119 -78.9
433.719 -100.5
452.919 -86.1
438.519 -78.9
421.719 -83.7
433.719 -107.7
445.719 -107.7
450.519 -76.5
479.319 -78.9
501.863 -42.6
521.063 -47.4
497.063 -40.2
542.663 -52.2
501.863 -69
499.463 -54.6
497.063 -54.6
499.463 -59.4
540.263 -49.8
542.663 -49.8
528.263 -47.4
504.263 -54.6
443.319 -20.7
431.319 -18.3
438.519 -23.1
426.519 -23.1
436.119 -20.7
445.719 -20.7
440.919 -20.7
424.119 -23.1
438.519 32.1
479.319 10.5
509.063 70.8
501.863 58.8
547.463 66
509.063 61.2
542.663 68.4
523.463 66
489.863 44.4
492.263 49.2
509.063 63.6
506.663 68.4
509.063 73.2
552.263 63.6
506.663 58.8
518.663 66
501.863 54
499.463 54
518.663 75.6
476.919 59.1
474.519 87.9
452.919 109.5
421.719 83.1
479.319 87.9
462.519 109.5
462.519 107.1
467.319 99.9
460.119 56.7
460.119 107.1
448.119 78.3
462.519 99.9
455.319 68.7
440.919 63.9
457.719 92.7
440.919 56.7
431.319 63.9
443.319 68.7
469.719 92.7
492.263 136.2
497.063 131.4
509.063 112.2
501.863 129
492.263 138.6
511.463 148.2
509.063 145.8
528.263 148.2
455.319 167.7
436.119 198.9
455.319 150.9
472.119 148.5
467.319 148.5
469.719 150.9
457.719 170.1
464.919 160.5
433.719 148.5
460.119 162.9
497.063 204
525.863 216
596.407 -163.5
574.807 -110.1
596.407 -57.3
591.607 -57.3
582.007 -25.5
596.407 17.7
596.407 8.1
594.007 20.1
594.007 12.9
579.607 114.3
570.007 99.9
572.407 160.5
598.807 182.1
574.807 174.9
582.007 158.1
582.007 160.5
579.607 165.3
572.407 179.7
584.407 158.1
579.607 172.5
574.807 264.3
