        0.0001875000        0.0000000000
        0.0005625000        0.0000000000
        0.0009375000        0.0000000000
        0.0013125000        0.0000000000
        0.0016875000        0.0000000000
        0.0020625000        0.0000000000
        0.0024374998        0.0000000000
        0.0028125001        0.0000000000
        0.0031874999        0.0000000000
        0.0035625002        0.0000000000
        0.0039375001        0.0000000000
        0.0043124999        0.0000000000
        0.0046875002        0.0000000000
        0.0050625000        1.0000000000
        0.0054374998        0.0000000000
        0.0058125001        1.0000000000
        0.0061875000        0.0000000000
        0.0065625003        0.0000000000
        0.0069375001        0.0000000000
        0.0073124999        1.0000000000
        0.0076875002        1.0000000000
        0.0080625005        0.0000000000
        0.0084374994        2.0000000000
        0.0088125002        3.0000000000
        0.0091875000        0.0000000000
        0.0095624998        1.0000000000
        0.0099375006        2.0000000000
        0.0103124995        3.0000000000
        0.0106875002        7.0000000000
        0.0110625001        4.0000000000
        0.0114374999        6.0000000000
        0.0118125007        2.0000000000
        0.0121874996        2.0000000000
        0.0125625003        7.0000000000
        0.0129375001        5.0000000000
        0.0133125000        6.0000000000
        0.0136875007        9.0000000000
        0.0140624996        5.0000000000
        0.0144375004        7.0000000000
        0.0148125002        9.0000000000
        0.0151875000        7.0000000000
        0.0155625008        4.0000000000
        0.0159374997        1.0000000000
        0.0163125005        7.0000000000
        0.0166875012        2.0000000000
        0.0170625001        6.0000000000
        0.0174374990       13.0000000000
        0.0178124998        8.0000000000
        0.0181875005       18.0000000000
        0.0185624994       14.0000000000
        0.0189375002        9.0000000000
        0.0193125010       10.0000000000
        0.0196874999       14.0000000000
        0.0200624987        9.0000000000
        0.0204375014       16.0000000000
        0.0208125003       26.0000000000
        0.0211874992       29.0000000000
        0.0215624999       34.0000000000
        0.0219375007       28.0000000000
        0.0223124996       31.0000000000
        0.0226875003       45.0000000000
        0.0230625011       37.0000000000
        0.0234375000       37.0000000000
        0.0238124989       53.0000000000
        0.0241875015       64.0000000000
        0.0245625004       71.0000000000
        0.0249374993       91.0000000000
        0.0253125001      119.0000000000
        0.0256875008      151.0000000000
        0.0260624997      205.0000000000
        0.0264375005      242.0000000000
        0.0268125013      291.0000000000
        0.0271875001      324.0000000000
        0.0275624990      445.0000000000
        0.0279375017      565.0000000000
        0.0283125006      692.0000000000
        0.0286874995      982.0000000000
        0.0290625002     1172.0000000000
        0.0294375010     1495.0000000000
        0.0298124999     1787.0000000000
        0.0301875006     1831.0000000000
        0.0305625014     1381.0000000000
        0.0309375003      885.0000000000
        0.0313124992      427.0000000000
        0.0316874981      174.0000000000
        0.0320625007       75.0000000000
        0.0324375033       27.0000000000
        0.0328124985       13.0000000000
        0.0331875011       18.0000000000
        0.0335625000       11.0000000000
        0.0339374989        9.0000000000
        0.0343125015       12.0000000000
        0.0346875004        3.0000000000
        0.0350624993        3.0000000000
        0.0354375020        8.0000000000
        0.0358124971        5.0000000000
        0.0361874998        1.0000000000
