        0.0001600000         0.0000000000
        0.0004800000         0.0000000000
        0.0008000000         0.0000000000
        0.0011200001         0.0000000000
        0.0014400000         0.0000000000
        0.0017600001         0.0000000000
        0.0020800000         0.0000000000
        0.0024000001         0.0000000000
        0.0027200002         0.0000000000
        0.0030400003         0.0000000000
        0.0033600002         0.0000000000
        0.0036800003         0.0000000000
        0.0040000007         0.0000000000
        0.0043200003         1.0000000000
        0.0046399999         0.0000000000
        0.0049600005         0.0000000000
        0.0052800002         1.0000000000
        0.0056000007         1.0000000000
        0.0059200004         2.0000000000
        0.0062400000         5.0000000000
        0.0065600006         4.0000000000
        0.0068800002         3.0000000000
        0.0072000008         3.0000000000
        0.0075200005         1.0000000000
        0.0078400001         4.0000000000
        0.0081600007         6.0000000000
        0.0084800012         4.0000000000
        0.0088000000         6.0000000000
        0.0091200005         8.0000000000
        0.0094400011         3.0000000000
        0.0097600007         6.0000000000
        0.0100800004        11.0000000000
        0.0104000010         7.0000000000
        0.0107200006         7.0000000000
        0.0110400002         5.0000000000
        0.0113600008        11.0000000000
        0.0116800014         8.0000000000
        0.0120000001        11.0000000000
        0.0123200007        13.0000000000
        0.0126400013        17.0000000000
        0.0129600009        14.0000000000
        0.0132800005        16.0000000000
        0.0136000011        22.0000000000
        0.0139200008        32.0000000000
        0.0142400004        33.0000000000
        0.0145600010        25.0000000000
        0.0148800015        26.0000000000
        0.0152000012        39.0000000000
        0.0155200008        33.0000000000
        0.0158400014        25.0000000000
        0.0161600001        39.0000000000
        0.0164800026        55.0000000000
        0.0168000013        48.0000000000
        0.0171200000        52.0000000000
        0.0174400024        47.0000000000
        0.0177600011        70.0000000000
        0.0180799998        71.0000000000
        0.0184000023        98.0000000000
        0.0187200010        68.0000000000
        0.0190399997        89.0000000000
        0.0193600021       105.0000000000
        0.0196800008        99.0000000000
        0.0200000014       116.0000000000
        0.0203200020       122.0000000000
        0.0206400007       141.0000000000
        0.0209600013       132.0000000000
        0.0212800018       170.0000000000
        0.0216000006       153.0000000000
        0.0219200030       191.0000000000
        0.0222400017       202.0000000000
        0.0225600004       254.0000000000
        0.0228800029       247.0000000000
        0.0232000016       287.0000000000
        0.0235200003       334.0000000000
        0.0238400027       361.0000000000
        0.0241600014       403.0000000000
        0.0244800001       497.0000000000
        0.0248000026       563.0000000000
        0.0251200013       708.0000000000
        0.0254400019       813.0000000000
        0.0257600024       956.0000000000
        0.0260800011      1196.0000000000
        0.0264000017      1453.0000000000
        0.0267200023      1775.0000000000
        0.0270400010      2095.0000000000
        0.0273600016      2606.0000000000
        0.0276800022      3151.0000000000
        0.0280000009      3973.0000000000
        0.0283200033      4956.0000000000
        0.0286400020      6122.0000000000
        0.0289600007      7776.0000000000
        0.0292800032      9953.0000000000
        0.0296000019     12629.0000000000
        0.0299200006     14757.0000000000
        0.0302400030     14757.0000000000
        0.0305600017     11955.0000000000
        0.0308800023      8301.0000000000
        0.0312000010      4480.0000000000
        0.0315200016      2225.0000000000
        0.0318400040       947.0000000000
