        15  tau-              tau+             -3  0  1     1.77684     0.00000     0.00000  8.71197e-02  0  1
              2   41 7.34582e-03        16        22      -211       111         0
              2   41 2.52018e-03        16      -321       111       111         0
              2   41 5.56022e-02        16      -211       111       111       111
              2   41 2.09073e-03        16      -211      -311         0         0
              2   41 1.03903e-02        16      -321       311         0         0
              2   41 1.11091e-02        16       311      -211      -311         0
              2   41 1.03903e-02        16      -321       111       311         0
              2   41 2.61392e-02        16      -211      -311       111         0
              2   41 3.01254e-01        16      -211       211      -211       111
              2   41 2.23490e-02        16      -321       211      -211         0
              2   41 8.88732e-03        16      -321       211      -211       111
              2   41 9.14871e-03        16      -321      -211       321         0
              2   41 1.03250e-04        16      -321       321      -321         0
              2   41 9.08336e-03        16       221      -211       111         0
              2   41 2.09073e-02        16      -211       223       111         0
              2   41 2.67926e-03        16      -321       223         0         0
              3   41 7.34582e-03        16        22      -211       111         0
              3   41 2.52018e-03        16      -321       111       111         0
              3   41 5.56022e-02        16      -211       111       111       111
              3   41 2.09073e-03        16      -211      -311         0         0
              3   41 1.03903e-02        16      -321       311         0         0
              3   41 1.11091e-02        16       311      -211      -311         0
              3   41 1.03903e-02        16      -321       111       311         0
              3   41 2.61392e-02        16      -211      -311       111         0
              3   41 3.01254e-01        16      -211       211      -211       111
              3   41 2.23490e-02        16      -321       211      -211         0
              3   41 8.88732e-03        16      -321       211      -211       111
              3   41 9.14871e-03        16      -321      -211       321         0
              3   41 1.03250e-04        16      -321       321      -321         0
              3   41 9.08336e-03        16       221      -211       111         0
              3   41 2.09073e-02        16      -211       223       111         0
              3   41 2.67926e-03        16      -321       223         0         0
        43  Xu0                                 0  0  0     1.00000     0.00000     0.00000  0.00000e+00  0  1
              1   11 1.00000e+00         2        -2         0         0         0
        44  Xu+               Xu-               3  0  1     1.00000     0.00000     0.00000  0.00000e+00  0  1
              2   11 5.00000e-01         2        -1         0         0         0
              3   11 5.00000e-01         2        -1         0         0         0
        84  c-hadron          c-hadronbar       2  0  1     2.00000     0.00000     0.00000  1.00000e-01  0  1
              2   42 4.00000e-02       -11        12         3        81         0
              2   42 4.00000e-02       -13        14         3        81         0
              2   11 3.80000e-01         2        -1         3        81         0
              2   11 4.00000e-02         2        -3         3        81         0
              3   42 4.00000e-02       -11        12         3        81         0
              3   42 4.00000e-02       -13        14         3        81         0
              3   11 3.80000e-01         2        -1         3        81         0
              3   11 4.00000e-02         2        -3         3        81         0
       441  eta_c                               0  0  0     2.98030     0.02670     0.15000  0.00000e+00  0  1
              1   12 1.00000e+00        82       -82         0         0         0
       443  J/psi                               0  0  0     3.09692     0.00009     0.00020  0.00000e+00  0  1
              1   12 1.75583e-01        82       -82         0         0         0
              1    4 7.57861e-01        21        21        21         0         0
              1    4 6.65562e-02        22        21        21         0         0
       445  chi_2c                              0  0  0     3.55620     0.00203     0.00600  0.00000e+00  0  1
              1   12 1.00000e+00        82       -82         0         0         0
       511  B0                Bbar0             0  0  1     5.27953     0.00000     0.00000  4.57184e-01  0  1
              2   23 1.10770e-02     -4101      2101         0         0         0
              2   23 2.21541e-02     -4103      2103         0         0         0
              2   23 3.02103e-03     -4301      2101         0         0         0
              2   23 6.04206e-03     -4303      2103         0         0         0
              2   48 2.72740e-01         2        -1        -4         1         0
              2   13 4.74244e-02         2        -1        -4         1         0
              2   13 2.02469e-02         2        -3        -4         1         0
              2   48 1.75159e-02         2        -4        -1         1         0
              2   48 6.00225e-04         2        -4        -3         1         0
              2   48 4.16407e-03         4        -3        -2         1         0
              2   13 7.45182e-02         4        -3        -4         1         0
              2   13 6.04206e-03         4        -1        -4         1         0
              2   48 3.02103e-03         2        -1        -2         1         0
              2   48 2.06433e-03         2        -2        -1         1         0
              2   48 7.05143e-05         1        -1        -1         1         0
              2   48 9.06186e-05         3        -3        -1         1         0
              2   48 2.21536e-03         2        -2        -3         1         0
              2   48 1.81258e-03         1        -1        -3         1         0
              2   48 1.51051e-03         3        -3        -3         1         0
              2   33 5.03505e-03        -3        21         1         0         0
              3   23 1.10167e-02     -4101      2101         0         0         0
              3   23 2.20334e-02     -4103      2103         0         0         0
              3   23 3.00457e-03     -4301      2101         0         0         0
              3   23 6.00914e-03     -4303      2103         0         0         0
              3   48 2.71254e-01         2        -1        -4         1         0
              3   13 4.71660e-02         2        -1        -4         1         0
              3   13 2.01366e-02         2        -3        -4         1         0
              3   48 1.74205e-02         2        -4        -1         1         0
              3   48 5.96955e-04         2        -4        -3         1         0
              3   48 4.14138e-03         4        -3        -2         1         0
              3   13 7.41122e-02         4        -3        -4         1         0
              3   13 6.00914e-03         4        -1        -4         1         0
              3   48 3.00457e-03         2        -1        -2         1         0
              3   48 2.05308e-03         2        -2        -1         1         0
              3   48 7.01303e-05         1        -1        -1         1         0
              3   48 9.01256e-05         3        -3        -1         1         0
              3   48 2.20329e-03         2        -2        -3         1         0
              3   48 1.80270e-03         1        -1        -3         1         0
              3   48 1.50228e-03         3        -3        -3         1         0
              3   33 5.00761e-03        -3        21         1         0         0
       521  B+                B-                3  0  1     5.27915     0.00000     0.00000  4.91060e-01  0  1
              2   23 3.85522e-02     -4103      2203         0         0         0
              2   23 1.05143e-02     -4303      2203         0         0         0
              2   48 2.61348e-01         2        -1        -4         2         0
              2   13 5.02348e-02         2        -1        -4         2         0
              2   13 2.52273e-02         2        -3        -4         2         0
              2   13 8.64505e-02         4        -3        -4         2         0
              2   13 4.67297e-03         4        -1        -4         2         0
              2   48 3.50473e-03         2        -1        -2         2         0
              2   48 4.64651e-03         4        -3        -2         2         0
              2   48 2.39491e-03         2        -2        -1         2         0
              2   48 8.17996e-05         1        -1        -1         2         0
              2   48 1.05171e-04         3        -3        -1         2         0
              2   48 2.57020e-03         2        -2        -3         2         0
              2   48 2.10288e-03         1        -1        -3         2         0
              2   48 1.75242e-03         3        -3        -3         2         0
              2   33 5.84121e-03        -3        21         2         0         0
              3   23 3.85522e-02     -4103      2203         0         0         0
              3   23 1.05143e-02     -4303      2203         0         0         0
              3   48 2.61348e-01         2        -1        -4         2         0
              3   13 5.02348e-02         2        -1        -4         2         0
              3   13 2.52273e-02         2        -3        -4         2         0
              3   13 8.64505e-02         4        -3        -4         2         0
              3   13 4.64651e-03         4        -1        -4         2         0
              3   48 3.50473e-03         2        -1        -2         2         0
              3   48 4.67297e-03         4        -3        -2         2         0
              3   48 2.39491e-03         2        -2        -1         2         0
              3   48 8.17996e-05         1        -1        -1         2         0
              3   48 1.05171e-04         3        -3        -1         2         0
              3   48 2.57020e-03         2        -2        -3         2         0
              3   48 2.10288e-03         1        -1        -3         2         0
              3   48 1.75242e-03         3        -3        -3         2         0
              3   33 5.84121e-03        -3        21         2         0         0
       531  B_s0              B_sbar0           0  0  1     5.36630     0.00000     0.00000  4.41294e-01  0  1
              2   23 2.11610e-02     -4301      2101         0         0         0
              2   23 4.23009e-02     -4303      2103         0         0         0
              2   48 3.20468e-01         2        -1        -4         3         0
              2   25 5.15325e-02         2        -1        -4         3         0
              2   48 1.84081e-02         2        -4        -1         3         0
              2   48 4.23009e-03         4        -3        -2         3         0
              2   48 1.57625e-02         2        -3        -4         3         0
              2   25 2.31034e-03         2        -3        -4         3         0
              2   48 4.43142e-04         2        -4        -3         3         0
              2   13 5.82803e-03         4        -1        -4         3         0
              2   13 1.58734e-03         4        -1        -4         3         0
              2   48 3.80708e-03         2        -2        -1         3         0
              2   48 7.40266e-04         1        -1        -1         3         0
              2   48 9.51770e-04         3        -3        -1         3         0
              2   48 2.11504e-03         2        -2        -3         3         0
              2   48 1.69203e-03         1        -1        -3         3         0
              2   48 1.37478e-03         3        -3        -3         3         0
              2   33 5.28761e-03        -3        21         3         0         0
              3   23 2.11610e-02     -4301      2101         0         0         0
              3   23 4.23009e-02     -4303      2103         0         0         0
              3   48 3.20468e-01         2        -1        -4         3         0
              3   25 5.15325e-02         2        -1        -4         3         0
              3   48 1.84081e-02         2        -4        -1         3         0
              3   48 4.23009e-03         4        -3        -2         3         0
              3   48 1.57625e-02         2        -3        -4         3         0
              3   25 2.31034e-03         2        -3        -4         3         0
              3   48 4.43142e-04         2        -4        -3         3         0
              3   13 5.82803e-03         4        -1        -4         3         0
              3   13 1.58734e-03         4        -1        -4         3         0
              3   48 3.80708e-03         2        -2        -1         3         0
              3   48 7.40266e-04         1        -1        -1         3         0
              3   48 9.51770e-04         3        -3        -1         3         0
              3   48 2.11504e-03         2        -2        -3         3         0
              3   48 1.69203e-03         1        -1        -3         3         0
              3   48 1.37478e-03         3        -3        -3         3         0
              3   33 5.28761e-03        -3        21         3         0         0
       541  B_c+              B_c-              3  0  1     6.27600     0.00000     0.00000  1.34907e-01  0  1
              2   11 5.00000e-01         4        -3         0         0         0
              3   11 5.00000e-01         4        -3         0         0         0
       551  eta_b                               0  0  0     9.40300     0.00000     0.00000  0.00000e+00  0  1
              1   12 1.00000e+00        82       -82         0         0         0
       553  Upsilon                             0  0  0     9.46030     0.00005     0.00050  0.00000e+00  0  1
              1   32 1.62092e-02         1        -1         0         0         0
              1   32 4.86276e-02         2        -2         0         0         0
              1   32 1.62092e-02         3        -3         0         0         0
              1   32 4.86276e-02         4        -4         0         0         0
              1    4 8.38989e-01        21        21        21         0         0
              1    4 3.13378e-02        22        21        21         0         0
       555  chi_2b                              0  0  0     9.91220     0.00000     0.00000  0.00000e+00  0  1
              1   32 1.00000e+00        21        21         0         0         0
      4122  Lambda_c+         Lambda_cbar-      3  0  1     2.28646     0.00000     0.00000  5.99585e-02  0  1
              2   42 1.53307e-02       -11        12      3122         0         0
              2   42 3.65017e-03       -11        12      3212         0         0
              2   42 3.65017e-03       -11        12      3214         0         0
              2   42 2.19010e-03       -11        12      2112         0         0
              2   42 1.46007e-03       -11        12      2114         0         0
              2   42 4.38020e-03       -11        12      2212      -211         0
              2   42 4.38020e-03       -11        12      2112       111         0
              2   42 1.46007e-02       -13        14      3122         0         0
              2   42 3.65017e-03       -13        14      3212         0         0
              2   42 3.65017e-03       -13        14      3214         0         0
              2   42 2.19010e-03       -13        14      2112         0         0
              2   42 1.46007e-03       -13        14      2114         0         0
              2   42 4.38020e-03       -13        14      2212      -211         0
              2   42 4.38020e-03       -13        14      2112       111         0
              2    0 6.27829e-03      2224      -321         0         0         0
              2    0 1.82508e-02      2224      -323         0         0         0
              2    0 1.67908e-02      2212      -311         0         0         0
              2    0 1.16805e-02      2212      -313         0         0         0
              2    0 3.65017e-03      2214      -311         0         0         0
              2    0 3.65017e-03      2214      -313         0         0         0
              2    0 7.81136e-03      3122       211         0         0         0
              2    0 3.65017e-03      3122       213         0         0         0
              2    0 7.66535e-03      3212       211         0         0         0
              2    0 2.92013e-03      3212       213         0         0         0
              2    0 2.92013e-03      3214       211         0         0         0
              2    0 2.92013e-03      3214       213         0         0         0
              2    0 7.30034e-03      3222       111         0         0         0
              2    0 4.01518e-03      3222       221         0         0         0
              2    0 1.46007e-03      3222       331         0         0         0
              2    0 2.92013e-03      3222       113         0         0         0
              2    0 1.97109e-02      3222       223         0         0         0
              2    0 2.19010e-03      3224       111         0         0         0
              2    0 6.20529e-03      3224       221         0         0         0
              2    0 2.19010e-03      3224       113         0         0         0
              2    0 2.19010e-03      3224       223         0         0         0
              2    0 2.84713e-03      3322       321         0         0         0
              2    0 1.46007e-03      3322       323         0         0         0
              2    0 1.89809e-03      3324       321         0         0         0
              2    0 7.30034e-04      2224      -211         0         0         0
              2    0 7.30034e-04      2224      -213         0         0         0
              2    0 1.46007e-03      2212       111         0         0         0
              2    0 7.30034e-04      2212       221         0         0         0
              2    0 7.30034e-04      2212       331         0         0         0
              2    0 1.46007e-03      2212       113         0         0         0
              2    0 1.46007e-03      2212       223         0         0         0
              2    0 5.98628e-04      2212       333         0         0         0
              2    0 2.04409e-03      2212     10221         0         0         0
              2    0 7.30034e-04      2214       111         0         0         0
              2    0 7.30034e-04      2214       221         0         0         0
              2    0 7.30034e-04      2214       331         0         0         0
              2    0 7.30034e-04      2214       113         0         0         0
              2    0 7.30034e-04      2214       223         0         0         0
              2    0 2.19010e-03      2112       211         0         0         0
              2    0 2.19010e-03      2112       213         0         0         0
              2    0 2.19010e-03      2114       211         0         0         0
              2    0 2.19010e-03      2114       213         0         0         0
              2    0 3.65017e-03      3122       321         0         0         0
              2    0 3.65017e-03      3122       323         0         0         0
              2    0 1.46007e-03      3212       321         0         0         0
              2    0 1.46007e-03      3212       323         0         0         0
              2    0 7.30034e-04      3214       321         0         0         0
              2    0 7.30034e-04      3214       323         0         0         0
              2    0 1.46007e-03      3222       311         0         0         0
              2    0 2.04409e-03      3222       313         0         0         0
              2    0 7.30034e-04      3224       311         0         0         0
              2    0 7.30034e-04      3224       313         0         0         0
              2   13 4.67911e-02         2        -1         1      3201         0
              2   13 2.05161e-02         2        -1         1      3203         0
              2   13 1.25976e-02         2        -3         1      3201         0
              2   13 1.25976e-02         2        -1         1      2101         0
              2   13 3.41935e-02         3      2203         0         0         0
              2   13 5.03905e-02         2      3201         0         0         0
              2   13 5.03905e-02         2      3203         0         0         0
              2   13 1.07980e-02         1      2203         0         0         0
              2   13 5.39898e-03         2      2101         0         0         0
              2   13 5.39898e-03         2      2103         0         0         0
              3   42 1.53307e-02       -11        12      3122         0         0
              3   42 3.65017e-03       -11        12      3212         0         0
              3   42 3.65017e-03       -11        12      3214         0         0
              3   42 2.19010e-03       -11        12      2112         0         0
              3   42 1.46007e-03       -11        12      2114         0         0
              3   42 4.38020e-03       -11        12      2212      -211         0
              3   42 4.38020e-03       -11        12      2112       111         0
              3   42 1.46007e-02       -13        14      3122         0         0
              3   42 3.65017e-03       -13        14      3212         0         0
              3   42 3.65017e-03       -13        14      3214         0         0
              3   42 2.19010e-03       -13        14      2112         0         0
              3   42 1.46007e-03       -13        14      2114         0         0
              3   42 4.38020e-03       -13        14      2212      -211         0
              3   42 4.38020e-03       -13        14      2112       111         0
              3    0 6.27829e-03      2224      -321         0         0         0
              3    0 1.82508e-02      2224      -323         0         0         0
              3    0 1.67908e-02      2212      -311         0         0         0
              3    0 1.16805e-02      2212      -313         0         0         0
              3    0 3.65017e-03      2214      -311         0         0         0
              3    0 3.65017e-03      2214      -313         0         0         0
              3    0 7.81136e-03      3122       211         0         0         0
              3    0 3.65017e-03      3122       213         0         0         0
              3    0 7.66535e-03      3212       211         0         0         0
              3    0 2.92013e-03      3212       213         0         0         0
              3    0 2.92013e-03      3214       211         0         0         0
              3    0 2.92013e-03      3214       213         0         0         0
              3    0 7.30034e-03      3222       111         0         0         0
              3    0 4.01518e-03      3222       221         0         0         0
              3    0 1.46007e-03      3222       331         0         0         0
              3    0 2.92013e-03      3222       113         0         0         0
              3    0 1.97109e-02      3222       223         0         0         0
              3    0 2.19010e-03      3224       111         0         0         0
              3    0 6.20529e-03      3224       221         0         0         0
              3    0 2.19010e-03      3224       113         0         0         0
              3    0 2.19010e-03      3224       223         0         0         0
              3    0 2.84713e-03      3322       321         0         0         0
              3    0 1.46007e-03      3322       323         0         0         0
              3    0 1.89809e-03      3324       321         0         0         0
              3    0 7.30034e-04      2224      -211         0         0         0
              3    0 7.30034e-04      2224      -213         0         0         0
              3    0 1.46007e-03      2212       111         0         0         0
              3    0 7.30034e-04      2212       221         0         0         0
              3    0 7.30034e-04      2212       331         0         0         0
              3    0 1.46007e-03      2212       113         0         0         0
              3    0 1.46007e-03      2212       223         0         0         0
              3    0 5.98628e-04      2212       333         0         0         0
              3    0 2.04409e-03      2212     10221         0         0         0
              3    0 7.30034e-04      2214       111         0         0         0
              3    0 7.30034e-04      2214       221         0         0         0
              3    0 7.30034e-04      2214       331         0         0         0
              3    0 7.30034e-04      2214       113         0         0         0
              3    0 7.30034e-04      2214       223         0         0         0
              3    0 2.19010e-03      2112       211         0         0         0
              3    0 2.19010e-03      2112       213         0         0         0
              3    0 2.19010e-03      2114       211         0         0         0
              3    0 2.19010e-03      2114       213         0         0         0
              3    0 3.65017e-03      3122       321         0         0         0
              3    0 3.65017e-03      3122       323         0         0         0
              3    0 1.46007e-03      3212       321         0         0         0
              3    0 1.46007e-03      3212       323         0         0         0
              3    0 7.30034e-04      3214       321         0         0         0
              3    0 7.30034e-04      3214       323         0         0         0
              3    0 1.46007e-03      3222       311         0         0         0
              3    0 2.04409e-03      3222       313         0         0         0
              3    0 7.30034e-04      3224       311         0         0         0
              3    0 7.30034e-04      3224       313         0         0         0
              3   13 4.67911e-02         2        -1         1      3201         0
              3   13 2.05161e-02         2        -1         1      3203         0
              3   13 1.25976e-02         2        -3         1      3201         0
              3   13 1.25976e-02         2        -1         1      2101         0
              3   13 3.41935e-02         3      2203         0         0         0
              3   13 5.03905e-02         2      3201         0         0         0
              3   13 5.03905e-02         2      3203         0         0         0
              3   13 1.07980e-02         1      2203         0         0         0
              3   13 5.39898e-03         2      2101         0         0         0
              3   13 5.39898e-03         2      2103         0         0         0
      4132  Xi_c0             Xi_cbar0          0  0  1     2.47100     0.00000     0.00000  3.35768e-02  0  1
              2   84 5.00000e-01         0         0         0         0         0
              3   84 5.00000e-01         0         0         0         0         0
      4232  Xi_c+             Xi_cbar-          3  0  1     2.46790     0.00000     0.00000  1.32508e-01  0  1
              2   84 5.00000e-01         0         0         0         0         0
              3   84 5.00000e-01         0         0         0         0         0
      4332  Omega_c0          Omega_cbar0       0  0  1     2.69750     0.00000     0.00000  2.06857e-02  0  1
              2   84 5.00000e-01         0         0         0         0         0
              3   84 5.00000e-01         0         0         0         0         0
      4412  Xi_cc+            Xi_ccbar-         3  0  1     3.59798     0.00000     0.00000  1.00000e-01  0  1
              2   11 3.03571e-01         2        -1         3      4101         0
              2   11 1.48810e-01         2        -1         3      4103         0
              2   11 2.97619e-02         2        -3         3      4101         0
              2   11 1.78571e-02         2        -3         3      4103         0
              3   11 3.03571e-01         2        -1         3      4101         0
              3   11 1.48810e-01         2        -1         3      4103         0
              3   11 2.97619e-02         2        -3         3      4101         0
              3   11 1.78571e-02         2        -3         3      4103         0
      4414  Xi_cc*+           Xi_cc*bar-        3  0  1     3.65648     0.00000     0.00000  0.00000e+00  0  1
              2   11 3.03571e-01         2        -1         3      4101         0
              2   11 1.48810e-01         2        -1         3      4103         0
              2   11 2.97619e-02         2        -3         3      4101         0
              2   11 1.78571e-02         2        -3         3      4103         0
              3   11 3.03571e-01         2        -1         3      4101         0
              3   11 1.48810e-01         2        -1         3      4103         0
              3   11 2.97619e-02         2        -3         3      4101         0
              3   11 1.78571e-02         2        -3         3      4103         0
      4422  Xi_cc++           Xi_ccbar--        6  0  1     3.59798     0.00000     0.00000  1.00000e-01  0  1
              2   11 3.03571e-01         2        -1         3      4201         0
              2   11 1.48810e-01         2        -1         3      4203         0
              2   11 2.97619e-02         2        -3         3      4201         0
              2   11 1.78571e-02         2        -3         3      4203         0
              3   11 3.03571e-01         2        -1         3      4201         0
              3   11 1.48810e-01         2        -1         3      4201         0
              3   11 2.97619e-02         2        -3         3      4203         0
              3   11 1.78571e-02         2        -3         3      4203         0
      4424  Xi_cc*++          Xi_cc*bar--       6  0  1     3.65648     0.00000     0.00000  0.00000e+00  0  1
              2   11 3.03571e-01         2        -1         3      4201         0
              2   11 1.48810e-01         2        -1         3      4203         0
              2   11 2.97619e-02         2        -3         3      4201         0
              2   11 1.78571e-02         2        -3         3      4203         0
              3   11 3.03571e-01         2        -1         3      4201         0
              3   11 1.48810e-01         2        -1         3      4201         0
              3   11 2.97619e-02         2        -3         3      4203         0
              3   11 1.78571e-02         2        -3         3      4203         0
      4432  Omega_cc+         Omega_ccbar-      3  0  1     3.78663     0.00000     0.00000  1.00000e-01  0  1
              2   11 3.03571e-01         2        -1         3      4301         0
              2   11 1.48810e-01         2        -1         3      4303         0
              2   11 2.97619e-02         2        -3         3      4301         0
              2   11 1.78571e-02         2        -3         3      4303         0
              3   11 3.03571e-01         2        -1         3      4301         0
              3   11 1.48810e-01         2        -1         3      4303         0
              3   11 2.97619e-02         2        -3         3      4301         0
              3   11 1.78571e-02         2        -3         3      4303         0
      4434  Omega_cc*+        Omega_cc*bar-     3  0  1     3.82466     0.00000     0.00000  0.00000e+00  0  1
              2   11 3.03571e-01         2        -1         3      4301         0
              2   11 1.48810e-01         2        -1         3      4303         0
              2   11 2.97619e-02         2        -3         3      4301         0
              2   11 1.78571e-02         2        -3         3      4303         0
              3   11 3.03571e-01         2        -1         3      4301         0
              3   11 1.48810e-01         2        -1         3      4303         0
              3   11 2.97619e-02         2        -3         3      4301         0
              3   11 1.78571e-02         2        -3         3      4303         0
      5122  Lambda_b0         Lambda_bbar0      0  0  1     5.62020     0.00000     0.00000  4.13714e-01  0  1
              2   48 3.40595e-01        -2         1         4      2101         0
              2   48 1.60357e-02        -2         3         4      2101         0
              2   13 4.25418e-02        -4         3         4      2101         0
              2   13 7.90062e-02        -2         4         1      2101         0
              2   42 1.04184e-02        -2         1         2      2101         0
              2   42 1.04184e-02        -4         3         2      2101         0
              3   48 3.41939e-01        -2         1         4      2101         0
              3   48 1.60989e-02        -2         3         4      2101         0
              3   13 4.27097e-02        -4         3         4      2101         0
              3   13 7.93180e-02        -2         4         1      2101         0
              3   42 1.04595e-02        -2         1         2      2101         0
              3   42 1.04595e-02        -4         3         2      2101         0
      5132  Xi_b-             Xi_bbar+         -3  0  1     5.79240     0.00000     0.00000  4.25705e-01  0  1
              2   13 2.36664e-01         1        -2         1      4301         0
              2   13 1.03777e-01         1        -2         1      4303         0
              2   13 3.86837e-02         3        -2         1      4301         0
              2   13 3.46841e-03         1        -2         3      4303         0
              2   13 4.86676e-03         1        -2         3      4301         0
              2   13 3.75418e-02         3        -4         1      4301         0
              2   13 4.22437e-02         1        -2         1      4101         0
              2   13 2.44193e-02         3        -4         1      4101         0
              2   13 5.28199e-03         1        -2         1      3201         0
              2   13 3.05317e-03         3        -4         1      3201         0
              3   13 2.36664e-01        -2         1         1      4301         0
              3   13 1.03777e-01        -2         1         1      4303         0
              3   13 3.86837e-02        -2         3         1      4301         0
              3   13 3.46841e-03        -2         1         3      4303         0
              3   13 4.86676e-03        -2         1         3      4301         0
              3   13 3.75418e-02        -4         3         1      4301         0
              3   13 4.22437e-02        -2         1         1      4101         0
              3   13 2.44193e-02        -4         3         1      4101         0
              3   13 5.28199e-03        -2         1         1      3201         0
              3   13 3.05317e-03        -4         3         1      3201         0
      5232  Xi_b0             Xi_bbar0          0  0  1     5.79240     0.00000     0.00000  4.25705e-01  0  1
              2   13 3.58328e-01         1        -2         3      4201         0
              2   13 8.33578e-03         3        -2         3      4203         0
              2   13 5.83382e-02         3        -2         3      4403         0
              2   13 6.66618e-02         3        -2         1      4203         0
              2   13 8.33578e-03         1        -2         1      2203         0
              3   13 3.58328e-01        -2         1         3      4201         0
              3   13 8.33578e-03        -2         3         3      4203         0
              3   13 5.83382e-02        -2         3         3      4403         0
              3   13 6.66618e-02        -2         3         1      4203         0
              3   13 8.33578e-03        -2         1         1      2203         0
      5332  Omega_b-          Omega_bbar+      -3  0  1     6.12000     0.00000     0.00000  4.64678e-01  0  1
              2   13 4.16669e-01         1        -2         3      4301         0
              2   13 6.66626e-02         1        -2         1      4301         0
              2   13 1.66687e-02         1        -2         3      3201         0
              3   13 4.16669e-01        -2         1         3      4301         0
              3   13 6.66626e-02        -2         1         1      4301         0
              3   13 1.66687e-02        -2         1         3      3201         0
     10441  chi_0c                              0  0  0     3.41475     0.01020     0.05000  0.00000e+00  0  1
              1   12 1.00000e+00        82       -82         0         0         0
     10443  h_c                                 0  0  0     3.52593     0.00000     0.00000  0.00000e+00  0  1
              1   12 1.00000e+00        82       -82         0         0         0
     10551  chi_0b                              0  0  0     9.85940     0.00000     0.00000  0.00000e+00  0  1
              1   12 1.00000e+00        82       -82         0         0         0
     10553  h_b                                 0  0  0     9.87500     0.00000     0.00000  0.00000e+00  0  1
              1   32 1.00000e+00        21        21         0         0         0
     20443  chi_1c                              0  0  0     3.51066     0.00089     0.01000  0.00000e+00  0  1
              1   12 1.00000e+00        82       -82         0         0         0
     20553  chi_1b                              0  0  0     9.89270     0.00000     0.00000  0.00000e+00  0  1
              1   32 1.00000e+00        21        21         0         0         0
    100443  psi(2S)                             0  0  0     3.68609     0.00032     0.00080  0.00000e+00  0  1
              1   12 1.09220e-01        82       -82         0         0         0
              1    4 8.31658e-01        21        21        21         0         0
              1    4 5.91215e-02        22        21        21         0         0
    100553  Upsilon(2S)                         0  0  0    10.02326     0.00003     0.00040  0.00000e+00  0  1
              1   32 1.02543e-02         1        -1         0         0         0
              1   32 4.10172e-02         2        -2         0         0         0
              1   32 1.02543e-02         3        -3         0         0         0
              1   32 4.10172e-02         4        -4         0         0         0
              1    4 8.64643e-01        21        21        21         0         0
              1    4 3.28138e-02        22        21        21         0         0
     30343  Xsd               Xsdbar            0  0  1     1.60000     0.00000     0.00000  0.00000e+00  0  1
              2   11 5.00000e-01         1        -3         0         0         0
              3   11 5.00000e-01         1        -3         0         0         0
    110553  h_b(2P)                             0  0  0    10.25500     0.00000     0.00000  0.00000e+00  0  1
              1   32 1.00000e+00        21        21         0         0         0
    120555  Upsilon_2(2D)                       0  0  0    10.44060     0.00000     0.00000  0.00000e+00  0  1
              1    4 1.00000e+00        21        21        21         0         0
     30363  Xss               Xssbar            0  0  1     1.80000     0.00000     0.00000  0.00000e+00  0  1
              2   11 5.00000e-01         3        -3         0         0         0
              3   11 5.00000e-01         3        -3         0         0         0
     30353  Xsu               Xsubar            3  0  1     1.60000     0.00000     0.00000  0.00000e+00  0  1
              2   11 5.00000e-01         2        -3         0         0         0
              3   11 5.00000e-01         2        -3         0         0         0
    100555  chi_2b(2P)                          0  0  0    10.26860     0.00000     0.00000  0.00000e+00  0  1
              1    0 1.89728e-02        22       557         0         0         0
              1   32 9.81027e-01        21        21         0         0         0
    200555  chi_2b(3P)                          0  0  0    10.52640     0.00000     0.00000  0.00000e+00  0  1
              1   32 1.00000e+00        21        21         0         0         0
       557  Upsilon_3(1D)                       0  0  0    10.15990     0.00000     0.00000  0.00000e+00  0  1
              1    4 1.00000e+00        21        21        21         0         0
     30553  Upsilon_1(1D)                       0  0  0    10.15010     0.00000     0.00000  0.00000e+00  0  1
              1    4 1.00000e+00        21        21        21         0         0
    130553  Upsilon_1(2D)                       0  0  0    10.43490     0.00000     0.00000  0.00000e+00  0  1
              1    4 1.00000e+00        21        21        21         0         0
    110555  eta_b2(2D)                          0  0  0    10.44100     0.00000     0.00000  0.00000e+00  0  1
              1   32 1.00000e+00        21        21         0         0         0
    220553  chi_1b(3P)                          0  0  0    10.51600     0.00000     0.00000  0.00000e+00  0  1
              1   32 1.00000e+00        21        21         0         0         0
    200553  Upsilon(3S)                         0  0  0    10.35520     0.00002     0.00026  0.00000e+00  0  1
              1   32 1.52905e-02         1        -1         0         0         0
              1   32 6.11621e-02         2        -2         0         0         0
              1   32 1.52905e-02         3        -3         0         0         0
              1   32 6.11621e-02         4        -4         0         0         0
              1    4 8.25251e-01        21        21        21         0         0
              1    4 2.18436e-02        22        21        21         0         0
    100557  Upsilon_3(2D)                       0  0  0    10.44430     0.00000     0.00000  0.00000e+00  0  1
              1    4 1.00000e+00        21        21        21         0         0
    210553  h_b(3P)                             0  0  0    10.51600     0.00000     0.00000  0.00000e+00  0  1
              1   32 1.00000e+00        21        21         0         0         0
    100441  eta_c(2S)                           0  0  0     3.63700     0.01400     0.02000  0.00000e+00  0  1
              1   12 1.00000e+00        82       -82         0         0         0
   9920443  X_1(3872)                           0  0  0     3.87220     0.00032     0.00290  0.00000e+00  0  1
              1   12 1.00000e+00        82       -82         0         0         0
     30443  psi(3770)                           0  0  0     3.77292     0.02720     0.03000  0.00000e+00  0  1
              1   12 1.00000e+00        82       -82         0         0         0
    110551  chi_0b(2P)                          0  0  0    10.23250     0.00000     0.00000  0.00000e+00  0  1
              1   32 1.00000e+00        21        21         0         0         0
     10555  eta_b2(1D)                          0  0  0    10.15700     0.00000     0.00000  0.00000e+00  0  1
              1   32 1.00000e+00        21        21         0         0         0
    120553  chi_1b(2P)                          0  0  0    10.25550     0.00000     0.00000  0.00000e+00  0  1
              1   32 1.00000e+00        21        21         0         0         0
     20555  Upsilon_2(1D)                       0  0  0    10.15620     0.00000     0.00000  0.00000e+00  0  1
              1    4 1.00000e+00        21        21        21         0         0
    210551  chi_0b(3P)                          0  0  0    10.50070     0.00000     0.00000  0.00000e+00  0  1
              1   32 1.00000e+00        21        21         0         0         0
    300553  Upsilon(4S)                         0  0  0    10.57940     0.02050     0.03900  0.00000e+00  0  1
              1    4 9.55056e-01        21        21        21         0         0
              1    4 4.49437e-02        22        21        21         0         0
