  7059.89648  2.23502187E+09
  0.000288214233  0.00889988278  0.000224154223  0.0200699199  0.00290986044
  2.7792493E-07  0.13038
  0.000739774476  0.0175358472  0.000388288379  0.0367123296  0.00608540401
  4.80545975E-07  0.189508773
  0.00140840464  0.0259645726  0.000601976942  0.0579732326  0.00947078388
  6.21002427E-07  0.218456868
  0.00239334994  0.0349410952  0.000861427212  0.0797592802  0.0131886322
  7.35154238E-07  0.241630863
  0.00383871996  0.0441651809  0.00176054444  0.10212194  0.0173430394
  8.5738497E-07  0.262409529
  0.0059033375  0.0483422501  0.00361062737  0.124038942  0.0218270072
  9.75310058E-07  0.280439143
  0.00872201835  0.0535107048  0.00615880588  0.145678128  0.0264960654
  1.09504352E-06  0.296272864
  0.0123298525  0.0576037648  0.00973128979  0.166732269  0.0313811109
  1.21777989E-06  0.311244731
  0.0171618454  0.0613758325  0.0146035841  0.187300401  0.0368037037
  1.34343818E-06  0.325600489
  0.0235141779  0.066005635  0.0210375155  0.20771783  0.0415318845
  1.47198504E-06  0.339779494
  0.0316683163  0.0713696805  0.0294956028  0.228314454  0.0437944451
  1.60405828E-06  0.352780811
  0.0419638257  0.0818395083  0.0405285729  0.249181976  0.0462773367
  1.74425626E-06  0.365336938
  0.0547441677  0.0922087971  0.0539989878  0.270105181  0.0495832431
  1.89407225E-06  0.377584514
  0.0703558048  0.102295385  0.0697128681  0.291240517  0.0529654215
  2.05464766E-06  0.389869853
  0.0893120366  0.11257438  0.0881509754  0.311450264  0.0560646967
  2.22543557E-06  0.402277308
  0.112442441  0.1228817  0.109559998  0.331917343  0.0605019395
  2.40534671E-06  0.414320154
  0.140561163  0.133357642  0.134134651  0.35220989  0.0675165202
  2.59492796E-06  0.425783597
  0.175358623  0.144073761  0.162043866  0.373103071  0.0742950892
  2.8016006E-06  0.435303586
  0.216280347  0.155113011  0.193421309  0.39482992  0.081336385
  3.02081452E-06  0.440253662
  0.263873925  0.166437582  0.22873859  0.416775795  0.088609264
  3.25808296E-06  0.446696601
  0.317892429  0.17767285  0.268785228  0.438863119  0.0962831818
  3.51303845E-06  0.452959813
  0.377075756  0.188631547  0.312712967  0.461029183  0.10419539
  3.78563585E-06  0.458944885
  0.441324093  0.197914848  0.360387122  0.483536534  0.112490311
  4.07994472E-06  0.464564588
  0.509331954  0.20843585  0.409760499  0.506008333  0.120869181
  4.39997833E-06  0.472979125
  0.577935821  0.219067274  0.460999338  0.528155129  0.129349731
  4.75767115E-06  0.484916353
  0.643448307  0.232671196  0.513186508  0.549955592  0.13820435
  5.14864483E-06  0.495860777
  0.703432549  0.246626432  0.565293818  0.57350406  0.14761991  5.57615776E-06
  0.50697853
  0.756368231  0.260568381  0.61597918  0.590469593  0.157559995
  6.04647938E-06  0.51828371
  0.801681516  0.275027246  0.664195684  0.602019445  0.167775374
  6.57067484E-06  0.529936852
  0.839842628  0.289919347  0.709492999  0.612754085  0.178322052
  7.1813443E-06  0.541616587
  0.871625551  0.305280653  0.749976461  0.622534162  0.189312504
  7.88569072E-06  0.553279511
  0.89794378  0.321263508  0.786982884  0.6341615  0.201233186  8.68822244E-06
  0.5648275
  0.919448962  0.337894304  0.82056296  0.644820727  0.21415394  9.58552583E-06
  0.576286878
  0.937140585  0.355091994  0.851565002  0.659074535  0.227685975
  1.06247381E-05  0.587825614
  0.951568846  0.372882367  0.878728938  0.679961087  0.24172932  1.1843103E-05
  0.599166373
  0.963136929  0.39096385  0.901814539  0.700635147  0.25673223  1.32731129E-05
  0.611231049
  0.972414287  0.410519993  0.921550055  0.721433125  0.272777359
  1.49801698E-05  0.623511974
  0.979746458  0.431241132  0.938417591  0.742385937  0.29043825
  1.70409282E-05  0.636461994
  0.98539719  0.453111564  0.952754261  0.763209577  0.309575929
  1.96436823E-05  0.649545527
  0.989782338  0.475801293  0.964330591  0.783859364  0.326438843
  2.29690644E-05  0.663043079
  0.993172459  0.499283734  0.973238473  0.804684761  0.345312292
  2.71405761E-05  0.677328563
  0.994255537  0.524123653  0.980375296  0.825965113  0.36568149
  3.25366692E-05  0.692260096
  0.995493022  0.55142921  0.985940167  0.847026455  0.392650835
  4.05433556E-05  0.707044751
  0.996482198  0.581721368  0.990210842  0.868353177  0.423313451
  5.24103518E-05  0.72203643
  0.99733777  0.615354846  0.993428297  0.889987511  0.457016356
  7.25954409E-05  0.738060921
  0.998000646  0.65447467  0.995763224  0.911807562  0.49819871  9.62924114E-05
  0.757538858
  0.998764934  0.697805854  0.997444996  0.934008186  0.546117027
  0.000116923943  0.781308172
  0.999431119  0.75567748  0.998660595  0.956090718  0.615917314  0.00089663056
  0.811404606
  0.999779056  0.849296904  0.999456579  0.977524805  0.750387544
  0.00448675955  0.868758915
  1.  1.  1.  1.  1.  1.  1.
