  17539.2133  2.90102541E+09
  0.000360249125  0.00179460133  0.000939003969  0.0243696977  0.00398175139
  3.95595354E-07  0.150357522
  0.000497286488  0.00358920266  0.00216991683  0.0489282216  0.00842394675
  6.40182967E-07  0.19711297
  0.000634323851  0.00538380399  0.00392145637  0.0739103077  0.0109808704
  8.12792941E-07  0.225390879
  0.000771361214  0.00717840532  0.006170183  0.0986704404  0.0121961279
  9.87002038E-07  0.250616916
  0.000957359612  0.00904932273  0.00938441363  0.123045458  0.0134113855
  1.15702828E-06  0.273067295
  0.00115511343  0.0109323627  0.0134625975  0.148126308  0.014607553
  1.32210417E-06  0.292036914
  0.00135286724  0.0128154027  0.0186988516  0.172978266  0.0157137144
  1.49099983E-06  0.309707733
  0.00158260655  0.0147225982  0.0252543174  0.196068185  0.0168198758
  1.66617498E-06  0.32637554
  0.00186473911  0.0166475579  0.0336316575  0.218656554  0.0179260372
  1.85675503E-06  0.341872899
  0.00214687167  0.0185725176  0.0438215082  0.241387846  0.0190643486
  2.05825828E-06  0.35469021
  0.00242900423  0.022208881  0.0560314505  0.265135017  0.0202143686
  2.27205186E-06  0.35820979
  0.00414103382  0.0303084939  0.0711969641  0.289570842  0.0213643887
  2.498014E-06  0.36172937
  0.00637338262  0.039029195  0.0904491029  0.313730565  0.0236246667
  2.74681819E-06  0.36524895
  0.00927804288  0.0482496905  0.114531882  0.33727973  0.028738885
  3.01892088E-06  0.368709402
  0.0130115424  0.0574436618  0.145252909  0.361231729  0.0344687755
  3.31545047E-06  0.372147264
  0.0176989376  0.0664178004  0.183710953  0.385172537  0.0405835678
  3.6276199E-06  0.375585125
  0.0236203195  0.0755974693  0.229174425  0.407803525  0.0471204261
  3.96122624E-06  0.378999371
  0.0312099377  0.0854177428  0.284766476  0.43106705  0.0538022709
  4.32476258E-06  0.382352863
  0.0406524151  0.0954398529  0.353815124  0.455616557  0.0605739221
  4.73141897E-06  0.385706356
  0.0522674033  0.105560675  0.4364336  0.480364571  0.0677001357
  5.17259408E-06  0.389059848
  0.0666329337  0.116062221  0.525966617  0.504121238  0.0754238261
  5.66225843E-06  0.400646626
  0.0847542196  0.126852131  0.611877443  0.528284465  0.0836053602
  6.21742894E-06  0.414060627
  0.108399751  0.138015967  0.687737304  0.552737384  0.0921115516
  6.8445459E-06  0.426433926
  0.138750798  0.149744109  0.752059314  0.564668291  0.100886503
  7.56064604E-06  0.438855188
  0.17831024  0.161803348  0.804555373  0.570497228  0.109907587
  8.36033198E-06  0.451540478
  0.230534179  0.174039586  0.845668596  0.576326164  0.119057914
  9.27600908E-06  0.463833697
  0.300123092  0.186605586  0.877290328  0.582157511  0.128936517
  1.03167947E-05  0.476959349
  0.391446746  0.199454468  0.902527218  0.58799716  0.139452506
  1.15711554E-05  0.489459878
  0.497585578  0.212531855  0.923027217  0.593836808  0.150321363
  1.30511408E-05  0.50200455
  0.603517648  0.226369095  0.939545684  0.599676456  0.161490341
  1.47969246E-05  0.514552507
  0.695613514  0.240861648  0.952948523  0.605599531  0.17327151
  1.68845972E-05  0.527336625
  0.766697159  0.256080276  0.963821088  0.611546334  0.185498898
  1.95365862E-05  0.540297897
  0.819287964  0.272058103  0.972682516  0.617493136  0.197998337
  2.29188626E-05  0.553253099
  0.857785602  0.288389408  0.97978467  0.629572935  0.211153962
  2.72412721E-05  0.566760834
  0.887655146  0.30546542  0.985410095  0.653700177  0.225503767
  3.27187829E-05  0.579798593
  0.911197565  0.323908483  0.98976995  0.676987443  0.240859836
  3.98859065E-05  0.592825164
  0.930263376  0.343657245  0.993085519  0.700309781  0.257431564
  5.05809339E-05  0.605887276
  0.945078786  0.364373123  0.995559782  0.724350276  0.275078492
  6.78805079E-05  0.620117086
  0.956910352  0.3859053  0.997385375  0.747509468  0.294546578  9.373529E-05
  0.634360479
  0.966564829  0.408468406  0.998012264  0.769590913  0.315709395
  0.000117385865  0.648737896
  0.974599442  0.432535567  0.99830554  0.791409585  0.338848422
  0.000134993489  0.663798692
  0.980881081  0.458995971  0.998598815  0.813220254  0.363778872
  0.000152601114  0.680168795
  0.985940318  0.487998006  0.998851727  0.835622412  0.391356626
  0.00482619161  0.697644966
  0.990066098  0.52146521  0.999055698  0.858177385  0.423307001  0.0178735657
  0.716076226
  0.993307573  0.558676041  0.999259668  0.881780713  0.460109481  0.0309209399
  0.736292123
  0.995716593  0.600984814  0.999453308  0.905403105  0.502591931  0.0652641556
  0.758972249
  0.997413845  0.651551115  0.999589981  0.92796416  0.559884999  0.298948117
  0.785050722
  0.998652182  0.706986477  0.999726654  0.951537488  0.618959068  0.532632078
  0.813051893
  0.999494583  0.815242654  0.999863327  0.975348416  0.752522809  0.766316039
  0.874953003
  1.  1.  1.  1.  1.  1.  1.
