  4632.57638  1.11973744E+09
  0.00109458636  0.00732856948  0.0027046981  0.0244106768  0.00187485422
  2.04975711E-07  0.124929525
  0.00288427229  0.015469736  0.00607657538  0.0393274824  0.00408724869
  3.39281649E-07  0.187444553
  0.00664161318  0.0233934849  0.0108132199  0.0618704614  0.00673306609
  4.20712452E-07  0.212361912
  0.0125639508  0.0325349394  0.0166171453  0.0796154592  0.00956805682
  5.00016274E-07  0.235103154
  0.0189296416  0.0409494509  0.023642773  0.0999637361  0.0126679683
  5.76514436E-07  0.25496609
  0.0275802786  0.0502034295  0.0322702864  0.119952218  0.0159748693
  6.50861876E-07  0.272625662
  0.038464749  0.0597595089  0.0423465067  0.138185451  0.0194762002
  7.24342236E-07  0.288841637
  0.0502000181  0.0692533328  0.0540674804  0.157834041  0.0232153019
  7.98219586E-07  0.3038284
  0.0647863139  0.0793605789  0.0675218985  0.177339666  0.0271624833
  8.73329481E-07  0.318056805
  0.0816411511  0.0898909412  0.0826216125  0.19750885  0.0314174344
  9.50486689E-07  0.331618624
  0.0990691188  0.100274414  0.0995841856  0.217597774  0.0358714452
  1.02995123E-06  0.344490448
  0.119025907  0.110699724  0.117911039  0.237993611  0.0406108123
  1.11185801E-06  0.356703898
  0.140440227  0.121116052  0.138258942  0.25809432  0.0455503015
  1.19724264E-06  0.368266156
  0.163550307  0.131909495  0.160363591  0.278244912  0.0507599464
  1.28604896E-06  0.379767703
  0.188031589  0.142817907  0.184754865  0.298136399  0.0562088495
  1.3786856E-06  0.39168429
  0.21437826  0.154012061  0.211215985  0.317507997  0.0618950135
  1.47591998E-06  0.403378487
  0.24203963  0.165372452  0.23939817  0.3372485  0.0678447747  1.57908944E-06
  0.415016417
  0.271311577  0.17713243  0.267828507  0.356928983  0.0737201107
  1.68853899E-06  0.426517448
  0.301934595  0.189112355  0.297747705  0.376515827  0.0805798203
  1.80432883E-06  0.437987733
  0.333157051  0.201445873  0.328340846  0.395847482  0.086833004
  1.92704632E-06  0.449073142
  0.365459961  0.214060701  0.36127285  0.414470399  0.0937593325
  2.05803276E-06  0.459969594
  0.397906874  0.227043524  0.394752799  0.433302158  0.101364528
  2.19841709E-06  0.470637455
  0.431409323  0.240339842  0.429234478  0.452394915  0.108362124
  2.34757452E-06  0.48097605
  0.464874516  0.25378896  0.464150589  0.472103025  0.116793422
  2.50711169E-06  0.491290509
  0.498082859  0.267552483  0.499847221  0.492317473  0.125571477
  2.67894644E-06  0.501748738
  0.531710561  0.281706261  0.535255491  0.512619562  0.134372364
  2.86559914E-06  0.512512439
  0.565321159  0.295873928  0.570426604  0.532983737  0.143714108
  3.07137338E-06  0.522720958
  0.599218569  0.310418422  0.604906171  0.55426619  0.15340294  3.29551358E-06
  0.533039705
  0.632342457  0.32564837  0.639137953  0.573878401  0.163650963
  3.54252627E-06  0.54336497
  0.664500306  0.340836683  0.672690284  0.592938864  0.174493509
  3.81532477E-06  0.554177094
  0.695369262  0.355938244  0.705410627  0.612805845  0.185687405
  4.11763032E-06  0.565107523
  0.725651051  0.371858775  0.736786444  0.630619695  0.197326082
  4.4559597E-06  0.5762294
  0.755136452  0.387608946  0.766416219  0.651682891  0.209557511
  4.82907359E-06  0.587404729
  0.78343367  0.404757788  0.794158773  0.672055853  0.222689373
  5.24618947E-06  0.598718895
  0.810182096  0.422509547  0.819651364  0.692767798  0.236895513
  5.71608917E-06  0.609981973
  0.8352326  0.440751823  0.843278651  0.713539444  0.252155137  6.25802955E-06
  0.621337035
  0.858555312  0.459602592  0.865210916  0.73428566  0.268641189
  6.90000543E-06  0.633174799
  0.879907767  0.479172811  0.885394825  0.754917979  0.286453577
  7.66084049E-06  0.645275918
  0.899615872  0.499663969  0.903191286  0.775465456  0.305433231
  8.57239169E-06  0.657554974
  0.917513717  0.521382828  0.920387347  0.796115097  0.326217599
  9.68563017E-06  0.670706451
  0.933934709  0.544554898  0.934284077  0.816340435  0.348341  1.10747946E-05
  0.683343681
  0.948425547  0.569068705  0.946810403  0.836640845  0.374244879
  1.28512055E-05  0.697582115
  0.961023276  0.595404773  0.9584293  0.85666217  0.399614677  1.52249994E-05
  0.712738089
  0.971693569  0.624069428  0.968197893  0.876980073  0.428742657
  1.84876207E-05  0.728774411
  0.980627153  0.655488764  0.976589141  0.896919913  0.463366934
  2.29719555E-05  0.747664779
  0.987682346  0.690298283  0.983594271  0.917270261  0.504139944
  2.95018934E-05  0.76694891
  0.993177174  0.730422154  0.989355176  0.937255192  0.550634624
  3.9978622E-05  0.78889748
  0.996965225  0.774123352  0.993990602  0.958534591  0.618921121
  6.10217933E-05  0.820128139
  0.998828064  0.857081551  0.997436472  0.978892628  0.703885649
  0.000111886044  0.85549278
  1.  1.  1.  1.  1.  1.  1.
