  1106.67108  360034935.
  0.00205905945  0.0113024665  0.00087746818  0.0196242995  0.00192586625
  1.88849654E-07  0.0925127609
  0.00577549949  0.0219496637  0.00213984351  0.0409828249  0.00361377503
  3.62773565E-07  0.173838763
  0.0126381756  0.032961128  0.00384766161  0.0611320766  0.00630387322
  4.49179028E-07  0.201337902
  0.0214852129  0.0442509157  0.00703276416  0.0819754033  0.00872140764
  5.46130827E-07  0.224710986
  0.0321971791  0.055789704  0.0113294305  0.10214906  0.0117338064
  6.38071045E-07  0.246947763
  0.0447433936  0.0670406845  0.0164246646  0.122023992  0.0148829181
  7.26631002E-07  0.265273596
  0.0589067328  0.0780373139  0.0226187406  0.142201434  0.0182812907
  8.16410783E-07  0.282833583
  0.0747842341  0.0894286924  0.0301884021  0.162892139  0.021912898
  9.07313209E-07  0.299011974
  0.0922672705  0.0992757901  0.0393195997  0.183824421  0.0257623057
  1.00065007E-06  0.314328036
  0.111113721  0.106691819  0.0500501014  0.204477164  0.029853219
  1.09696131E-06  0.328779687
  0.131133092  0.114453631  0.0624532862  0.225007627  0.0341835719
  1.19722784E-06  0.342684205
  0.15213712  0.122498342  0.0767427144  0.246091849  0.0386969552
  1.2994603E-06  0.355981202
  0.174816759  0.130273539  0.0930938479  0.266926101  0.0433815606
  1.40409275E-06  0.368416596
  0.198744288  0.140236266  0.111834273  0.28768255  0.0482791097
  1.51324585E-06  0.380598969
  0.223792597  0.153109837  0.133295866  0.307326766  0.0534061483
  1.62852706E-06  0.392557537
  0.249738958  0.16554584  0.157494455  0.327851012  0.0587857846
  1.75097198E-06  0.404156938
  0.276359295  0.178227025  0.18466964  0.348480089  0.0643895287
  1.88029679E-06  0.415606253
  0.303695067  0.191158124  0.214455143  0.369398851  0.0701679694
  2.01690074E-06  0.427100689
  0.331521083  0.204112941  0.247234438  0.390283146  0.0761968766
  2.16277275E-06  0.438822817
  0.359955124  0.217114139  0.282795044  0.413102782  0.0825893701
  2.31818134E-06  0.450298406
  0.389348551  0.229931487  0.321215458  0.427831428  0.0893252067
  2.48435596E-06  0.461381336
  0.41945939  0.24310382  0.362079986  0.441408198  0.0963551202
  2.66321062E-06  0.472319013
  0.449600985  0.256681072  0.404182079  0.45563654  0.103924536
  2.85481659E-06  0.483237463
  0.479464019  0.270860274  0.446134919  0.46979789  0.111953874
  3.06195357E-06  0.494322714
  0.509207953  0.285548399  0.48819355  0.484146447  0.117167349  3.2844565E-06
  0.505315657
  0.539030337  0.300173599  0.529950976  0.504487091  0.122948235
  3.5297426E-06  0.51631569
  0.568928493  0.315097079  0.571784968  0.526110685  0.128902824
  3.79433799E-06  0.527166802
  0.598672638  0.33037667  0.613157367  0.546704674  0.134564207
  4.08324178E-06  0.538283893
  0.627661365  0.34636972  0.653417316  0.567060375  0.141767929  4.3984172E-06
  0.549582211
  0.655865411  0.362759264  0.692224493  0.587311009  0.152039851
  4.75061628E-06  0.561832811
  0.683198328  0.379361744  0.729036473  0.607724889  0.162633299
  5.14293603E-06  0.568562601
  0.710471633  0.396398905  0.763402668  0.628430393  0.173534592
  5.58060603E-06  0.576463903
  0.737387682  0.413788338  0.795169205  0.649155831  0.18489918
  6.07199714E-06  0.584377895
  0.763699956  0.431572546  0.824220828  0.670206332  0.197062301
  6.62977275E-06  0.591832626
  0.789072885  0.449906912  0.850402273  0.691033994  0.210207645
  7.27162599E-06  0.600872852
  0.813537547  0.468798798  0.873558421  0.711967352  0.224427424
  8.02090456E-06  0.612998651
  0.837085913  0.488321195  0.894334236  0.732959719  0.239635425
  8.90887496E-06  0.625381457
  0.859550101  0.508882561  0.912401279  0.753984052  0.256043128
  9.98205796E-06  0.637862247
  0.880829488  0.529995375  0.928037053  0.77449623  0.273847861
  1.12858125E-05  0.650818186
  0.900727738  0.552118648  0.941289392  0.795449868  0.292856438
  1.28925204E-05  0.664396124
  0.919111564  0.575581386  0.952786508  0.815754024  0.313665232
  1.49448691E-05  0.678617722
  0.935975121  0.600725989  0.962770572  0.836276223  0.336813633
  1.76956064E-05  0.693409356
  0.951147501  0.627787979  0.971326348  0.856632814  0.363292346
  2.16428648E-05  0.708810694
  0.964428119  0.657003135  0.978559739  0.87709958  0.393498548
  2.78367976E-05  0.725186369
  0.97601331  0.688408069  0.98455745  0.897918521  0.427917096  3.70970473E-05
  0.742841442
  0.985948205  0.724540724  0.989456282  0.918535402  0.470321567
  4.5771186E-05  0.76277711
  0.993407824  0.768252927  0.993386273  0.939121823  0.520125286
  6.59766948E-05  0.787263885
  0.996774514  0.805681258  0.996523494  0.960151524  0.586654503
  0.000109650556  0.81259726
  0.99882596  0.921405392  0.998555787  0.979553562  0.732569319
  0.000343884003  0.879018851
  1.  1.  1.  1.  1.  1.  1.
