  8401.31569  1.27654684E+10
  0.000337239719  0.00697739483  0.000248403064  0.0219609417  0.00316489849
  3.12958276E-07  0.128937433
  0.000921043282  0.0143445071  0.00050048761  0.0439885611  0.00682981391
  5.5640103E-07  0.188819777
  0.0020025356  0.0216451275  0.000877978188  0.0661008832  0.010746207
  6.83773378E-07  0.216940194
  0.00360611478  0.0291441408  0.00155039684  0.0880897161  0.0150771483
  8.348318E-07  0.240151026
  0.00578226505  0.0357718042  0.00304152599  0.105873209  0.0197091618
  9.72947351E-07  0.260851153
  0.0086284091  0.0400222246  0.00510579362  0.120715877  0.0246559558
  1.11585359E-06  0.278940902
  0.0123622392  0.0442966576  0.0078603051  0.13515047  0.0299125605
  1.25956527E-06  0.295998419
  0.0171359799  0.0485963548  0.0107945936  0.150397524  0.035302406
  1.40868187E-06  0.311974771
  0.0229644024  0.0529848198  0.0141432786  0.171251648  0.040849859
  1.56373089E-06  0.327062388
  0.0302093193  0.057425029  0.0181459075  0.192917306  0.0466199177
  1.72734472E-06  0.341199688
  0.0389999695  0.0655343238  0.0230841744  0.2145405  0.0526350357
  1.89961833E-06  0.354672362
  0.0496919748  0.0738484373  0.0307011112  0.236500465  0.0588123855
  2.07842648E-06  0.367634498
  0.0626475662  0.0823092636  0.0399468173  0.257042868  0.0652250516
  2.26555546E-06  0.380114296
  0.0785645356  0.091043762  0.051197453  0.268851647  0.071867635
  2.46440195E-06  0.392503554
  0.0983925247  0.100025741  0.0644921193  0.280533273  0.0788411774
  2.67543306E-06  0.403918957
  0.122147441  0.109071809  0.0809061495  0.292006562  0.0859334249
  2.90126957E-06  0.414938947
  0.151224451  0.118595051  0.100546666  0.303440414  0.0935348341
  3.14337859E-06  0.425957269
  0.186258348  0.127413129  0.124271316  0.314850607  0.101496072
  3.40843557E-06  0.43703522
  0.227921149  0.137289557  0.152913274  0.334711223  0.109462491
  3.69492425E-06  0.44885234
  0.277255997  0.146940185  0.186167878  0.356640719  0.116695803
  4.00274275E-06  0.460478315
  0.334302281  0.157257191  0.22348524  0.378720621  0.123470826
  4.33915449E-06  0.472094274
  0.397732079  0.168223537  0.266485912  0.400547894  0.130178464
  4.70078943E-06  0.483531642
  0.465532623  0.179485357  0.31498401  0.422129648  0.137082448
  5.09294479E-06  0.494857095
  0.53514553  0.191169648  0.367107259  0.443217556  0.147009434
  5.53034807E-06  0.506193843
  0.603117312  0.203334354  0.422487567  0.466079633  0.156696229
  6.02637591E-06  0.51451663
  0.666575922  0.215639742  0.4805188  0.486858991  0.166964902  6.58179162E-06
  0.52072188
  0.722851512  0.228624096  0.539454924  0.508004886  0.178167272
  7.19388961E-06  0.526988439
  0.772706409  0.241399738  0.597429828  0.529909062  0.189856694
  7.87356139E-06  0.533276487
  0.813248974  0.253295861  0.652517978  0.55119609  0.201257017  8.6452079E-06
  0.539645822
  0.84857885  0.265731282  0.704101268  0.572915802  0.208367119
  9.53166788E-06  0.547864592
  0.87819091  0.278741286  0.750990127  0.594966856  0.215556269
  1.05657272E-05  0.559176164
  0.903025394  0.293976997  0.793313599  0.616834774  0.222842661
  1.17567835E-05  0.570532094
  0.922253307  0.310216812  0.829482003  0.638857445  0.230329357
  1.31309193E-05  0.581475102
  0.938196793  0.327037339  0.859635774  0.660864008  0.237943965
  1.47355523E-05  0.592554736
  0.951507856  0.344578403  0.884354606  0.68234586  0.253222758
  1.66376558E-05  0.601323814
  0.962225353  0.36293814  0.905892791  0.703932036  0.267171121
  1.89381924E-05  0.610303628
  0.969154889  0.382429101  0.924051755  0.725567515  0.282354021
  2.17471693E-05  0.619947132
  0.974988385  0.403373807  0.939342867  0.746835834  0.29846217
  2.54355904E-05  0.630718557
  0.979974472  0.425432393  0.952156787  0.766169547  0.317302497
  2.99757305E-05  0.643651791
  0.984651014  0.449197579  0.962720754  0.785867642  0.337869024
  3.66740175E-05  0.657189327
  0.989048241  0.474644628  0.971211594  0.806415796  0.360060388
  4.58350857E-05  0.671111565
  0.992545746  0.500682883  0.977972695  0.827686841  0.384283091
  5.91175001E-05  0.68524335
  0.995228448  0.523508421  0.983613965  0.849383019  0.410993073
  8.00464932E-05  0.700891881
  0.996680786  0.547682826  0.988273075  0.870545554  0.441461553
  0.000114424038  0.716397272
  0.997579928  0.574435225  0.991912524  0.892355802  0.477735019
  0.000152652345  0.734573413
  0.998247325  0.609487332  0.994748209  0.91379295  0.520224077
  0.000189745784  0.755344333
  0.998833693  0.654433107  0.996871032  0.935723286  0.572585405  0.145878266
  0.778046436
  0.999209646  0.705683163  0.998366059  0.957497041  0.642465509  0.332479095
  0.805544743
  0.99963481  0.813995443  0.999337351  0.979451885  0.774982037  0.666239548
  0.859845414
  1.  1.  1.  1.  1.  1.  1.
