  143376.472  5.3032326E+10
  0.000364328119  0.0105546211  0.00114189727  0.0229125372  0.00261277322
  2.80895495E-07  0.126949714
  0.000673144528  0.0201572902  0.00267289097  0.0464193679  0.00575808567
  4.82666018E-07  0.192026027
  0.000944675456  0.0274849205  0.00435282523  0.0697050407  0.00912721079
  6.30984828E-07  0.222847769
  0.00146593805  0.0350472341  0.00624503856  0.0931712098  0.0128602514
  7.59698302E-07  0.245286514
  0.00212537056  0.0422806968  0.00853532135  0.115376794  0.0168217707
  8.93283822E-07  0.265778194
  0.00314456687  0.0484815362  0.0115630789  0.138037098  0.0200077781
  1.02428025E-06  0.285939809
  0.00446149074  0.0529413759  0.0160288908  0.160407859  0.0234378565
  1.15835261E-06  0.303759853
  0.00611818066  0.0592997082  0.0216967805  0.183151009  0.027144548
  1.29670356E-06  0.319099066
  0.00936050331  0.0661669932  0.0279036522  0.205545566  0.0313793915
  1.43782207E-06  0.332257052
  0.0138252865  0.0727093437  0.0356675676  0.226730441  0.0355763957
  1.59296628E-06  0.346025985
  0.018951894  0.0794857345  0.0448414183  0.246998464  0.0389469221
  1.75247617E-06  0.360137509
  0.0255191293  0.0890936976  0.0569801629  0.267333625  0.0429049546
  1.91927219E-06  0.374140391
  0.0335309958  0.0992501303  0.0706133963  0.2884993  0.0467466495
  2.09561754E-06  0.38650983
  0.0429076472  0.109657014  0.0877780048  0.311232352  0.050307625
  2.2803169E-06  0.397566888
  0.0539381377  0.117759205  0.108741424  0.33312597  0.0552913519
  2.47587587E-06  0.405484962
  0.0673053583  0.124602184  0.133362313  0.353631354  0.0619589742
  2.6878875E-06  0.413450372
  0.0832445769  0.131408377  0.161261063  0.374170333  0.0686920958
  2.91478445E-06  0.421430093
  0.101896121  0.138324077  0.194807555  0.395947872  0.0754681295
  3.15513613E-06  0.429355232
  0.123722063  0.145335615  0.234779938  0.41916518  0.0827823319
  3.4117041E-06  0.438941543
  0.147543119  0.15676817  0.28295149  0.442529182  0.0900475946
  3.68878007E-06  0.449178329
  0.179055821  0.169095066  0.339862806  0.461849872  0.0975667924
  3.98509663E-06  0.45946517
  0.215898338  0.181869694  0.405430746  0.476565323  0.105832352
  4.31211434E-06  0.470497015
  0.259044694  0.194458727  0.477094739  0.489795726  0.114286727
  4.66933486E-06  0.482141983
  0.313326879  0.207569336  0.549082584  0.502253354  0.122960029
  5.05301252E-06  0.493921555
  0.375857672  0.22023459  0.616837665  0.513500855  0.132123633
  5.48526542E-06  0.504772308
  0.445117594  0.233326507  0.676755784  0.531267877  0.142273985
  5.97306727E-06  0.516001829
  0.518031412  0.246865472  0.729215458  0.552322061  0.153109938
  6.52213877E-06  0.527855458
  0.588438363  0.260978959  0.775392031  0.575356267  0.164299554
  7.16231492E-06  0.540376133
  0.65331729  0.27582699  0.813380638  0.598843189  0.174829614  7.90565063E-06
  0.552560064
  0.710734502  0.290564445  0.846186759  0.621991121  0.183188115
  8.74388608E-06  0.565040866
  0.759347983  0.305508725  0.872121737  0.640673786  0.191446164
  9.67486049E-06  0.576356011
  0.801192768  0.320932354  0.894051252  0.656860565  0.199656274
  1.07275903E-05  0.583117195
  0.836051463  0.336738139  0.913395804  0.673362232  0.207969587
  1.19372566E-05  0.59141036
  0.866290081  0.35135179  0.930331303  0.690126722  0.218575108
  1.33672924E-05  0.600457453
  0.890187002  0.367690512  0.944198637  0.710763597  0.232549262
  1.50593754E-05  0.608614342
  0.909620246  0.38445002  0.955819682  0.733644842  0.24779035  1.70344267E-05
  0.616171728
  0.926248836  0.403324628  0.965180709  0.756146658  0.264248841
  1.93247145E-05  0.628653822
  0.940310917  0.42309308  0.972866417  0.781892522  0.281685677
  2.23886391E-05  0.640658745
  0.952954899  0.443485145  0.978917661  0.797172198  0.299886374
  2.63642214E-05  0.64995544
  0.963927327  0.46586321  0.982579146  0.810819352  0.319270469
  3.15020808E-05  0.659422336
  0.972911944  0.490876972  0.985826501  0.827054402  0.339606534
  3.8607721E-05  0.669068646
  0.980098008  0.518717323  0.988686114  0.84354001  0.361720682
  4.97963842E-05  0.679988271
  0.985634317  0.548109007  0.991124333  0.858103293  0.386805309
  6.57609771E-05  0.695931195
  0.989764394  0.57801935  0.993678713  0.875865237  0.416845926
  7.31404506E-05  0.713336368
  0.992436071  0.607887304  0.996287632  0.901531798  0.449896123
  7.5019276E-05  0.732627595
  0.994605522  0.643979535  0.998066133  0.921601248  0.491669503
  0.000161798748  0.753942404
  0.996452234  0.688576384  0.998783768  0.941260055  0.546151984
  0.000767416148  0.778057009
  0.998027456  0.749581468  0.999140391  0.960725209  0.625171918
  0.00160642528  0.809815091
  0.999250445  0.845686317  0.999613766  0.979683915  0.774639943
  0.00356202223  0.864881389
  1.  1.  1.  1.  1.  1.  1.
