  55878.1366  1.24522864E+11
  0.000138200796  0.00770251182  0.000594166721  0.0189918532  0.00321671622
  2.43326772E-07  0.129752308
  0.000386376869  0.0149299885  0.00134597401  0.0387927839  0.00649412094
  4.53697019E-07  0.182816286
  0.000853962036  0.021489433  0.00259260543  0.0596928794  0.0102378634
  5.60735236E-07  0.209584832
  0.00174397467  0.0278991229  0.00421833569  0.0804443691  0.014034659
  6.89598201E-07  0.231583897
  0.003053523  0.0345324605  0.00653459878  0.101015714  0.0179824466
  8.05966753E-07  0.251734718
  0.00483194816  0.0412713061  0.0100789197  0.121022755  0.021953918
  9.27539934E-07  0.270332244
  0.0072578825  0.048340564  0.0143986768  0.140925511  0.0261346282
  1.05254305E-06  0.287177095
  0.0105247456  0.0553982285  0.0198524161  0.161779898  0.0304493315
  1.17908634E-06  0.302584632
  0.014963331  0.0626463887  0.0264848124  0.182580341  0.0350874612
  1.31093254E-06  0.316939382
  0.0209403568  0.0705844321  0.0351629968  0.202890336  0.0399815922
  1.44527876E-06  0.330854779
  0.0287315702  0.0790315958  0.045566618  0.223139298  0.0451304336
  1.58649895E-06  0.344450059
  0.0387264712  0.0877590221  0.0586061317  0.243182113  0.0506892351
  1.73362386E-06  0.357406081
  0.051291871  0.0962427876  0.0746167989  0.265504423  0.0563779493
  1.89039609E-06  0.369727361
  0.0663802357  0.105331228  0.0932649576  0.286324965  0.0623789834
  2.05813769E-06  0.382035467
  0.0846568066  0.113223857  0.11548276  0.306255129  0.0687844276
  2.23734189E-06  0.393926346
  0.107152624  0.121879983  0.140891042  0.326384555  0.0752127136
  2.43006871E-06  0.404925691
  0.133416171  0.130537114  0.169825623  0.346230099  0.0818625789
  2.63387974E-06  0.416492876
  0.164012337  0.13996922  0.20262602  0.366042965  0.0888821193  2.8499488E-06
  0.427162138
  0.19964234  0.149471318  0.238164523  0.38580914  0.0959858603
  3.08154372E-06  0.436896167
  0.239409961  0.160018671  0.277802764  0.405634713  0.103671826
  3.32748727E-06  0.4487333
  0.28362134  0.170576337  0.321260205  0.425945423  0.11145143  3.59235552E-06
  0.459709021
  0.331438255  0.180717388  0.367359126  0.446222917  0.11915231
  3.88481949E-06  0.470049802
  0.381508591  0.191664493  0.416179216  0.464864046  0.127112459
  4.20448241E-06  0.480904204
  0.433589611  0.202679006  0.466256421  0.48252812  0.135204365
  4.54801849E-06  0.491612832
  0.488424476  0.214248148  0.516589831  0.499617978  0.144156818
  4.91619721E-06  0.501611908
  0.544271592  0.226704918  0.565856297  0.518616673  0.154023137
  5.32163351E-06  0.511518646
  0.598749471  0.23859922  0.613554456  0.538244209  0.163978129
  5.75943809E-06  0.52185018
  0.649437808  0.250409738  0.659011481  0.558514899  0.174026157
  6.23903768E-06  0.532233143
  0.696774429  0.262975156  0.702157123  0.578618802  0.183830209
  6.77967407E-06  0.542580186
  0.741639767  0.276527379  0.741924669  0.598675606  0.194355218
  7.39499811E-06  0.552706545
  0.783145146  0.290644097  0.7794051  0.618690403  0.205256125  8.06904548E-06
  0.562416069
  0.820277776  0.304882902  0.81428382  0.638415672  0.216884438
  8.82344055E-06  0.572564592
  0.853862332  0.319391169  0.845359502  0.658278064  0.230033596
  9.69356395E-06  0.58320605
  0.882841325  0.334734459  0.872350619  0.677849214  0.243738658
  1.07477178E-05  0.594626608
  0.906835255  0.351560858  0.895600978  0.696204833  0.257601909
  1.19788066E-05  0.606545693
  0.926701091  0.368954735  0.915512253  0.714166899  0.272582894
  1.33906658E-05  0.618668598
  0.943615902  0.386256236  0.932638031  0.733731089  0.28871534
  1.50337387E-05  0.630645204
  0.957292924  0.405546845  0.947240431  0.753364768  0.306448372
  1.69942299E-05  0.642804007
  0.967956791  0.425744134  0.959256899  0.773185103  0.325643444
  1.94152439E-05  0.655847018
  0.976421049  0.447045639  0.968999678  0.794269399  0.346025757
  2.24774251E-05  0.669265254
  0.982925114  0.470487596  0.976929743  0.815414076  0.36847238
  2.64245889E-05  0.682979198
  0.98781828  0.495908779  0.983458554  0.836140839  0.391424913
  3.15026152E-05  0.697543453
  0.991702728  0.521985196  0.988495538  0.856859795  0.417080885
  3.87072742E-05  0.712723756
  0.994468198  0.549476838  0.992095957  0.877420148  0.445536699
  4.9857641E-05  0.728872852
  0.996425946  0.582596479  0.994819296  0.897769082  0.477747203
  6.90024399E-05  0.746313902
  0.997881627  0.619024836  0.996926762  0.916876464  0.512014645
  8.3859256E-05  0.76716638
  0.998818628  0.660051097  0.998272063  0.937840005  0.558010305
  0.000118877956  0.790436243
  0.999424176  0.714253425  0.999113049  0.958776625  0.620938465
  0.000265868289  0.821140978
  0.999758106  0.81510098  0.999598269  0.978421629  0.733952065
  0.000502980507  0.892875321
  1.  1.  1.  1.  1.  1.  1.
