  2771.10933  2.64214759E+09
  0.000151407287  0.0122023096  0.000396968908  0.0268373416  0.00167271481
  1.70795489E-07  0.128407162
  0.000387705227  0.0239608145  0.000969937511  0.0407612896  0.00337208582
  3.03415789E-07  0.190611943
  0.000806559536  0.0330539562  0.00180210203  0.0667813491  0.00569046623
  3.76375818E-07  0.212203316
  0.00143388539  0.0427668361  0.00321452403  0.0852409099  0.00817058858
  4.63146566E-07  0.235862862
  0.00235356155  0.0521484827  0.0050465764  0.107055217  0.0109337479
  5.4664108E-07  0.254867963
  0.00371906507  0.0632571893  0.00778685725  0.126226694  0.0138923989
  6.29967249E-07  0.271972548
  0.00567113969  0.073595246  0.0115709215  0.14598549  0.0169379609
  7.17076937E-07  0.287657216
  0.00846675488  0.0848524577  0.0168962415  0.164608512  0.0202540073
  8.06328493E-07  0.301865792
  0.0123133994  0.0948353987  0.0241290988  0.18290055  0.0236271744
  8.99654717E-07  0.315869421
  0.0176397708  0.105911545  0.033805214  0.200970913  0.0273657528
  9.98695659E-07  0.329656977
  0.0249338528  0.117307821  0.0462143511  0.219669744  0.0309587807
  1.1044103E-06  0.343082181
  0.0345967428  0.128970344  0.0614213162  0.237855809  0.0348818689
  1.21706076E-06  0.35582466
  0.0470630869  0.141299813  0.079348042  0.255850784  0.0387188121
  1.33718624E-06  0.368381854
  0.0627441463  0.153548361  0.100071696  0.274213114  0.0430128421
  1.46607786E-06  0.380238258
  0.0816229642  0.165946002  0.12379524  0.293166303  0.0473468561
  1.60535047E-06  0.391863901
  0.104254247  0.178070687  0.149718971  0.312249549  0.0521572846
  1.75589125E-06  0.403216068
  0.131005999  0.190295815  0.179210363  0.330881823  0.0573301266
  1.91734329E-06  0.41445694
  0.161693657  0.202747051  0.211366726  0.350204021  0.0627647244
  2.09023392E-06  0.425374604
  0.197582905  0.215524876  0.246330421  0.37012085  0.0684121109
  2.27737638E-06  0.435976465
  0.237998093  0.228307412  0.283815069  0.390404661  0.0741078134
  2.48297339E-06  0.446656341
  0.282934296  0.24083436  0.323525496  0.41175379  0.0801996344
  2.70966837E-06  0.458163067
  0.331591455  0.254253324  0.365610868  0.433060565  0.086426673
  2.95791874E-06  0.46852895
  0.382711208  0.267675482  0.409401035  0.454977032  0.0928694483
  3.22922157E-06  0.479363369
  0.436436698  0.28203936  0.454721619  0.476006109  0.0994892739
  3.5279455E-06  0.489781367
  0.492683155  0.296106898  0.501706752  0.498260743  0.106671599
  3.85521722E-06  0.500665828
  0.55007062  0.310549699  0.547908473  0.519751145  0.114685605
  4.21504968E-06  0.511457728
  0.606123536  0.325414777  0.593423941  0.54172221  0.122801694
  4.61332912E-06  0.522182065
  0.658727825  0.340024215  0.637787615  0.56245252  0.131775055
  5.05542185E-06  0.532835993
  0.708193653  0.355720958  0.680271598  0.583512541  0.140640322
  5.55003707E-06  0.543618333
  0.753276912  0.370736274  0.720795799  0.604830793  0.149990577
  6.11037511E-06  0.55443591
  0.794611273  0.387415954  0.758656311  0.624325892  0.159645096
  6.74460561E-06  0.565374699
  0.831008353  0.403809741  0.793795354  0.643664002  0.170057455
  7.4712287E-06  0.576231536
  0.862921051  0.421270455  0.825455244  0.662055607  0.181188264
  8.30109452E-06  0.587435377
  0.890398882  0.438882799  0.854105863  0.681558446  0.1922923  9.2595946E-06
  0.598540175
  0.914190776  0.457068118  0.880167624  0.700839564  0.204306085
  1.03834609E-05  0.609736601
  0.934304634  0.476306634  0.903416823  0.719631816  0.217240407
  1.16982552E-05  0.621179753
  0.950449477  0.495630705  0.923689514  0.738159196  0.23102612  1.3226707E-05
  0.633063652
  0.963235911  0.515344714  0.941240483  0.756223691  0.246108072
  1.50352195E-05  0.645378127
  0.973256838  0.535819271  0.956057666  0.774388636  0.262525268
  1.72496003E-05  0.65810688
  0.980961141  0.557239692  0.967970367  0.791994638  0.28066879
  1.99979138E-05  0.671994887
  0.9867178  0.58029694  0.977113316  0.811097338  0.30081114  2.33849928E-05
  0.685454564
  0.990913121  0.60342078  0.983903523  0.830297333  0.322853723
  2.76154978E-05  0.700543442
  0.993839655  0.627814248  0.988862554  0.850561409  0.347563804
  3.29657001E-05  0.715211996
  0.995936715  0.654044731  0.992530311  0.869959677  0.375454204
  3.98113025E-05  0.731530979
  0.997398211  0.68374807  0.995161558  0.891193304  0.408173324
  4.99985449E-05  0.748969002
  0.998419585  0.716509406  0.996987667  0.912265923  0.449605153
  6.36868376E-05  0.766956218
  0.999098068  0.754766009  0.998239504  0.934588802  0.499575872
  8.94087539E-05  0.79317828
  0.999566241  0.793500434  0.999123522  0.956133101  0.564580598
  0.000134162506  0.810703512
  0.999813613  0.86744635  0.999641442  0.978957594  0.702022042
  0.000268866539  0.887308482
  1.  1.  1.  1.  1.  1.  1.
